pose_0_x,pose_0_y,pose_1_x,pose_1_y,pose_2_x,pose_2_y,pose_3_x,pose_3_y,pose_4_x,pose_4_y,pose_5_x,pose_5_y,pose_6_x,pose_6_y,pose_7_x,pose_7_y,pose_8_x,pose_8_y,pose_9_x,pose_9_y,pose_10_x,pose_10_y,pose_11_x,pose_11_y,pose_12_x,pose_12_y,pose_13_x,pose_13_y,pose_15_x,pose_15_y,pose_17_x,pose_17_y,pose_19_x,pose_19_y,pose_21_x,pose_21_y,pose_14_x,pose_14_y,pose_16_x,pose_16_y,pose_18_x,pose_18_y,pose_20_x,pose_20_y,pose_22_x,pose_22_y,right_hand_0_x,right_hand_0_y,right_hand_1_x,right_hand_1_y,right_hand_2_x,right_hand_2_y,right_hand_3_x,right_hand_3_y,right_hand_4_x,right_hand_4_y,right_hand_5_x,right_hand_5_y,right_hand_6_x,right_hand_6_y,right_hand_7_x,right_hand_7_y,right_hand_8_x,right_hand_8_y,right_hand_9_x,right_hand_9_y,right_hand_10_x,right_hand_10_y,right_hand_11_x,right_hand_11_y,right_hand_12_x,right_hand_12_y,right_hand_13_x,right_hand_13_y,right_hand_14_x,right_hand_14_y,right_hand_15_x,right_hand_15_y,right_hand_16_x,right_hand_16_y,right_hand_17_x,right_hand_17_y,right_hand_18_x,right_hand_18_y,right_hand_19_x,right_hand_19_y,right_hand_20_x,right_hand_20_y,left_hand_0_x,left_hand_0_y,left_hand_1_x,left_hand_1_y,left_hand_2_x,left_hand_2_y,left_hand_3_x,left_hand_3_y,left_hand_4_x,left_hand_4_y,left_hand_5_x,left_hand_5_y,left_hand_6_x,left_hand_6_y,left_hand_7_x,left_hand_7_y,left_hand_8_x,left_hand_8_y,left_hand_9_x,left_hand_9_y,left_hand_10_x,left_hand_10_y,left_hand_11_x,left_hand_11_y,left_hand_12_x,left_hand_12_y,left_hand_13_x,left_hand_13_y,left_hand_14_x,left_hand_14_y,left_hand_15_x,left_hand_15_y,left_hand_16_x,left_hand_16_y,left_hand_17_x,left_hand_17_y,left_hand_18_x,left_hand_18_y,left_hand_19_x,left_hand_19_y,left_hand_20_x,left_hand_20_y
-0.05790907289504246,-0.3799904550128618,0.007635994500022288,-0.40124651980168485,0.04360115149827624,-0.3961125860161654,0.08222436450333809,-0.39055924394115354,-0.08354784441514866,-0.40436781192231563,-0.109605583539485,-0.40159734474604897,-0.13741530596228818,-0.3989971769695144,0.16071685720975915,-0.3411200601569494,-0.16499339556106848,-0.35307060578410854,0.01566234925699618,-0.3085683320603535,-0.10998467423538782,-0.318814383855606,0.49998248476607193,-0.004185083887412261,-0.4999824847660718,0.004185083887412261,0.7154540647332529,0.3749150147761695,-0.687157497273132,0.32828277141837486,0.6681583176784525,0.8266542839839401,-0.7071995447095017,0.8352964672131006,0.6585471158822617,0.9937552182885924,-0.6917919742211447,0.977034107891355,0.5697511235755158,0.9664792265201271,-0.6049134543824236,0.9638312003854612,0.5478375488046284,0.9148266959338,-0.5859340398640454,0.9164831950589766,0.6574380176971759,0.8632229781457949,0.5505663429792518,0.8818951006413244,0.4852668653261246,0.9269120903250384,0.4680783574362978,0.978690879713729,0.45114991633990975,1.0200451369915151,0.5272114780391262,0.9960911424809149,0.49110241741516925,1.0537259678336528,0.4760325870025581,1.0847793611795231,0.46720453301034315,1.103180968055302,0.5942005229602948,1.006841956788424,0.5720788947546562,1.0672754734773522,0.5597881380967333,1.0883808730646507,0.5490974857299088,1.089876889889199,0.6622289681659076,1.0039269600975727,0.6462669352739386,1.0580169945822275,0.6351813281368116,1.068828620364741,0.6244464644151024,1.062208077807981,0.7289770178584897,0.9897805202889197,0.7283922143289766,1.0343280617474313,0.7160676489879064,1.048331199178888,0.7002441450079093,1.0502325803872663,-0.7131189249949649,0.8617685476438391,-0.6083500636798566,0.8785726943376633,-0.5469503742832771,0.9319843945439615,-0.5180132623109162,0.9871643997263413,-0.4795021380938264,1.0220396442927813,-0.6300807248060252,0.9908335405164066,-0.5851223714017225,1.0544672951645924,-0.5443364429424226,1.0747667381851844,-0.512781151871581,1.0818958610149634,-0.6944950217832176,0.9981546421731055,-0.6485669659951123,1.0627392919483785,-0.6038973734204579,1.0661927292553564,-0.5808668984606816,1.0565775624261249,-0.7418399214619781,0.9901185284650093,-0.7012616996817045,1.0473794859602088,-0.6586344116359258,1.0531077632873074,-0.6401726167254222,1.0468683150638152,-0.7787885643840868,0.9747799928582314,-0.7492690761722851,1.0193733474458944,-0.7122245552923284,1.0282778653788855,-0.6919760148219682,1.0233622256998283
-0.05160616341958034,-0.432567857964129,0.020812358494715782,-0.4569494410242888,0.05833024526431361,-0.45147808491289027,0.0942766141752155,-0.4456123646740959,-0.0801845194129428,-0.4608083695726345,-0.10697342484608684,-0.45770304634264297,-0.13523054460539394,-0.4547392400684386,0.16565231953269827,-0.39176916891040603,-0.1639731223273841,-0.40607707612209093,0.026161490913504632,-0.35322385354629504,-0.10751980100486473,-0.3635411496760497,0.4999166391252687,-0.009129837112226103,-0.49991663912526896,0.009129837112226103,0.7055297937913843,0.45040894272772886,-0.6757331596764005,0.47226664853159384,0.6628130966868826,0.9184830897416748,-0.6914792263627878,0.9221106625584373,0.655145984006545,1.0991047458653973,-0.6829579719329787,1.0828118041984838,0.5661012561727047,1.068855885766017,-0.5945176212446206,1.065649332537601,0.5440613960266767,1.014205356083909,-0.5743865598429915,1.012472675180642,0.6509064207594449,0.95182990674708,0.5481657380385012,0.9791940536280391,0.4840506236527679,1.0278004005835075,0.46835500752878007,1.0822404204714422,0.45174579006392157,1.127457195221598,0.5261368603278255,1.0960433927547515,0.4955548962848743,1.1565008639668912,0.480398620697017,1.1952181108512072,0.4698293994748291,1.2206407377473782,0.5945668706031536,1.1075313648340288,0.5723953928334502,1.171691287166342,0.5601868715343762,1.199663421569722,0.5502421047222988,1.203726594739795,0.6605870943214095,1.1042690705562177,0.6457755642432836,1.1650479261294473,0.6340461516864544,1.1820021662406828,0.6206743502427967,1.1749537333271214,0.7247643281071043,1.0894866050098329,0.7293688857291164,1.1374849644428804,0.7196458268307141,1.1573822408323942,0.7027927649809235,1.1621840208776941,-0.7031567297525219,0.9457851164885669,-0.6022384448978533,0.9698532510727347,-0.5413184469971591,1.0301365125201438,-0.5118432207167826,1.0895412828784492,-0.4720982161781212,1.127694892067111,-0.6252735024474089,1.094010742988936,-0.5782593269093791,1.1640439797084627,-0.5382014945637291,1.186587664939011,-0.5080384074691373,1.1949842110799036,-0.6887613310139173,1.1023807096103624,-0.6412565494966331,1.1728809864576542,-0.5949578624617515,1.1754898802054992,-0.5694872782722668,1.1637496305157442,-0.7355890625517864,1.094025475636869,-0.6933845072958628,1.1553322764081837,-0.6487022974644006,1.1593981834716878,-0.6265333937029828,1.151157013607447,-0.7734289577579253,1.0778121206453861,-0.7413546695112014,1.1266737828706994,-0.7042429612490871,1.1350953897013747,-0.6832644505195294,1.1295562178445948
-0.05032863634529182,-0.43249275229670303,0.024389919869416674,-0.4595447137769936,0.06345281861334978,-0.45356246528327937,0.09960615531859333,-0.4474568204188463,-0.07869446983067374,-0.46420546839672433,-0.10588940914464381,-0.46118114240050234,-0.13451961600152557,-0.4582116550364129,0.17153300062201748,-0.39406126443418676,-0.1626291211451651,-0.409790390054787,0.02747767075869325,-0.34959987024534483,-0.11026770262661956,-0.3591890721322189,0.49985511546862005,-0.012035927045823071,-0.4998551154686203,0.012035927045823071,0.704626284911988,0.43972510239968765,-0.6726584177308087,0.4702706362280671,0.6621579421887789,0.9167136411355709,-0.6880438524586924,0.9152921451798348,0.6550536674003462,1.0918661913084138,-0.6826981869410856,1.0736511484809517,0.5660374671834792,1.0616912623226895,-0.5915607520163435,1.0551850044323392,0.5440519413937757,1.0103397776122505,-0.5706175710927771,1.002218368941183,0.6510248192002852,0.9447113517064797,0.5512893871003223,0.9684163047362763,0.48726053579779116,1.0144535442768774,0.4706030449285659,1.0692749424906673,0.45219516098911855,1.1143915279452925,0.5274928737609459,1.0862317580672955,0.49450089140871795,1.1456396463162948,0.47940550567922013,1.1832965148788865,0.46793380675752666,1.2082661956727676,0.5946382326548656,1.0975245101563604,0.573573092503592,1.160546834947494,0.5591074443161779,1.1886763698801388,0.5457170913827375,1.1944733159525254,0.6602468196942518,1.0936343309126133,0.6475457717572701,1.1512585085605567,0.6358036228990471,1.1733145988455684,0.6209613988506424,1.1726731644799204,0.7246279405976549,1.0775812378525638,0.7289488062608296,1.1223309222453395,0.7190173026105875,1.1445354661120306,0.701181300467308,1.1530490220243168,-0.7052015045396512,0.9355439651009512,-0.6027653388330025,0.9602678357891186,-0.5419193238246481,1.0200258447052968,-0.5132776485210907,1.0785123229946862,-0.47414234450933973,1.1164317820576621,-0.6263353075578239,1.0836642065079827,-0.5781417279662142,1.1529489443552008,-0.5376033365305818,1.1750106281051027,-0.5077947895704913,1.1842011444438256,-0.6892421339654488,1.0917664159887515,-0.6401809749413708,1.1626135446370471,-0.5942776612679673,1.1632548278279682,-0.5703549950151592,1.1502054254139378,-0.7358378337105371,1.0831632134634959,-0.6922422453816222,1.1448045571256658,-0.6484782249403368,1.1471745233171016,-0.6279470522428634,1.138071083620993,-0.7733694380670061,1.0665674031343735,-0.7403179738458263,1.1156057633506387,-0.7029868961353349,1.1231859664999009,-0.6822116338116013,1.1167305033177424
-0.05066391129980449,-0.39816433667771356,0.026989420248843585,-0.42485114399755286,0.06677542611313617,-0.4191601386184234,0.10248772861012866,-0.4135999371737324,-0.07796461362786312,-0.4301889682360944,-0.10606740825088418,-0.42754116144208015,-0.1345758764769341,-0.4248549653936541,0.17353596721955503,-0.3650229108734098,-0.15793235849941162,-0.37996576162444523,0.027960157590439075,-0.3220750113823202,-0.1112576995031584,-0.3307263015687715,0.4998855558599961,-0.010697244623857259,-0.4998855558599962,0.010697244623857259,0.7068385647779942,0.4062622256030789,-0.674681005077971,0.4195793352531275,0.6612694391895736,0.856566987857519,-0.6895449064594267,0.8491923244383267,0.6550422551200934,1.01622589861114,-0.6875368478325189,0.9960897354998144,0.5660086392813161,0.9880339520489225,-0.5931003348671294,0.9781037913397033,0.5439207656279224,0.9417527083384607,-0.5714286751321795,0.9287372435696528,0.6510763543283342,0.8785483594055552,0.5533638599159232,0.8996217111460447,0.4883268574504105,0.9426894762634666,0.4728389351189637,0.9934178433927582,0.45504996766953265,1.0353393299145217,0.5304253913779359,1.008637938183874,0.4981437473143331,1.0620554462906973,0.4831077731413938,1.097064202558683,0.4716469368472835,1.1205487500630271,0.5971299917131033,1.019613548725566,0.5756923612578054,1.0770619636043004,0.5609878500118873,1.1019693325707867,0.5481252374612601,1.1060253413574548,0.6620744450676589,1.0163744071788918,0.6506129232245782,1.0706037340758137,0.6395940946289097,1.0878353556807443,0.6261587059138028,1.0828826860987937,0.7260173113769661,1.001770924448592,0.7325416809249644,1.0434681756541753,0.7234218229763438,1.0626470965714756,0.7069458531918076,1.0676470252538344,-0.7083883339184212,0.8680683383619127,-0.605279369400992,0.8908316587048339,-0.5437676311267367,0.9465945924921546,-0.5149028488235013,1.0010916274682435,-0.47544839157985086,1.0358917144738926,-0.6256794214901141,1.006541429130156,-0.5789787973266203,1.070208692871511,-0.5394780655274912,1.0906829618910987,-0.5103502038069978,1.099734131379669,-0.6893284443721324,1.0135339529392224,-0.6397947033962714,1.0790171160609519,-0.5947562784042935,1.0796056811779053,-0.571700923766912,1.0679807838857975,-0.7367593924227862,1.005122253770716,-0.6933399341703997,1.0629797333256843,-0.6500047555945194,1.0657309982838712,-0.6295621137756328,1.0579286189707766,-0.7749709065369191,0.9897302312137235,-0.7411868819054442,1.0354673642132537,-0.7045661413295096,1.0425831543405957,-0.6843459601514053,1.0370154152797417
-0.03407494448897847,-0.39503871103638777,0.041901314120832325,-0.421855377714654,0.07921896685533782,-0.4160398477309814,0.1128327979832238,-0.41035965230005067,-0.06586335129530518,-0.42732809026993596,-0.09817574471309352,-0.4247020233159488,-0.1279872656662964,-0.42198769016624377,0.17582022308934778,-0.3624715416544112,-0.15720116930310607,-0.3766886517880744,0.04318380842488802,-0.3202804390484106,-0.10153464203956897,-0.32851319837542237,0.49990041354687687,-0.009978804320228152,-0.499900413546877,0.009978804320228152,0.7077848371481588,0.40007697049846064,-0.6750837181810528,0.40637516824659636,0.6604703804633261,0.8495290643565686,-0.6898126021039569,0.8388750114812199,0.6550902817139371,1.0092788596750393,-0.6913953622512895,0.9858415273471174,0.5659148406482837,0.9815009564096392,-0.593516926152928,0.9669385972719458,0.5437063114258276,0.9359612962535326,-0.5715349463520477,0.9164332428182115,0.6539080760301023,0.8659408104521619,0.5525095950787565,0.8868188746825962,0.4897050895585737,0.9307706464724458,0.4741034374894396,0.9816474067367336,0.45560421574684595,1.0228641422471465,0.5313613822940206,0.9964212434814835,0.49742765618266077,1.0525763291970638,0.4821297843443496,1.0884374846244342,0.47078808428182933,1.111150763200469,0.5993337518425093,1.0071426857388444,0.57760712229773,1.067330435442338,0.5625933158332751,1.093028855220741,0.548529422607528,1.0969011741636194,0.6648369641310979,1.003311773055429,0.6515906374520747,1.0578039389278726,0.637938699020158,1.0787528662198043,0.6209602642006065,1.0784196708835876,0.7279942798742117,0.9883691154877001,0.7338060482743977,1.0309825480455066,0.7236705545911494,1.0517229156211492,0.7049270400557103,1.0593773767874715,-0.7114702296493536,0.8565506211206944,-0.6075929911599326,0.8798041263302615,-0.5464225044151952,0.9350122870181866,-0.5168480760462068,0.989764145168941,-0.4771805837948331,1.0252694568698515,-0.630217503864382,0.9940202362213401,-0.5842091993119647,1.0588864764026285,-0.5437578272042489,1.0785644538445291,-0.5134916645060446,1.0858195808172373,-0.6938946918140254,1.0018254550773182,-0.6443514276907448,1.0670260021722584,-0.5974111247044286,1.0679552809081287,-0.5730152749599237,1.0564012671517646,-0.7403341945750078,0.9942331033001908,-0.6956759719993335,1.0516621957037486,-0.6502916855282908,1.0540769587346535,-0.6283295920179158,1.0455489366514028,-0.7775475300011297,0.9796158600266318,-0.743725321406785,1.024623213538432,-0.7054912278320301,1.0317424501696806,-0.6837767700685082,1.0261708072226612
-0.03254493201435855,-0.39076312222998155,0.04310793351316702,-0.41987463482705945,0.0807725103832887,-0.41353969478235564,0.11473879563392637,-0.40760338009950287,-0.06430617679329773,-0.42640576709639205,-0.09678426086850561,-0.423897644317531,-0.12650043802884803,-0.4212026044824815,0.17795691736642788,-0.36087039219293643,-0.15557629581302493,-0.3762187961111376,0.04503548228355161,-0.31626245226459393,-0.10163463092712716,-0.3253819426918229,0.49987519412753284,-0.011170957701172091,-0.49987519412753284,0.011170957701172091,0.7085682974774237,0.3933410673734952,-0.6722208218718969,0.4224526834111133,0.659383278586934,0.8464915930264131,-0.6860303564462246,0.8306872576870755,0.6554627881837944,1.0028730017401561,-0.6893451925376747,0.9764460125232047,0.5663391641935391,0.9764007745269458,-0.5913681966729297,0.9577145857369106,0.5441411975724632,0.933613905309283,-0.5687028080343105,0.9077879745914051,0.6561211676305884,0.8579876988256957,0.55633696640448,0.8786930469609434,0.49272751461077974,0.9219168490205212,0.4767858645892817,0.9722021919595306,0.45911027660195514,1.0137668077538826,0.5323578146185858,0.9880178367979329,0.4999571919837508,1.0419966966266139,0.48520014564707176,1.0769557374428504,0.47413985026034416,1.0995443930138138,0.5999124075279423,0.9982474166226878,0.5793009881541061,1.056823449900455,0.5653678576461891,1.0824569812135123,0.5528304025490131,1.0860404373683834,0.6655950869555793,0.9941519987540579,0.6539029458751138,1.0474276008299221,0.6418127984988096,1.0675494063975746,0.6267532673772929,1.0654270823535767,0.7300721068814565,0.9790503694846561,0.7356404289421201,1.0212614196950607,0.725573180661698,1.0418419495784357,0.7074134800702289,1.0483213270974752,-0.7077562790411608,0.8468888047008811,-0.6040663093652217,0.8707631572264941,-0.5438370865253414,0.9258120060032734,-0.5145886737535493,0.9804058543237782,-0.47519777667250895,1.0158512035997975,-0.6273741571988012,0.9832507450214353,-0.5816759302381141,1.0485200708554294,-0.5410465916313769,1.0685527796377674,-0.5108573433318732,1.0763648850770793,-0.6905916797820403,0.9907921120867955,-0.6422672104180801,1.0575913924710931,-0.5956320851962636,1.0594593907068555,-0.5707237384969016,1.0487101256080047,-0.7372635242943758,0.9833162573635784,-0.6942277454709705,1.0420037305833492,-0.6497986022411224,1.044670979393258,-0.6280448620018534,1.0365024868126873,-0.7745862437138351,0.9688054804599477,-0.7412846289772482,1.014381106642105,-0.7039252330636455,1.0206916691994956,-0.6830791183643924,1.014443860569842
-0.03193275568631138,-0.4322823610025148,0.044636620005068,-0.46578842443902546,0.0830720706758482,-0.4586864137632853,0.1174059510949064,-0.4519584547032952,-0.06412224454894737,-0.47306461532340816,-0.09652067939278124,-0.4703039966478457,-0.1262331059476037,-0.46723106934094,0.17872141452418652,-0.4003251098163384,-0.15639379949484863,-0.4169886046494663,0.04673566292511239,-0.3508992964498891,-0.10133670457611779,-0.35994726248557235,0.499854959440186,-0.012042405202039594,-0.4998549594401859,0.012042405202039594,0.708553491097752,0.43766199091447994,-0.6722990531463555,0.46791666496903156,0.6585508867389338,0.9416177109187063,-0.6857029977346297,0.921454249066088,0.6549171775130882,1.1127044240030934,-0.6917786026842295,1.082593116011406,0.5652006331914916,1.083426550723523,-0.5917505485214746,1.0619737883098295,0.5431119113560541,1.036785403300247,-0.5682851105363748,1.0070827077031976,0.654593918742832,0.951666180918431,0.5559282916311067,0.974317560079569,0.49334580441412007,1.0223611716762073,0.47727458993563965,1.078000202590539,0.4599426833658528,1.124293295444131,0.533405591901879,1.0957359991119908,0.501229964320551,1.1552447667951524,0.4857604321269945,1.1939236307036027,0.47421158902043725,1.2188514335573233,0.6011324968803503,1.1071805104854617,0.5802945417742952,1.1723783493906745,0.5660261495004999,1.2000704028602165,0.5536517900849347,1.2032457126514824,0.6670908050400824,1.1025001246507729,0.6550984009316702,1.162319786420124,0.642678692879727,1.1830762867706488,0.6276508392917987,1.1792704721503815,0.7313325389677123,1.085332745895365,0.7375586500520082,1.1320237464775675,0.7277843932067308,1.154733542530454,0.709947833321176,1.1618140674122395,-0.7054256330761823,0.9374191879790414,-0.6028022678971717,0.9650282038249727,-0.5437017003193616,1.0268719650162654,-0.5153021595694128,1.0869057201061605,-0.47659761180163535,1.1255354954746863,-0.628228221552701,1.0905298612515664,-0.58256616620297,1.1627288575861632,-0.5418524171532554,1.184220003873754,-0.5114826920613476,1.1923550912830185,-0.6915716246627235,1.0983404443564067,-0.6418424811376109,1.1721429996618766,-0.5951797610662951,1.1739799203521426,-0.5704638130422075,1.1619357947573488,-0.7379709803891877,1.089522705102208,-0.6944685468926248,1.1554356156980372,-0.6498432640466513,1.1585502147405489,-0.6279713600311791,1.1496312399304933,-0.7747309272910006,1.0728344366134173,-0.7415919406587685,1.1247682767681375,-0.7037757127832094,1.1320154885923464,-0.6824374680980941,1.1249811466982782
-0.029730516581096354,-0.4208593951389532,0.0487919905759163,-0.4543048593222182,0.08640722233786163,-0.4471025366470224,0.12068139783387417,-0.4401812076986978,-0.05878911607579334,-0.46209749183473803,-0.09220898601208728,-0.4599994053407659,-0.12247206668873212,-0.45745496254176765,0.1811768195568292,-0.3898595427600104,-0.15456142295870606,-0.40718050157571606,0.04740973186519944,-0.3414595255293881,-0.10013776132974953,-0.3505431681092554,0.49986686308874256,-0.011537728798174518,-0.4998668630887427,0.011537728798174518,0.7081234184374728,0.42402343653939906,-0.6692659640585576,0.4620062060419873,0.6566463211518209,0.9143353375142624,-0.6829991500741687,0.8968377540702377,0.6545983786686339,1.0802735811243243,-0.6898313744675026,1.0534071613350509,0.5642462371044864,1.051879982730595,-0.5895271921946356,1.0323434850165636,0.541621698402427,1.0069745090458337,-0.5659837093212929,0.979438164529956,0.6579414842432559,0.9214290167154312,0.5575154534912566,0.9441872784830607,0.4955814170686379,0.9922624803460736,0.47944225726430295,1.0465571587044333,0.4618243504651449,1.0909920794021324,0.5357273742857491,1.0622919153656472,0.5022143461919687,1.1220817308345303,0.487128360278045,1.1604720155780468,0.47580814985584574,1.185820771894356,0.6031520210133166,1.0735924720776888,0.5822331902433846,1.1377448266616954,0.5676127389533077,1.1649531964889603,0.5541827652358036,1.1697309818893493,0.6689283404520482,1.0694248444842203,0.6567250487606224,1.1276752900864233,0.6435843691197127,1.1489711950828858,0.6275210337368698,1.1478771036352426,0.7326445923311828,1.0535904762902002,0.7379574251073626,1.100310812633119,0.7274398605883469,1.1221322799705813,0.7089154762457633,1.129623661933327,-0.7009558759099046,0.9092689760165945,-0.5996007398310391,0.9366640802993887,-0.5421624597327315,0.9969454117794023,-0.5153367528304018,1.0559325367025827,-0.4764311396972956,1.092925881203939,-0.6268029218171067,1.0597794746299871,-0.5809404180120867,1.1289537372067229,-0.5411049310613559,1.1504146702649987,-0.5111478804822653,1.1591819718912415,-0.6903500203415385,1.0674104614125912,-0.6404427788995071,1.1377745614476078,-0.5943478493340121,1.1399654204736263,-0.569814123424582,1.128572983273116,-0.736776084036028,1.05896474149599,-0.6936368553150757,1.122093327401036,-0.6491291153291955,1.1262185829245797,-0.6266642519291525,1.1183457036585789,-0.7730778797040615,1.0427334139100406,-0.7412384537062812,1.0930183563881264,-0.7035016296287895,1.1009765744896953,-0.6811519544546396,1.0948827274648278
-0.02374269059045061,-0.39926827208506804,0.05385607036157697,-0.4311103455250656,0.091223478767577,-0.4241823033087519,0.12630048247831777,-0.41753414532977606,-0.05387347102289976,-0.43893561704206335,-0.08866899344754074,-0.4372225549644584,-0.11969735799321092,-0.43506103680116803,0.1822065895762966,-0.3697729555639551,-0.15497361633556683,-0.38659532664741647,0.05243382219053745,-0.3244040131551911,-0.09768901861193313,-0.33294589121061763,0.4998778393327308,-0.011051956570692936,-0.49987783933273094,0.011051956570692936,0.7067606138010166,0.40128965432844244,-0.668818386489857,0.4338823023799889,0.6534294633893362,0.8664527465003672,-0.6825165453318708,0.8502347534149945,0.6533861323307486,1.022783685244792,-0.6907620704726911,0.998854093882967,0.5624901954233605,0.9963384832230119,-0.5894471464089941,0.97847776029442,0.5389471006539628,0.9540252579314501,-0.5653862113705318,0.9282671694219561,0.6550101940541859,0.8760782554195543,0.5557767814525179,0.8982673001632829,0.49397577384473135,0.9416029503611263,0.4772429908464821,0.9924476589139543,0.46123301767199354,1.03539218295865,0.5345321093301652,1.006667032593334,0.5018782330059477,1.06251731022828,0.4866425892603123,1.0987472905577362,0.4748094571821091,1.1229645534433716,0.6018521972821365,1.0172625343723267,0.5817257735418354,1.0770789016733686,0.5678584700360831,1.1034602549933916,0.5548630761383656,1.1085065575739816,0.6676096376094562,1.013749869151159,0.6553512128971637,1.0678765137313881,0.642866067803522,1.0883742021371818,0.627318065127675,1.0871001879756326,0.7318143248058172,0.9990824269885882,0.7367958611909108,1.0426386582421705,0.7267543148500538,1.0630541749192128,0.7087818200299328,1.0696527197789427,-0.7051774948101033,0.8627025866600811,-0.6010494638325954,0.8874837759380564,-0.5420706046587185,0.9442400567846897,-0.5151950273539758,1.0004565130667986,-0.47661989363588825,1.0362588621354802,-0.6262528717031857,1.0060823870858544,-0.5789774073238276,1.0701721071210502,-0.5398912571254296,1.0907098242935085,-0.510747025952081,1.1002327242615275,-0.6905747574713956,1.0129538041014376,-0.6397216659457076,1.0793123377176115,-0.5961795816909884,1.0761034119054647,-0.5759133555785908,1.0617244869448732,-0.7375664375359493,1.0043765132726856,-0.6934943154897678,1.063713381051923,-0.6515096757207754,1.063651223706504,-0.6335699350866735,1.054060810431329,-0.7739664885887192,0.988795174902184,-0.7407323343283385,1.036471127355891,-0.7040911476404764,1.0418737423383395,-0.6850372528975752,1.0344809647315878
-0.02350025729089413,-0.4304306943835119,0.053377975049640355,-0.4651818153224968,0.0907708004408172,-0.4576221992877328,0.12594838275903075,-0.45019371282506276,-0.05420555642406807,-0.47386673872449836,-0.08892806281643417,-0.4722039671557163,-0.11990683400551573,-0.4699325098806854,0.18210279010677993,-0.39858006542715063,-0.1564880291371916,-0.41699799969403717,0.05260754472869276,-0.3506176211174171,-0.09780012411866491,-0.35907574426936384,0.4998565058519637,-0.011978044809812316,-0.4998565058519635,0.011978044809812316,0.7064369215642321,0.43446932575287733,-0.6682363897172255,0.46525280903987254,0.6501748655157481,0.9329138616455271,-0.6824408149093358,0.9158231302480194,0.65316497451381,1.1016477807904834,-0.6920522573034592,1.0760144171421635,0.5617417137624383,1.073291447417534,-0.5897779733979984,1.0538584548503933,0.5373585153453121,1.027695257876033,-0.5653468363360128,0.9994962496179526,0.6562455015964824,0.9423170744233302,0.5571631466779411,0.9659630695597864,0.494584449118518,1.0136166342521034,0.47771482293238593,1.0688122373903366,0.4620446864687034,1.115076603095374,0.5347490153034138,1.0844712494992488,0.5016287003103345,1.1449410404410687,0.4864512571077007,1.18385789807871,0.4748849074842291,1.2098218570697612,0.6021150945427372,1.09600336264901,0.5816847018245377,1.1612305678752086,0.5676021704464922,1.1891354267631142,0.5549096891692175,1.1935002875514154,0.6677396873524252,1.0918183019919878,0.6560090497752173,1.1507203086810012,0.6436591336185056,1.172123813497698,0.6289298570352538,1.1694069181018278,0.7316917161969739,1.0756786586199865,0.7368673838402214,1.1235788410599359,0.7267480647708411,1.1457190100969314,0.709027996788889,1.1525587042800398,-0.6994937509670041,0.9292284145289672,-0.5980545548429957,0.9566846842379894,-0.5405436203258457,1.0178882540939473,-0.5136954202020388,1.0777487898611973,-0.47543782260163175,1.116283875936309,-0.6244838462747994,1.083723803345402,-0.5778363887233922,1.1529834517185424,-0.5384878031020686,1.1751743414006792,-0.5100804028192051,1.1853105738015255,-0.6887557504186786,1.0903234096842942,-0.6394461626761233,1.1625327521030095,-0.594974113060403,1.160083127172554,-0.574334735146641,1.1449782457047202,-0.7358865182223543,1.0802129931806754,-0.6937481934904696,1.1447613921680089,-0.6504561851789994,1.145661455831936,-0.6318953143102471,1.1352820984224938,-0.7727130363835967,1.0627998667842615,-0.7419245696725968,1.115338558523124,-0.7054576766478817,1.1225185669749789,-0.6863573680743386,1.1150289196146126
-0.023513390425730724,-0.40153471683898423,0.05298068754416114,-0.43443265698394123,0.09039605401203023,-0.42721978519841347,0.12563856085075487,-0.41995075982500363,-0.05437246778329438,-0.44316726271211154,-0.08906749385241688,-0.4420346434300824,-0.11999849364862389,-0.4402338035244971,0.18209195893028957,-0.37157988948963394,-0.1570884601390487,-0.3898196922476911,0.052311800333053195,-0.32803928854816417,-0.09789595186657779,-0.33541828725804324,0.4998811261001082,-0.010902282737463702,-0.49988112610010843,0.010902282737463702,0.7057540303405716,0.4048039306342435,-0.6664048631677317,0.43157999814161047,0.6488829190230798,0.8684017286170426,-0.6804159173092841,0.8527065886367994,0.653256451703668,1.0259445091523078,-0.6921103522616512,1.0019329803732906,0.5617978993646565,1.0004650661792351,-0.5891967651634317,0.9811461102757217,0.5371458223109855,0.9582061673450532,-0.5636509899546137,0.9304703968306843,0.657761372943581,0.8775085109903379,0.5583509119790466,0.8982153233278531,0.4962943890650349,0.942849221895354,0.47930158248202737,0.9944307478764033,0.4628227269908199,1.0372841392291452,0.5352958031418961,1.010249793506482,0.5021503942175887,1.0669718480628398,0.4870204043906182,1.1032578156398847,0.47573225016520204,1.1271007422104502,0.6028305464417799,1.0213343985985552,0.5821665387498473,1.0830978289213922,0.5680559193818456,1.1090676610359942,0.5556980575221347,1.1122276794412158,0.6686932423483865,1.0174101539078757,0.6571494776530116,1.0730126728267362,0.6445058030181461,1.0926208833580047,0.6295839872721835,1.0893136209099992,0.7325839154236736,1.002209646413334,0.7380259612971081,1.046929967757147,0.7277269752254656,1.0673934950287753,0.7097171870663858,1.0731068750673645,-0.7035999405056164,0.8638020849789152,-0.5983307442366459,0.8889052847686976,-0.5379940463738475,0.9452182809468315,-0.510344091919168,1.0014738505338316,-0.4716966590972669,1.0376664645390827,-0.6190568628838956,1.0085865440356883,-0.572887179088913,1.0707089612755145,-0.5351069107585552,1.0917135149291297,-0.50745431146924,1.1018644428584587,-0.6831080176995007,1.0151208697268401,-0.6355554266590018,1.0808122223053063,-0.5932286022725294,1.0791042762758962,-0.573017287889543,1.0658361877174871,-0.7310360046237847,1.0063343183937588,-0.6891681017052396,1.0650176466266221,-0.6491520096179567,1.0651384404907311,-0.632664366450379,1.0551371611658837,-0.7689288064020317,0.9905222035591619,-0.7378398843828958,1.0373682988885653,-0.7042667801028127,1.0415778377524392,-0.687470971041546,1.0325105184799475
-0.023701652334282376,-0.42908492897504663,0.05272834587720018,-0.46069585013310427,0.09007823959950269,-0.45245722419630247,0.12537860009053142,-0.4439431487798866,-0.054503089459043114,-0.4730062086985463,-0.08901892166191022,-0.47249179852779527,-0.11961919331217276,-0.4708827618603559,0.18191138776268836,-0.3909584181433983,-0.15649355847007634,-0.4124758418453159,0.05207229731957052,-0.35218889459831126,-0.09785740575391945,-0.35914342730477405,0.49986869103820475,-0.011458259891961656,-0.49986869103820486,0.011458259891961656,0.706041121303235,0.42473042681452144,-0.6648620879891706,0.46068719240630673,0.6481452199959927,0.9124625370126459,-0.6791101147327715,0.8972768098945295,0.6532144534542963,1.0789072975375056,-0.689304972819287,1.0546879570798702,0.5617302309869112,1.0532535240957852,-0.585750054074858,1.031963690851528,0.5369095850367446,1.0088437702243014,-0.5603230110963909,0.97820492971324,0.6579787821603287,0.9214086069859204,0.558545537533554,0.9434898976584496,0.4959294990876205,0.9905302628018554,0.4804015378173461,1.0445757321803568,0.4640006651242283,1.0893496307840973,0.5369129975129874,1.0613211877965552,0.5040537519020646,1.1205620364060884,0.48878121447854495,1.1584433440654753,0.477125731248313,1.1833646663885997,0.6045518597403259,1.072612201215059,0.5842128188394966,1.1361197856731184,0.5698708636873195,1.1639603597049166,0.5565591351127676,1.1697639349540685,0.6701294156933539,1.0684851780393168,0.6584660837677644,1.1260221265628954,0.6448718021603292,1.148019589631754,0.6282876794929866,1.1478887947891476,0.7334189063257543,1.0526899172285538,0.7391970817234472,1.0986591023371135,0.7287842517169388,1.120508232164016,0.7102140678764339,1.1283752446857875,-0.6912619426324818,0.9072537810363475,-0.590376006869255,0.9337172934582042,-0.5313022893868974,0.9925559479267226,-0.5014991721868939,1.0508506147544008,-0.46151510274106317,1.0881739635056689,-0.6143137599035685,1.0576272739064438,-0.5654943629062529,1.1268272579974397,-0.5247185989721512,1.148494909980226,-0.4946304546939889,1.1581946852340201,-0.6781475404966549,1.065771928207748,-0.6252378641631163,1.1353818352259126,-0.5809481028182518,1.131597108098492,-0.56043161315281,1.1160806781112853,-0.7250054461497545,1.0562301471786024,-0.6797259813826451,1.1198563387780254,-0.6372237604055329,1.1189580160181238,-0.6192624476386043,1.1071427828156737,-0.76183143945692,1.0395829363248619,-0.7270959290959388,1.0899572322802054,-0.6905262127545886,1.0939341386479557,-0.6723983711470237,1.084443783772835
-0.019834080998627525,-0.42456308619605376,0.05399005851594975,-0.4569634136260982,0.09113359421353233,-0.4489033370381975,0.12642863788838782,-0.4404995725670458,-0.05340187874197471,-0.4686828588346104,-0.08839908616185534,-0.4679294949945242,-0.11900257023540765,-0.4658119010531665,0.18231899899343182,-0.3881854009508037,-0.15897410289489095,-0.40761122667280536,0.05686539594605103,-0.3495533064916314,-0.09455266587012555,-0.35490523253963674,0.4998134685331394,-0.013656378468412788,-0.4998134685331393,0.013656378468412788,0.7077598808936179,0.4124268529827756,-0.6613251822985666,0.4502546628050792,0.6476470224882014,0.8975463144660645,-0.6740630037441695,0.883657144738063,0.6529803178967497,1.0619450417093141,-0.6831378138903826,1.0383798207914168,0.5611258458522447,1.036586998152216,-0.5772814617835356,1.0153121499483444,0.5363122883580325,0.9922576767199887,-0.55205614438965,0.9622943988275312,0.6601406488568267,0.9050217367220091,0.5601044497073973,0.9272843530673546,0.4968221639848917,0.9745472109708082,0.48171851115543385,1.028164427080093,0.4644928814401901,1.0722701222629516,0.5373653583413162,1.0449278906532584,0.5044129866845776,1.1029863973950864,0.4894411378924838,1.140442987643438,0.4779237809634068,1.1652383728931084,0.6046831635437468,1.0561636066223576,0.5843381716108782,1.1189311689353174,0.5699374736473638,1.1456098538050805,0.5563207883298776,1.1506695260071895,0.6702275743726464,1.0518909521778625,0.6586959131294365,1.1085769069891394,0.6451703326698186,1.129717872723717,0.6282406660255558,1.1294391097728647,0.7338592940546759,1.036005129983367,0.7390282601401538,1.0814568352271796,0.7287325597537799,1.1030258435990734,0.7104192912960987,1.1111853422178408,-0.6872388948100823,0.8926857796060161,-0.5844377909414444,0.9167655608577067,-0.522842137115678,0.9733872872773616,-0.4918557572048984,1.0313035530605748,-0.45187690209889503,1.0698587714140215,-0.604231555911847,1.0399972617950473,-0.5551879377374138,1.1058995508835834,-0.5146250749490573,1.1270946268384998,-0.48506946703044296,1.1371679262313725,-0.6690331641425763,1.0477426485920331,-0.6199074664513348,1.1159923534182044,-0.5764560688001953,1.1112017659161553,-0.5566830791431757,1.0955043763317833,-0.7161241582931862,1.038441849580586,-0.6722227707599592,1.100099345855696,-0.6312288202189049,1.099001304311255,-0.6146347940883959,1.0874253831627885,-0.7526401347805656,1.0222244739763706,-0.7193469713540911,1.0710993471974044,-0.6852461676198516,1.0743782212537212,-0.668863385556979,1.064265035736371
-0.007726691851279053,-0.42686890111359405,0.06094498919940484,-0.46314296081976203,0.09719453541480741,-0.455322113871797,0.13191053454817617,-0.4468787905913189,-0.04681753076032795,-0.47379751642860796,-0.08487569748185166,-0.4726380031502435,-0.1180201761482062,-0.469749430277205,0.18425196102433414,-0.39423849462405675,-0.16040102233583908,-0.41132544205448307,0.06740386271187017,-0.3508271402592929,-0.08471394955119622,-0.35406710446267203,0.4998000863056153,-0.014137670561292158,-0.499800086305615,0.014137670561292158,0.7077085317047518,0.4162448834831762,-0.6611776277921291,0.45161827740413524,0.6478811663371241,0.9093467914152769,-0.6724126526477198,0.8961560213617101,0.6534601107184291,1.0760953124551766,-0.6796107753684644,1.052431020094846,0.5605918227387897,1.0491329184246176,-0.5720062654670399,1.0238543163641933,0.535676185092887,1.001606896932341,-0.5480595013238291,0.9706548517858365,0.6587636418690698,0.9198698588953248,0.5589294889640702,0.940834162488135,0.49541114455698965,0.9879101114603395,0.4797311098675671,1.0427082633868534,0.4631188158341252,1.0877650605673557,0.5359118409540413,1.0598683011066965,0.5028512095605636,1.1190307430270212,0.4876465642723739,1.1568399591834717,0.47619440301407556,1.1814976843426526,0.603456893298658,1.0711930184175376,0.582841168078205,1.1343543360806654,0.5688715497941484,1.161547940919883,0.556175526560715,1.1665069217774056,0.6689211400689704,1.066995813197294,0.6568399968366317,1.1237483957432026,0.6434818604878997,1.1453416105896805,0.6272423342694347,1.1448601445814313,0.7324015960427149,1.0513117157746796,0.7372392523762786,1.0970001023263243,0.7271235503853497,1.1185437719995182,0.7091013988639047,1.1262515428763247,-0.6755441401581301,0.9072597939808793,-0.5741319255095088,0.93052564197468,-0.5103188838485188,0.9873093204401572,-0.4783588010063229,1.0445582474247304,-0.43763595605955263,1.0824518242816374,-0.5904171557125814,1.0530684120538505,-0.5381317973216295,1.1227152375351426,-0.49502920196443323,1.1425940108448298,-0.46148876368422087,1.150273810272455,-0.6560967549010723,1.0622503378162356,-0.6022980679194186,1.133333973322763,-0.5549021014133799,1.1320617187379243,-0.5285235115018166,1.1180548667760613,-0.7035890565716927,1.0533464899183183,-0.6557266205870671,1.1157283266119724,-0.6108013877024482,1.1185314229022734,-0.5884035468888806,1.1098288801678793,-0.7388430119922861,1.036780994277883,-0.6997824583444131,1.08539209970037,-0.6603025409046911,1.0934446038099062,-0.6380355256232714,1.0886555346277298
-0.0007543203275253077,-0.4190845675108525,0.06523540077818003,-0.45477830027815985,0.10052017592602978,-0.4471178010336813,0.1347716587421263,-0.43884369205298684,-0.041276897464663835,-0.46515171193729565,-0.08077142912709771,-0.46393749282587615,-0.11551315457037234,-0.46098042194568656,0.1847190297936824,-0.38738636423640943,-0.1607996240278542,-0.4031955335849592,0.07301784380952347,-0.34421055852773313,-0.077119785874423,-0.3469997202508007,0.4998068436248123,-0.013896728600729014,-0.4998068436248125,0.013896728600729014,0.704775991259153,0.40991598987105693,-0.6626590465929214,0.44383049907305366,0.6458515863036056,0.8925395662053848,-0.6676343364763049,0.8797198956038198,0.6506225026422566,1.0563530253225706,-0.6664633564603778,1.0317195322759802,0.5584582427603569,1.0296188784364226,-0.5621384898466217,0.9997793981259537,0.534076098053494,0.9828316016527706,-0.5404689702341098,0.9499703407999938,0.6572010458610265,0.9025981938422518,0.5580134446853612,0.9250293673047373,0.49423248114384627,0.9712628871378459,0.4785396394705439,1.02469685411421,0.46219432573517627,1.0691928537872786,0.5353917051451761,1.0399581093710986,0.5022522175165687,1.0976106204602802,0.4871385611600986,1.1348611829767015,0.4760368886581544,1.159272647385775,0.6021928273054968,1.0512649177366369,0.5808223785447797,1.113498522332265,0.5659510931332843,1.1404038649836563,0.5527758965762527,1.1451105799560664,0.6671235295545631,1.0472723461910816,0.6550029512643872,1.1045715103893732,0.6411615731155815,1.1243954541472299,0.6247803776481365,1.1220260287990993,0.7300360536277366,1.031771095505614,0.7363700256066403,1.0769787553905124,0.7265050880871895,1.0975749790211,0.7088526299327997,1.1039569877064568,-0.674645153014534,0.8864033958074888,-0.5682518399492862,0.9041439221594898,-0.4932910088104511,0.9609866130076237,-0.4523944661684793,1.0172476472540526,-0.40957114221533936,1.0529115814410617,-0.5705951540087663,1.0229041189377348,-0.5136721711372454,1.0957727491989413,-0.4663107389703237,1.116247441364783,-0.42831943185243815,1.1221104581099444,-0.6320109697953392,1.0371590878236676,-0.568060414293723,1.1102458027926454,-0.5085317745102704,1.1230451694595953,-0.46608131591451846,1.11836942163926,-0.6768084660265415,1.035780027056039,-0.6139385938235733,1.1002768630396174,-0.5616058492294183,1.1067110192404963,-0.5290303141068553,1.098683515422491,-0.7099724954058623,1.0266512904102454,-0.6535497411152583,1.0764975959615781,-0.6087887190032194,1.0845975512297206,-0.5806587104555408,1.0794045643268544
-0.003554560767528167,-0.451653366286362,0.06256744805636462,-0.48916246624285525,0.0977770457681294,-0.4811577774307094,0.13195468509645153,-0.472523442847097,-0.04325656450858669,-0.5000808269287732,-0.08241537461002607,-0.49865032762775885,-0.11693820772484108,-0.4954056226884993,0.1831896326229478,-0.41712584040939055,-0.16205782446846115,-0.43326917770317575,0.07024377597918562,-0.3703224592291253,-0.07905578050638465,-0.372952551081775,0.49978566841441724,-0.014638498814915355,-0.4997856684144171,0.014638498814915355,0.7043368732767342,0.44502991823868954,-0.6687738247633247,0.47362569582054775,0.6423993175190813,0.9595863179384085,-0.658090848006967,0.9438320642085524,0.6459149523580374,1.1356866458178627,-0.6422458044414657,1.104953243999275,0.5549022556147548,1.1066290547372466,-0.5464276933904367,1.0628807233181006,0.5315458559189523,1.0563454696382428,-0.5293134286387676,1.0118729003575397,0.6558264037292559,0.9690419159631236,0.5560012811824907,0.9923252290662382,0.49275423022599163,1.0422031279232595,0.47672483615894096,1.0995805702814447,0.46017693524246983,1.1468414474791775,0.5334594613079755,1.1164086993577245,0.4997111867675391,1.1783507399354882,0.4851124469583969,1.2184489941720318,0.47456065563664235,1.245212825192524,0.5999152894587135,1.1289907818340006,0.5784556441006039,1.1958348121692763,0.564391925171186,1.2246609862527247,0.5525142931307954,1.2299176374733318,0.6646384925117118,1.1250659558420062,0.6534340599719504,1.186661812919936,0.640483858514412,1.207023996681595,0.6253111718969734,1.2037522878593552,0.7271235389270732,1.108675854867557,0.7335892873223542,1.1569153088246842,0.7239870527430396,1.178642287672083,0.706945921554142,1.1854646931075852,-0.6689841258839219,0.9393360746916619,-0.5611877820160628,0.9555809512954324,-0.4784812212390559,1.009437997909048,-0.4277918264993652,1.068314312771956,-0.3808685574766497,1.1091013230238156,-0.5486233853787222,1.0761135679743365,-0.479526828974076,1.1468912162635074,-0.4315577837058271,1.172897525566676,-0.39268392488237636,1.185091505724771,-0.6064348769629936,1.0996242160923082,-0.5323825948727381,1.1734409002119937,-0.47394921523913697,1.1960042144351815,-0.4280408850380211,1.2009947518089776,-0.6475106626637219,1.1060200543763143,-0.5760177182494511,1.1707505598704273,-0.5203130293577001,1.18776253515002,-0.47914296202478096,1.1894477658471707,-0.6748057428421178,1.1038322688569557,-0.6109952769844033,1.1539861725179263,-0.5619930095038618,1.1701242895843331,-0.5249437825184121,1.173437132228322
-0.004600826031375707,-0.3611713380893223,0.06100753422664246,-0.38916652600576845,0.09587090716145778,-0.3820353236574599,0.13003381938557526,-0.3748573013663156,-0.043881699322261415,-0.3998304126540214,-0.08290918402472572,-0.39858519479811305,-0.11720742209184529,-0.3958010703539635,0.18262411986157906,-0.32990226489338376,-0.1625704636071684,-0.3431261802673564,0.06923790547222725,-0.29409507475646035,-0.07982313164855977,-0.29570578020859883,0.4998900430098387,-0.010485461345197003,-0.49989004300983864,0.010485461345197003,0.7054278512390089,0.35319774958968886,-0.6818422494294054,0.3581763840950182,0.642161209115529,0.7597488279466104,-0.642626975909334,0.7409986059025391,0.645163809151673,0.9000535634512234,-0.5996712522993634,0.8696135791700247,0.5542765477367666,0.8768984764468059,-0.5168679205364011,0.8250739259988268,0.5310409236518155,0.8370158386381138,-0.5062728417629118,0.7852996544546409,0.6560916025522321,0.7677265485314443,0.5568574229304993,0.7867952828873611,0.49330766600666276,0.8258563503122798,0.47769391003006384,0.8714722097341929,0.46165573448362646,0.9093294422918277,0.535036867585939,0.8838065772625975,0.5010228390521935,0.9336047282736064,0.4860009125868696,0.9655185931706807,0.4751229716437199,0.9866403214367379,0.6014864880627446,0.8933025440096701,0.5798346900233342,0.9467699866787179,0.5653722563401549,0.9703273461581431,0.5531654779342962,0.9750240046839259,0.6659217997874588,0.8901320851334293,0.6537325371098792,0.9396987150999714,0.6408252979933226,0.9556741642611363,0.6260780653051441,0.9526436370521363,0.7281405297825515,0.8771972293136325,0.7342770978169325,0.9160272727870409,0.7242828590495539,0.9332529107336787,0.706907256596732,0.9383258686274945,-0.6525621833040027,0.7311387671113447,-0.5471684462545229,0.7404821263207871,-0.45730602336440523,0.7773758684555818,-0.39881991190762545,0.8216800238386615,-0.34721470272685434,0.8527838757631997,-0.5167125526581565,0.821409232450635,-0.44266725345518565,0.8741269346681164,-0.3973154961109653,0.8954900015645303,-0.36122425378174183,0.908247146652396,-0.5736681431463219,0.8453996841683676,-0.5002431365130794,0.9007456411198416,-0.4493514406289834,0.9210276551092149,-0.4066771476147272,0.9314016122906181,-0.61553704950067,0.856194306264167,-0.5459297979504045,0.909229402334342,-0.4942447574695923,0.9247419336798125,-0.45311816431130125,0.9282082871383806,-0.6435609515936752,0.8600660390287204,-0.58230516560277,0.902051628589676,-0.5363032210564219,0.9132736263547837,-0.5006747139526475,0.9136924271705932
-0.007593086402139767,-0.4585172636583355,0.05850462018478618,-0.4935451101307068,0.09360418568452182,-0.48454569669551717,0.12789973563404058,-0.47554549354714953,-0.04655839039588969,-0.5070629464858125,-0.08534800585316271,-0.5054252787826916,-0.1194358011548402,-0.5018543932195396,0.1807404679377884,-0.4184362794731448,-0.1649298498069345,-0.43479917600939494,0.06667202751836741,-0.3728207879074133,-0.08222940775394427,-0.374566725287254,0.4998570076304595,-0.01195708671553353,-0.4998570076304595,0.01195708671553353,0.7071190187399274,0.4501326814179692,-0.6987948249986741,0.4448297574269112,0.6445263068941637,0.9666906258438988,-0.6059208184237268,0.9199591905861696,0.6443658075683334,1.1451130512581191,-0.5439312870096326,1.0875404334911951,0.5539562504207659,1.1154307338027651,-0.47128593363555776,1.0232086606327648,0.531595707121166,1.065082254246623,-0.46697253534999217,0.9723366012395309,0.6577618475134299,0.9764217875099319,0.5584174903566232,1.001130807254774,0.4942834111682634,1.0513139208714184,0.47868881736660296,1.108932026117402,0.46165749300679915,1.1559387553890228,0.5357221093467737,1.1250559159602949,0.5014056320403645,1.1881585792283034,0.48596276157616086,1.2284317401153888,0.4751893920026774,1.2549389367668042,0.602149421804727,1.1368973491808931,0.5802833716961713,1.204791834071082,0.5659494823781627,1.2338796554459492,0.5541905018027348,1.239154939475773,0.6666281273057529,1.1328086881725083,0.6547984325163154,1.1954357861646547,0.6419915651752924,1.216597730198665,0.6270759290895266,1.2142811855619755,0.7292998230468778,1.1164741028536938,0.7353404033519475,1.1660614568487664,0.725187091110852,1.1878599097043394,0.7074271909470423,1.1946478103555291,-0.6181678789679259,0.9028326808923389,-0.5255910746146265,0.9026455188691251,-0.43165871759563873,0.9439138763032742,-0.3738025079364469,0.996264594651215,-0.3285166358547119,1.037561065874505,-0.468996075746108,1.001643015222101,-0.41232200859772467,1.0658122651084747,-0.3742086505522312,1.091123204237678,-0.3445630242885996,1.1020733671654528,-0.5134256982699035,1.0326995915500146,-0.45125777801521777,1.0936330706603703,-0.4070883973004974,1.1154097274322272,-0.37242898137149355,1.1253887010935535,-0.555165733510738,1.0536419953205083,-0.493800731807722,1.1106370168689572,-0.44910622632715397,1.129335213729877,-0.41368625286728294,1.1384701419464316,-0.5950226441694321,1.0665863419656654,-0.5434049808607345,1.1108819858968093,-0.5021936145348987,1.1274149471659671,-0.4689975946671728,1.1361379609888156
-0.007094857827479861,-0.3964263886902954,0.05899674961003912,-0.4266624538736397,0.09392332127243884,-0.4188672565243174,0.12838722790013973,-0.41107311931800444,-0.04548542942338323,-0.4385798976211129,-0.08420845190641382,-0.4372608061322339,-0.11819662148330676,-0.43424435728912036,0.181647006981948,-0.36166029822999196,-0.1650152700465057,-0.37612010170644583,0.06746404262566415,-0.32198140247004386,-0.0815202550451285,-0.32362657342969087,0.49990860013235544,-0.009559890883728982,-0.49990860013235533,0.009559890883728982,0.7121775638717525,0.3876187205689169,-0.7213588419737348,0.38667102111491364,0.6470763935774154,0.8385455566489214,-0.5733339459498119,0.76172225928084,0.6438163170952244,0.9934670588491877,-0.4989497044990121,0.9023356610494693,0.5538486300653989,0.9675024466430149,-0.4285740178721732,0.8367576767609561,0.5325149311030628,0.9242328807086828,-0.43082940449684304,0.7982296175348605,0.6592084052255204,0.8468143985362758,0.5601243784963222,0.8677748621531951,0.49625939924803164,0.9110084516215338,0.48098386290008227,0.9609943996996458,0.463610731812246,1.0010641120502533,0.5376953289195745,0.9752615991300205,0.5049624945671596,1.0300284501985217,0.4897404269818784,1.0645587443346567,0.4790659029622202,1.0876972204669688,0.6040903758020163,0.9852879529378475,0.5827678091372704,1.0436568279703808,0.5689506037736456,1.0686521274844252,0.5580961076096114,1.0737016912322712,0.6681547243798779,0.9816331270123192,0.6566186279952034,1.0351092026697386,0.6454060429253492,1.0519656133104733,0.632893509105068,1.0486753397875026,0.7304056891487559,0.9676474468481597,0.736357588922508,1.0102193702860403,0.7267114530605444,1.0283091034263843,0.7098350585848797,1.0334879362250435,-0.5903726020964133,0.751293871885352,-0.5370542941166685,0.7894274211193366,-0.46905501568299973,0.8380622682293207,-0.40065429985137896,0.8679023528996055,-0.35071346349205,0.8809709751625471,-0.4849237685555698,0.8574113144720832,-0.4259481450102757,0.8918383301602142,-0.3805682615750306,0.9023234865039429,-0.3452742397565646,0.9074087531324897,-0.48457318551706424,0.8441926306760813,-0.41810805576115667,0.8677713055443896,-0.3694484456517618,0.8758227839166732,-0.3333816568422383,0.8785792925335353,-0.4906840578738289,0.8252558774694572,-0.419273236242271,0.8452206274134998,-0.3685263203347016,0.8529291666213511,-0.3289152441120839,0.8562648553029143,-0.5035457410276228,0.8029397987270799,-0.44277427547560844,0.8154542739796047,-0.3993312431498937,0.8206994512117499,-0.3645419698244407,0.8248381127274643
-0.006031087167734574,-0.4160033658517207,0.06006284086671757,-0.44875783593996915,0.09512078573378407,-0.4404788546555336,0.13018648947013875,-0.43222803539616667,-0.04415226736413182,-0.46165113777832817,-0.0829579147686358,-0.46021770887138297,-0.11697203870978586,-0.45703837976256984,0.18526703989164736,-0.37996007996881165,-0.16511481061876515,-0.39582743700680606,0.06824659258434404,-0.3359468683152847,-0.08080853930463795,-0.3383139682830215,0.4999586820235132,-0.006427773277859296,-0.4999586820235133,0.006427773277859296,0.7181789048166382,0.40957780919777004,-0.7464107735882696,0.4101060197737671,0.6576210986906329,0.8976456169143195,-0.5426996785324876,0.7364578136124409,0.6451829565368128,1.0611942336931777,-0.4668516711048367,0.8477637299412637,0.5586248420827574,1.032555743498477,-0.3945254313143627,0.7895841112257911,0.5394582422161271,0.9864466230940999,-0.4018578157986428,0.7545714827842004,0.6610331457958054,0.9021874429650018,0.5652117847665874,0.9242807151527829,0.5008838428506361,0.9693898111314968,0.48655186190612565,1.0230808027700942,0.47061430103210117,1.068352257365591,0.5410887854642216,1.0406008527915038,0.5105930557388184,1.0987168071612727,0.49560831774764147,1.1350214729749157,0.4851141096927442,1.1585205934541232,0.6069106470603602,1.051406639979388,0.5853070875528417,1.1135051044129276,0.57192017062189,1.1386689457856118,0.5620839484168756,1.1413927041740566,0.6711367116491315,1.04752776616787,0.658857794986798,1.1051599877922018,0.6473061879847295,1.1219285659704896,0.6351608588110161,1.1161920886473473,0.7340656956981442,1.0324480373793756,0.7393943521886581,1.0777197826796472,0.730096190701697,1.096499020433545,0.7142456641005615,1.1014825723896908,,,,,,,,,,,,,,,,,,,,,,,,,,,,,,,,,,,,,,,,,,
-0.004452680737765502,-0.42134170648627634,0.06169955466278939,-0.4542968675873159,0.09699328892676772,-0.44556104134748115,0.13254123571663431,-0.4370281156332105,-0.04292609448669414,-0.46831617613730464,-0.0816420890212682,-0.4669490959088784,-0.11566577211147833,-0.46383430265288317,0.18784072031867244,-0.38373363882372086,-0.16430616971242928,-0.4013662200675553,0.0709558912569546,-0.33886974917447343,-0.0794378742452387,-0.3416015408546685,0.4999836955912038,-0.004037838897556924,-0.49998369559120354,0.004037838897556924,0.7191996866075343,0.4152126819458213,-0.7698240545116545,0.4215651487469166,0.666481605459692,0.9176821020029374,-0.4951716109375268,0.6537241373652289,0.6535894228719203,1.0842097658948548,-0.41108281064255625,0.7525136717667684,0.568382879769985,1.0540808514432258,-0.34315951635806047,0.6845626484743029,0.548109767982284,1.005820876309912,-0.35300772309704903,0.6542415670163388,0.6615438474386083,0.918827997710975,0.5686598500485227,0.9442366805270275,0.5058332809017636,0.990764783826669,0.4910852457294398,1.0459652745662882,0.4750691822946943,1.0930488559920999,0.5460278550547503,1.0623278954246516,0.5159341829831308,1.120443017792712,0.5012284603731397,1.1579762839298817,0.4902019077747618,1.1836545631392594,0.6108751440608086,1.072793594842854,0.5905187557560059,1.134626808271852,0.5781139262268171,1.161199152620873,0.5680870289855463,1.166117473204428,0.6747843079298849,1.068578652878018,0.6644462194931302,1.1270594551425712,0.6536226323331934,1.1440877022416756,0.6413730612498555,1.1385956935613961,0.7386885830965404,1.0526792759047257,0.7452825997826459,1.0999122383084974,0.7360316576187383,1.1198509716768927,0.7202687952542078,1.1261562109933803,,,,,,,,,,,,,,,,,,,,,,,,,,,,,,,,,,,,,,,,,,
-0.005162601460864995,-0.41554069383041414,0.06189844918666606,-0.455245442232391,0.0975298300250227,-0.4473087570395619,0.1334006524998132,-0.43906505882652785,-0.04362261881030744,-0.468682000185876,-0.08234808203596555,-0.4679456803750464,-0.116436009928044,-0.4653235470017207,0.1901682456611923,-0.38651303395399245,-0.16517209231755045,-0.4051290264092939,0.07053607826176801,-0.33317542578992326,-0.0801818782045198,-0.33873279768187436,0.4999969425540398,-0.0017485527193128328,-0.4999969425540398,0.0017485527193128328,0.7196767076230888,0.41600335688621787,-0.800081057164704,0.41887650837687185,0.6684488618287627,0.9291665947882958,-0.4564294561092442,0.5625898897838962,0.6595130282896681,1.0989738265701139,-0.3527895584583143,0.6227319504102297,0.575221635906102,1.0684378392528053,-0.2993522810053724,0.5614050090586858,0.554349687448396,1.0190753803187442,-0.31794185084611337,0.5452295896066036,0.6661278989988745,0.9366268156295818,0.5706918324230476,0.9613901759682596,0.509397475235212,1.0110154236070235,0.4952471161850384,1.0663296631243524,0.4782511503244408,1.1113907808958654,0.5500486875036827,1.0831314432898758,0.5190938483585785,1.1427387507134514,0.504148333690657,1.1804783375038592,0.49337295347503973,1.204853155642052,0.6164079613945012,1.0939861059802285,0.5987546286152601,1.1560559857476433,0.5847636721777759,1.1817176712978175,0.572786524595093,1.186442753605842,0.6815718845488499,1.0893968554983897,0.673658321578845,1.1479202159236328,0.6613574718684871,1.1652174889301925,0.6466760522071823,1.1618293648404834,0.7443935686771249,1.0728279298920418,0.7511965479780007,1.118986983986179,0.7426602341228284,1.1385460148427151,0.7271971675397663,1.1451223510653221,,,,,,,,,,,,,,,,,,,,,,,,,,,,,,,,,,,,,,,,,,
-0.01252523417226898,-0.35949987789976195,0.05715500537858568,-0.40077925307164114,0.0929586535315281,-0.39458969943436994,0.12891294555903998,-0.38785773005373514,-0.04988237612386455,-0.41151171475576204,-0.08833041669523779,-0.411361461366142,-0.12211374430114116,-0.40977022527901796,0.18681672716248865,-0.34254208636364236,-0.16972567180420758,-0.359224642686835,0.06471682009364658,-0.288466874781882,-0.08564582436645829,-0.2948872286336756,0.49999958745849626,0.0006422938062425905,-0.49999958745849626,-0.0006422938062425905,0.7165151197569876,0.38255184220799743,-0.8250955430814002,0.36635072096948185,0.6663681435916384,0.8324278082977125,-0.4500646975570078,0.3993643809698763,0.6584473225193164,0.9829334437243922,-0.3382766175966368,0.4075680750861862,0.5757604231329959,0.9565436189922011,-0.29071123735818455,0.3531599030669855,0.5538266749956382,0.9143463456282049,-0.31242638261463573,0.35419627221406313,0.6666196680833361,0.8401666129896274,0.5714570862037132,0.8609578964122686,0.5108933400060357,0.9040057442472342,0.49760891994790823,0.9523371953063812,0.4826921296354539,0.9937747778668395,0.5497958511428244,0.9710049959351787,0.5200667056534322,1.0237724291311174,0.5061148824521267,1.057161235968495,0.4966581709103145,1.0779053994985683,0.615583723795245,0.9801364552296562,0.5989159100193926,1.036580314003557,0.5862035981590696,1.0591153019406272,0.5768074826926461,1.0603848541457974,0.6806056823662856,0.9751335576902597,0.6744854787520231,1.0269799379434394,0.6650018544281249,1.0390737752131192,0.6542612846968614,1.0300044712185248,0.7437285125410645,0.959311476385264,0.7521791261160872,1.0014310220632294,0.7434270555291446,1.0187800026789584,0.7279901206924736,1.022555366606842,,,,,,,,,,,,,,,,,,,,,,,,,,,,,,,,,,,,,,,,,,
-0.024412036426226354,-0.36155271389732935,0.04979009772386456,-0.4057772522427946,0.08677323660623522,-0.3998250131306113,0.12296321190616545,-0.3930155336488687,-0.059878833165696116,-0.4150208363381177,-0.09743626090490307,-0.4148114631603502,-0.13086482964516233,-0.41348576444773955,0.18224206931051168,-0.34836899195558296,-0.17623888105868205,-0.3653790284344047,0.05341885541991293,-0.29052909448021136,-0.0958160561864901,-0.2984114615049465,0.4999992842916513,0.0008459951751417509,-0.49999928429165147,-0.0008459951751417509,0.7196261773502732,0.3850375824715847,-0.8294051459643444,0.3659137579994349,0.672687326027408,0.8499689114349095,-0.47885351573868135,0.282669629253863,0.6635544521909291,1.0033914872415612,-0.3904993981059177,0.2769011187907146,0.5810935708514434,0.9770127295953923,-0.3344380506275289,0.23348068041436001,0.5586376415193468,0.9345430586933866,-0.34362341323049295,0.2481670414601463,0.6702431677475218,0.858632648051015,0.5737924863525253,0.8797033996590844,0.5134355508522364,0.9232842877606645,0.4992184710072073,0.9718400772998547,0.48482162571356247,1.014227740564523,0.5536064388730315,0.990719250225165,0.5249196126697951,1.0449066879832516,0.5105450665253106,1.0791452879811914,0.5008483672789092,1.1002016402549457,0.6206603234619107,0.9997248681788664,0.6052682499880497,1.0575509491501214,0.5942811161329329,1.0805588912013828,0.586960648527437,1.0807131697833303,0.6866019951034402,0.9945918483368246,0.6802601170822489,1.0469998026465988,0.6707810918380349,1.0633766455409783,0.6599744095591998,1.0572347123412582,0.7507782602591401,0.9784255099964801,0.7593644618773582,1.0213977862343417,0.7515273401390099,1.040711270509899,0.7366174428827615,1.045813297499034,,,,,,,,,,,,,,,,,,,,,,,,,,,,,,,,,,,,,,,,,,
-0.03661640726892378,-0.41272244884634,0.04189814810277951,-0.46607983034180545,0.08035189629450022,-0.4588891760435542,0.11743202678830254,-0.45103765489507297,-0.07231142352005789,-0.4766896359984623,-0.11002061685941857,-0.47677791633604516,-0.1438839965801893,-0.4754481203193029,0.17852870254454345,-0.40409504116961237,-0.187739277846863,-0.42436690492116597,0.04564356441454504,-0.3302517596566686,-0.11040289891232766,-0.3411724304029413,0.49999175196897105,0.002871926705018093,-0.4999917519689709,-0.002871926705018093,0.7260757802321386,0.4159888213369049,-0.8548289197631664,0.43749697444198776,0.6790721131417479,1.002755206215989,-0.5176748419526359,0.20592018736262538,0.6738133653973922,1.1884623563760146,-0.41389588353375767,0.18002216381309535,0.5887794793134765,1.1597368501463992,-0.35201340577987056,0.12622747255908512,0.5640497972370027,1.110147365831236,-0.36607850680273984,0.159357272271321,0.6800232547600739,1.0183975583129978,0.5786402289230295,1.0439046202940678,0.5166413815635048,1.0951534022255882,0.5013530832831867,1.1533035268946994,0.4867661619925036,1.2037404052166927,0.55876103561246,1.1750349940065545,0.527932568185927,1.23809851299448,0.5136234946866831,1.2785987282981541,0.5029518928423917,1.3057600641407123,0.6272467425272696,1.1867040421717487,0.6105774547188123,1.2558461424949556,0.5977985625498076,1.2835216839568808,0.5873619816737646,1.2869026709839404,0.6946761714832153,1.18114517638053,0.688115242586182,1.2435222235740526,0.67751700800457,1.2634587516880784,0.6642282309119194,1.259747331235904,0.7598287580193555,1.1625153107023565,0.7694017816408935,1.214377476897761,0.7605908648484331,1.2362369687304797,0.7439494846829566,1.2424079223327134,,,,,,,,,,,,,,,,,,,,,,,,,,,,,,,,,,,,,,,,,,
-0.06735128076984352,-0.3813436115311808,0.015277303198761027,-0.4448921819724585,0.057780592426359204,-0.4414636844983179,0.09644724209560444,-0.4364668790568432,-0.1064804647092249,-0.444630877355536,-0.14405896140176017,-0.4423762295389749,-0.176748856899921,-0.43936744435119757,0.1618018331954465,-0.39364986232594645,-0.21390503192308508,-0.40051754318826016,0.022786514904344624,-0.29961986218443964,-0.13554648998774896,-0.29824842317263345,0.4999243931346658,0.00869489211757422,-0.49992439313466547,-0.00869489211757422,0.7133785971225044,0.4316461710750804,-0.8996221405504634,0.437581856131869,0.6682548761063669,0.9961214553463381,-0.5148859827367509,0.10067187603388997,0.6641424674680988,1.1791473895662878,-0.42587360371598204,0.009201012225646154,0.5776256824508266,1.1517264536715515,-0.35502007350348286,-0.02220957170746275,0.551679261378342,1.1044583735356872,-0.36436414150132107,0.011271998396157798,0.6673176544245295,1.010954784732269,0.5643682135078407,1.0370205706302227,0.500716134563068,1.087941232257711,0.483304435877018,1.1457855657352716,0.4679820052040652,1.1947118435872228,0.543696255874408,1.166493506377191,0.5123198826399129,1.2307954937909862,0.4973722334060927,1.270956120364279,0.4861977771827513,1.29658342358755,0.6138012955446617,1.1787700607367053,0.5956723827836284,1.249371374461594,0.5815302366238054,1.2760888810490811,0.5705507668335085,1.2770005856245896,0.6827269443151358,1.1730478538276674,0.675949065775471,1.2374804735388487,0.6639338981121291,1.255733935769584,0.6491621119856561,1.2504236368276724,0.7487599666705568,1.153366081110069,0.7604965056912621,1.2044918162338216,0.7524355771031782,1.2270428569245257,0.7353446856099008,1.2345127510769043,,,,,,,,,,,,,,,,,,,,,,,,,,,,,,,,,,,,,,,,,,
-0.08869722961637942,-0.4217306018191994,-0.010221647938768619,-0.4927205984825269,0.03750421236033755,-0.4892843949552623,0.08115438908509598,-0.484044679290815,-0.13261564145754823,-0.4903360739600754,-0.1664223526806995,-0.48686455268873485,-0.19747402029627445,-0.48238891600761824,0.1547780227576359,-0.4351831571591271,-0.22659352276437247,-0.43547590398753516,0.009005866821704737,-0.331304664919768,-0.1503804025242631,-0.3288696928156402,0.4999164741589632,0.00913886560086764,-0.4999164741589632,-0.00913886560086764,0.7158441072894007,0.4886206343379563,-0.9292851136597813,0.4809193251542487,0.6687154154134144,1.106189546866861,-0.5273572355106374,0.005631937847400803,0.6661252019214101,1.3065204875943426,-0.4407181107000498,-0.11554173353017481,0.5782124146356443,1.2766736218042853,-0.3739037599386096,-0.13379018117526426,0.5517009353082012,1.2249315294481753,-0.3832412860336541,-0.0907091887564422,0.6650697076422013,1.1170817876064116,0.5580228153858233,1.1456886278795928,0.4961135689787426,1.2054911523095493,0.4777834424329268,1.2703118134919993,0.4605793218364873,1.3242975587154842,0.5382152149264461,1.290731326279202,0.504976413417917,1.36279957899345,0.48884850444707545,1.4087353632330408,0.4781854316453252,1.4369510461798736,0.6102212600006327,1.3048889497989165,0.5905952089188257,1.3840880147705805,0.576643529974417,1.4155360699428128,0.5675404370095687,1.4160736450523903,0.6815757990502045,1.2980009248475095,0.6751539668628085,1.3713017490823964,0.6620148077053045,1.391282718424315,0.6457017147347189,1.3848926914119883,0.7491019905643407,1.2748378090167418,0.7599069953619694,1.3293682283938395,0.7510214345342101,1.3568748943176412,0.7325428336726034,1.367766602628889,,,,,,,,,,,,,,,,,,,,,,,,,,,,,,,,,,,,,,,,,,
-0.11270726374697662,-0.32704009663170286,-0.03941397631409857,-0.38608495172219015,0.011516301048825594,-0.38417145052566554,0.05938489244886645,-0.3806993920447192,-0.16054381859164024,-0.38249432218361984,-0.19225104191573317,-0.37948336560090046,-0.221915864783744,-0.37547128606010605,0.14473158358857965,-0.34236754752151677,-0.24578141732120562,-0.3371993040112924,-0.010430700806403579,-0.2550658212332095,-0.16930829161479635,-0.25224501192603105,0.499954590831068,0.006738479571775649,-0.4999545908310682,-0.006738479571775649,0.7202108593051266,0.3925680017522544,-0.9690716153850356,0.36099746985910797,0.6727728466814399,0.8712115630934059,-0.5650071982511575,-0.0407594566782188,0.6709291102291117,1.0277338909583238,-0.47937133750372357,-0.1428711311571849,0.5804483509378502,1.0052222438138876,-0.40997726312430743,-0.15665726319708276,0.5533028342161735,0.9648173114509886,-0.41835486905599734,-0.12066334201650934,0.6640073462468867,0.8776934941987152,0.5543027857085051,0.9042818038221444,0.48874590609459,0.9520415684647925,0.46964913025654653,1.0017899421281398,0.45144657593798554,1.0435837398430956,0.5325971321305212,1.0167361194077114,0.4996687836606462,1.0703891208689813,0.4825119473420988,1.1056244809985094,0.4701566714866352,1.128017522118923,0.6057157596259192,1.0276106693696871,0.5846484087285435,1.0868181531800238,0.5706787893653777,1.1131239343028332,0.5606654510887225,1.118232385271466,0.6790755485964902,1.0228406931394207,0.6699844521501429,1.079478006787683,0.6571362056262199,1.0926459329004823,0.6409951989761384,1.0857506989638206,0.7504335665616764,1.0055022547338088,0.7601825799062097,1.048360569487486,0.7509915443512512,1.0702298139569981,0.7319022405960943,1.078853926505621,-0.5609676968414953,-0.0024913908660473697,-0.46088587144685955,-0.02174962441993031,-0.3935586685949797,-0.04666786891382936,-0.3269574719965926,-0.055957392027649586,-0.25980287425939874,-0.06789638909554963,-0.49774397510899626,-0.1545338237434144,-0.40105923879782673,-0.16084886022824624,-0.32438520746279753,-0.15955073268053452,-0.2712317986389662,-0.15230184858851784,-0.5177234841390841,-0.17189243776101357,-0.4480753589415153,-0.21458571111333868,-0.37235261715901696,-0.21911347510056145,-0.311372388313292,-0.21125795895937977,-0.5274588609323491,-0.17528407352519929,-0.4745595029266702,-0.23228923368664503,-0.4032718159416564,-0.242567571586236,-0.34352139853806923,-0.23914163378503198,-0.516931536754115,-0.16492632693440684,-0.4796663913767178,-0.2089865417068719,-0.431444277055093,-0.22404216381403502,-0.38448055489264854,-0.22870650655415642
-0.12457834965134146,-0.38183705358595427,-0.052046576951988784,-0.4527483698231859,-0.00038859462118609044,-0.4505368537853668,0.04922025576996557,-0.44654272378167276,-0.17145053656327633,-0.44885333098783764,-0.20274930203569633,-0.44534886418294667,-0.23189488027834612,-0.4403853497645403,0.13879344286970555,-0.40001580497683886,-0.25161648969862205,-0.3924083393473101,-0.02169347119165793,-0.29504066714353927,-0.17794796203740176,-0.2938262662578427,0.49994084017117896,0.007691315162942339,-0.49994084017117885,-0.007691315162942339,0.7132556807686925,0.4791103180348087,-0.9768841056090355,0.3930926106988718,0.6632393973547741,1.0251025734547135,-0.576750472627928,-0.06424345015630803,0.6619045353311251,1.2079525648908218,-0.4913771739361157,-0.1740584438604515,0.5713988707258608,1.1810876838090132,-0.4226813298563402,-0.1818929317935783,0.5445456875539405,1.133597542975558,-0.4304333087339778,-0.1469885196521031,,,,,,,,,,,,,,,,,,,,,,,,,,,,,,,,,,,,,,,,,,,0.6533637743486037,1.0301731490608101,0.5455724038127804,1.0589426182705248,0.47622801386817426,1.1154145600795575,0.456311102110918,1.1756347116046735,0.4366821420999033,1.2260770462015305,0.5155955051390977,1.191434740881799,0.4836489417284604,1.2540026793424963,0.465909618306744,1.2960373830171752,0.45262513277737076,1.3240680232171345,0.588269477385864,1.2046680952693851,0.5691788375549984,1.2725876141419357,0.5562649496626715,1.3039760152752424,0.5465933236403645,1.3113227298079675,0.6616898803930176,1.2007542406151719,0.651390369978581,1.2654039152626086,0.6387081523548211,1.2827617957435777,0.6248849726819916,1.2740095641911824,0.7350104351972537,1.183329970694714,0.7421886608714221,1.2367677179227587,0.7316640245462874,1.2597498027762537,0.7137408981592749,1.2639027580108038
-0.15000368949265497,-0.3315285932352319,-0.07547326882858908,-0.40017778484692523,-0.025031980110278525,-0.39919833885848144,0.02636909303160727,-0.39657723365397773,-0.19224934268552638,-0.39591199071678923,-0.22282061489736138,-0.3928430057630715,-0.25008922197815303,-0.3885408920657455,0.13029338474751528,-0.35613153455557073,-0.26222220657719686,-0.3470687495328462,-0.046330603183350846,-0.24977860490376713,-0.19554453315475376,-0.25128902596859726,0.4999566641171045,0.00658285689475496,-0.4999566641171045,-0.00658285689475496,0.7104917734679846,0.4488840979372709,-0.9975082848329027,0.31453288317418854,0.6533707863333158,0.9254500980215803,-0.5828062887665059,-0.10879550367760721,0.6503510229596154,1.0892697459920664,-0.49330033584591787,-0.2095856279209041,0.5599089396085414,1.062513420119369,-0.4335772202395261,-0.2156194792725497,0.5335833699242177,1.019658399905098,-0.4417939551268007,-0.17861349812601368,0.6414043258456177,0.9255145347715085,0.532254015512622,0.9501083869631304,0.4625316947157491,0.9991005642359269,0.4425334735667317,1.0528255912328055,0.42290595779740325,1.098544943213952,0.5017477444737952,1.0716329937227353,0.4694638285463522,1.1288257819588676,0.45091228561465113,1.1662505280845814,0.4377074912807636,1.1884627329709452,0.576793349107337,1.0837338015452558,0.555202362679686,1.1465265276059944,0.5410748733833868,1.1761405346635798,0.530991649209454,1.1813353781497618,0.6520221302633593,1.0791274606696564,0.6407558279710927,1.137618738091268,0.6284506423023616,1.1535118555540564,0.6141825536711418,1.1454461775097216,0.7255222776044454,1.061224093957962,0.7335105149184813,1.1074047007476542,0.7235718639503076,1.1303146255799146,0.7047324992307012,1.137428679237122,-0.5663227671425806,-0.07485329786223167,-0.4860107428717556,-0.08237880085843013,-0.3925739693796556,-0.10339700459188181,-0.3005169806124168,-0.11155268717912092,-0.22778010032032317,-0.12495087575678913,-0.4985323152692637,-0.18935939765919002,-0.39763223387775654,-0.20811898985416166,-0.32438244039952335,-0.20973327084103768,-0.2674105680372868,-0.2005532138892581,-0.5232182847686377,-0.2098797314354845,-0.4644394365663545,-0.26675251583496096,-0.39821885290636116,-0.2777157046607563,-0.34123647817119296,-0.27125000885202327,-0.5339659023004514,-0.21671486707365092,-0.48962611379143417,-0.2785681984285847,-0.4288905126648654,-0.2902010639128939,-0.3752419317156457,-0.28531587891360893,-0.5263278387001035,-0.2130972091059232,-0.4873418949868262,-0.25665368098153923,-0.4532317015609757,-0.27025112838510346,-0.4212747784339934,-0.27280764904896815
-0.16282371862911024,-0.3470499907835798,-0.08828704232091998,-0.41968119116371166,-0.038662987156227076,-0.41918685701374575,0.012252257536023443,-0.4169724350255078,-0.20608697448166255,-0.41367515799397164,-0.23742344503260904,-0.40981240949574077,-0.26514571216567406,-0.40459504892407655,0.11969802662086698,-0.37380198995447034,-0.27551076571258093,-0.3593618946729564,-0.05800197987446423,-0.26284423416213887,-0.2091941978149962,-0.2631567859473718,0.4999227727433851,0.00878756465499218,-0.49992277274338526,-0.00878756465499218,0.7043130309481203,0.4804318746393012,-1.01755474100651,0.30417123211156366,0.6464496657528871,0.9776720463947698,-0.5871608907514475,-0.12966952214110142,0.6419366163550716,1.1502106160281365,-0.49755877629111095,-0.23927832096467377,0.547574888412085,1.1213914225941457,-0.44570628237905685,-0.24494777790449618,0.5213068812803522,1.075219091959173,-0.4535616555413481,-0.2027660401341125,,,,,,,,,,,,,,,,,,,,,,,,,,,,,,,,,,,,,,,,,,,0.6283281130567859,0.9755162424915337,0.5176490204479922,1.0035173567831428,0.4496154838186234,1.056746010028375,0.42519771039284915,1.1135649137279868,0.40341218291575215,1.1624384343611165,0.4857535057186448,1.1295386733971347,0.4511724390509504,1.1889948059110027,0.4314994718884735,1.2285635343154244,0.416612580142587,1.2544291250791808,0.5594304079999027,1.1427639741931939,0.5361353083924074,1.206529998481771,0.5224454131529054,1.2380555300092084,0.5120281999816981,1.246751442967757,0.6348505498859899,1.13865735418098,0.6212481605363405,1.1992672840512655,0.608457015746325,1.2181342732731608,0.5931774938614727,1.2128176948650065,0.7095910881690106,1.1206753693402305,0.716473101602367,1.1689208223480307,0.7057612725312641,1.1939915783996526,0.6854111855573546,1.2025271203897863
-0.17800500300889002,-0.3303596748117438,-0.10812264659231233,-0.4021123223689616,-0.05776577374957326,-0.40278351306325133,-0.00783159633582914,-0.4017943879486653,-0.22278562872195623,-0.3939584837703351,-0.25157191523108846,-0.38977925940117936,-0.2793464715165389,-0.3843269765550269,0.1110130444476261,-0.360746242880182,-0.28292836998190524,-0.3427599096807875,-0.06786947771930564,-0.25127359153984513,-0.21827847352008137,-0.24788408985478919,0.4999135238109375,0.009298855355971466,-0.4999135238109374,-0.009298855355971466,0.6985043400578137,0.46985929812663113,-1.0264224809310647,0.2836236923984149,0.6385145314213594,0.9467016814447347,-0.5901943342432928,-0.1277694092924147,0.6310490827911854,1.1136671781819765,-0.4989488129473907,-0.23726021214090143,0.5318280820869428,1.0852614641973097,-0.4507671840261787,-0.24514724998564127,0.5049609707233672,1.039991527397523,-0.45744603993914285,-0.20352712485681,0.6160185925887995,0.9439781250077464,0.5041510119697562,0.9701162967435387,0.4338669320994781,1.0194736059980598,0.40832498143967066,1.0742034597687526,0.3868768752722814,1.1216177651737524,0.47115452959842136,1.091834649842995,0.4350402135666384,1.1500402343967113,0.4145054895926689,1.188292896262024,0.39922199501252953,1.213218200072793,0.5454412881141755,1.1048816972893536,0.5207939502087112,1.1685971891236193,0.5054305897500533,1.198898207360507,0.4927043354816221,1.20746300214157,0.6212636931861969,1.1016787297098791,0.6065633918916439,1.1599258249890942,0.591851216054002,1.1809889708994705,0.5742816804043187,1.1800562626345394,0.6965450404481092,1.0855700020988341,0.7006185833023426,1.1318672916176888,0.6887377198919016,1.1555551229643204,0.6681079995732189,1.1650885516563823,-0.5848642923578307,-0.09728347964194209,-0.502433895581603,-0.10592276730676349,-0.41277362578809834,-0.1262575886697546,-0.3323056887822361,-0.1296736949561528,-0.26939953066807176,-0.1370103005807808,-0.47035663691278795,-0.20221519724593737,-0.3732185651337988,-0.21048583193130774,-0.30695736978473676,-0.20524766895468188,-0.254900043219147,-0.19085748537928016,-0.4910916959201644,-0.22586691426138494,-0.41359948110745776,-0.2788348264197769,-0.3489816650644634,-0.2901438952635544,-0.2973179221448114,-0.2829104249232789,-0.5103287430118707,-0.23508825777174353,-0.44466797818836334,-0.295454324639571,-0.38143517437680385,-0.30386428441452407,-0.32993097168930086,-0.2965556041870497,-0.5208283289262032,-0.23142923826713194,-0.47055285416109127,-0.27194091381408025,-0.43201622710157217,-0.2839726843887888,-0.3985454333437823,-0.2835701812995448
-0.17808740256640843,-0.3350710393466979,-0.10684723131093436,-0.4061207914588281,-0.05702956029063258,-0.40667206640583625,-0.00826450931778461,-0.4058941702604301,-0.22573706080769368,-0.39897116293856855,-0.25462518461595973,-0.3948864605667666,-0.28309668237074037,-0.3894713219190708,0.10892372863011754,-0.36387800199070186,-0.2869653254017669,-0.3463339710531741,-0.06866182891731969,-0.2545531908187365,-0.22025007453475945,-0.2517969694392691,0.49985008768941624,0.01224295049745069,-0.4998500876894161,-0.01224295049745069,0.699035408610611,0.47903109172474917,-1.032469342947451,0.2865216169445708,0.6308315895760395,0.9658634964783639,-0.5947820926467517,-0.11461623021092646,0.6189816833431937,1.1365011693655813,-0.5036120267704267,-0.22822817311140867,0.5206879271822493,1.1055047875409116,-0.45496165851142495,-0.23448044149468567,0.49504225763888055,1.0589583039423554,-0.4598806144774727,-0.19227993982588826,0.6044614867287789,0.9604080253148984,0.4935945445873134,0.9878316823491242,0.4240835541002051,1.0375705689164176,0.3998954028362425,1.0920522832981963,0.3771580407737573,1.1385289901109152,0.46229856443670686,1.11098525566282,0.42520557978001183,1.1689344929117802,0.4040166746786581,1.207359265350019,0.38766347723640293,1.2323402748132186,0.5367733073229329,1.1244475746622244,0.5113850730751881,1.1889128902193773,0.4957682290177273,1.21991034553306,0.48338845596282054,1.2279944845779265,0.6126776908800025,1.120908894809046,0.5978833324048264,1.1817999520200224,0.5841129473310639,1.20129374571609,0.5678924088536934,1.1978628748309197,0.6875000387061003,1.1038689436408529,0.6928736880807744,1.1513590240817322,0.6813150547925666,1.175978421103164,0.6609253718898004,1.185706225182326,-0.5799466867962092,-0.10453225781284772,-0.49620879136270263,-0.11188151695061,-0.4113258952547464,-0.13111560298334693,-0.3347439896799183,-0.13705061702442403,-0.2753039294806158,-0.150182914830154,-0.46598850238387785,-0.2131103806985671,-0.3797804585723458,-0.22229557442061054,-0.3149036879252068,-0.22006018690685739,-0.2668575908642229,-0.20761503708605175,-0.48716702547928403,-0.23743249794121737,-0.42131953727605453,-0.29111024573013417,-0.3643427041174793,-0.30321947016769446,-0.3205790883801511,-0.2966261773283609,-0.5018727523851678,-0.24454374922926642,-0.42988844124043873,-0.2978043315199987,-0.3678499956637224,-0.3027424576570418,-0.3195306980388238,-0.29318568338096795,-0.5013061640235518,-0.23462229539995932,-0.4255121373445167,-0.24612342665061535,-0.3757586809535937,-0.23852718836210363,-0.3370902268943667,-0.22457117943345342
-0.17269252543432786,-0.3354911061092495,-0.10340846644916007,-0.40678062086928995,-0.05352836839517564,-0.40709027174938656,-0.00524866432608412,-0.4061476710079065,-0.22394363534998032,-0.400051493584646,-0.2525778023380215,-0.3960804328613375,-0.28182368699331434,-0.3906851007691461,0.10859630466596719,-0.36476394458339256,-0.2875195456429308,-0.3469446999727991,-0.06549790972855113,-0.2536688609423785,-0.21845008232348426,-0.25199478331687686,0.49981466901449684,0.013612370768122741,-0.499814669014497,-0.013612370768122741,0.6973394655631675,0.4776868386751141,-1.0318278574110944,0.2792079469695283,0.6240134228017801,0.9649048058140844,-0.5917675195444971,-0.11684300445974356,0.6098885152473303,1.1362275798630055,-0.4991084716447534,-0.22772443397734818,0.5091913954229838,1.103879893197932,-0.44835462837463474,-0.2355647313881181,0.48448514525327574,1.0551425238472272,-0.4531241250632334,-0.19348847884028308,0.6018934584718293,0.9630080264475304,0.48814796201207633,0.9864878210268174,0.4177588553683935,1.03581527906719,0.39252451743069244,1.0911762712798536,0.3706787746762667,1.1376178459910011,0.4562919795594878,1.1074797715736986,0.4170527540146076,1.169078252729251,0.39565636594276526,1.2086439447305954,0.38004301901023707,1.2334454582330234,0.5322976356716302,1.121311892105931,0.5042315951059917,1.188537531387096,0.48690878006049076,1.2199502464459056,0.4733152248165999,1.2274646762720747,0.6089521676266995,1.117806016943981,0.5909293962487129,1.1797932389592807,0.5717638429407892,1.2014596762736713,0.550273551262202,1.2009148256722189,0.6823204574095261,1.1012436627758742,0.6874488617484446,1.1494131791073898,0.6749635226896767,1.1745054431700075,0.6531062580203127,1.185111397939966,-0.5636182331434315,-0.12136136937572983,-0.4799554964273037,-0.1284961826345204,-0.40373313229836844,-0.1406259709047981,-0.33452002910602746,-0.14734957760918532,-0.27800830087754264,-0.16078536648381733,-0.4627422355896718,-0.2229180021165748,-0.37459286519667423,-0.22261091983979214,-0.3153683020960295,-0.20923685411941984,-0.27254000004795237,-0.1912998371300153,-0.4806869459939531,-0.248172816597864,-0.4000028163212225,-0.28766141216242824,-0.3383818869453826,-0.2873071749292857,-0.2943682678980553,-0.273507794504965,-0.49801830645969974,-0.25948325874836653,-0.4351526262067212,-0.30695392329168353,-0.37904262874574235,-0.3077628416487514,-0.3360213346224532,-0.2968399518997465,-0.5093322508331011,-0.25859007486765717,-0.46672833807844205,-0.2929366332966721,-0.42580720100048286,-0.3044162965669897,-0.3900762065223181,-0.30380228536287596
-0.1723576319725089,-0.3745610285173902,-0.10236711074767467,-0.45524860776787346,-0.052742271019362706,-0.4557249947259974,-0.004591291930694328,-0.4549008324015099,-0.22356819212190976,-0.44747649845016624,-0.2522129377000785,-0.4431701149919219,-0.2815516940081068,-0.43733705953262014,0.10831181001687722,-0.4089974480361205,-0.2860865759631799,-0.389007967760711,-0.0657493072024224,-0.2828644860205651,-0.21872000676181017,-0.281446923385931,0.49972598826532977,0.01655103175755244,-0.49972598826532977,-0.01655103175755244,0.6999897551990394,0.5383833296901698,-1.0314235184242924,0.31835046032268965,0.6208533285990928,1.082752639778408,-0.5862379591671806,-0.13169586440185072,0.6084757797354795,1.2748488720456157,-0.4937802328093497,-0.26555729198854405,0.5038443485621111,1.2367179836059248,-0.441980320438051,-0.2725565719317149,0.4784217407914449,1.1820117500616754,-0.44560169684748424,-0.221504728946665,0.6011742645249869,1.0807606635816427,0.48595043217610023,1.107534899321515,0.41446751903452467,1.1613862996406368,0.3896116034785275,1.2230449476482272,0.3658091862246915,1.273579938705401,0.45376112377232336,1.2397354160212957,0.4112695775059271,1.3072375149475084,0.39111042853291433,1.3514403825851022,0.3766168574688798,1.3811317044883906,0.5291284998479329,1.2551971582852404,0.4990949646742068,1.3303211048898893,0.4827129316518327,1.3659292473172533,0.47013854797966786,1.3762439485241724,0.6049006835103008,1.2523850576696742,0.5851665056898004,1.3209902780642933,0.5678279515148448,1.3447905533095903,0.5483678061546403,1.3455878249004634,0.6786165675336715,1.235349047665303,0.6802688277217488,1.2888262114488813,0.6677910371312439,1.3149853109182095,0.6469117608098713,1.3266799449152797,-0.537432336310363,-0.15353835677938774,-0.45942391718888764,-0.15627949335033525,-0.38878019245060086,-0.17158289816363584,-0.32575560709192347,-0.18127430137575065,-0.27434725196417314,-0.19615415565639996,-0.445333905490874,-0.25950253832447423,-0.3703083498632858,-0.26476530404021836,-0.32555291524760505,-0.2459576414376589,-0.29364656888324386,-0.22335228558047138,-0.48378745767256576,-0.2834370094991833,-0.41438734485640705,-0.3324076127979296,-0.3587198685395158,-0.332914327005146,-0.31816997763825794,-0.31549505961210195,-0.5250099475171919,-0.2891570465557056,-0.4847438828081677,-0.3450189372987297,-0.43978172363501783,-0.35299070816570294,-0.402958251719074,-0.34514071881597774,-0.5639902488499641,-0.2822423908061781,-0.5666065195150461,-0.3274530166076662,-0.5428760189790663,-0.3460907864762869,-0.5156910195445135,-0.34971862995341974
-0.16938372820256312,-0.40318618343820056,-0.10019587302461995,-0.4888625343344488,-0.050730138073541806,-0.48922565529752426,-0.0028606964907461883,-0.4882795533583824,-0.22065573963731214,-0.4809392468815576,-0.2489289933591125,-0.4763715964547305,-0.27892686878854034,-0.4701700167076718,0.10895785218539462,-0.43913847117458005,-0.28489495119906477,-0.4172055141514794,-0.06389189124675185,-0.30503867700280446,-0.2163749017481986,-0.30356406453232965,0.49966042964433466,0.01842430589299648,-0.499660429644335,-0.01842430589299648,0.7011062123448937,0.576926981781094,-1.0287810303507376,0.3348755991926578,0.6178988454895304,1.159246951639791,-0.5794526717467335,-0.14472654548811112,0.6073540703851441,1.366262244892918,-0.48980579073981684,-0.28536164289182436,0.5000083249929697,1.3238080538763548,-0.4346143500549906,-0.29523799942433576,0.47370053623254926,1.264915565943737,-0.43738543713775496,-0.2406047414274192,0.5984500579167444,1.1610387716410406,0.4857800761063683,1.1877127276008974,0.4137829899479319,1.2433526307001899,0.38943683259133005,1.3081619706919816,0.3683371234550215,1.363204171073388,0.4528156979975188,1.3261407138677115,0.4123444474732727,1.3981449371304135,0.39285291573368497,1.4456383803719146,0.37884509640682523,1.4789617790682559,0.5276789434662253,1.3423659135709234,0.5001308071570345,1.4192474498985446,0.48395741116412544,1.456759736207954,0.47182726833050465,1.4698819607790854,0.6031597750579634,1.3401709018655823,0.5855687294791012,1.4104697953602265,0.5726362230480223,1.437080999895576,0.5580550951879572,1.4403562194069492,0.6769969688455441,1.3234895121877275,0.6806422987300302,1.3792403804159874,0.6694830043486609,1.406314951775117,0.6509291607884243,1.4181160840396885,-0.5528075299209697,-0.17004830946181376,-0.47454669822513873,-0.18306812591641053,-0.40723172759348397,-0.20104714512479946,-0.3420258844927966,-0.2061778101653498,-0.28390637254309475,-0.21563625325194996,-0.5115695678845805,-0.3074316961356225,-0.43412183374737756,-0.2887446531565847,-0.3839946184391976,-0.2628106027395055,-0.3471361125601714,-0.23252917595757883,-0.5103776190000147,-0.3305388500851865,-0.39098884836978687,-0.359232675028171,-0.32186050917297376,-0.3379627484522822,-0.274556613169323,-0.30204344661866783,-0.49447985579572096,-0.3295335851461061,-0.37100748381287835,-0.36089048117341666,-0.30664387330828063,-0.33601584410204904,-0.262891001673122,-0.3038611216789885,-0.4686357358222691,-0.30988544245344746,-0.3680973344295991,-0.29648230864621616,-0.3250542459768071,-0.26902382186369056,-0.29399993792258466,-0.23829747644070182
-0.17863153354125574,-0.39109445258798253,-0.10515028381960405,-0.4695158682784782,-0.05680385290328166,-0.46936110682447935,-0.009457927477330059,-0.4679709243038915,-0.22379336777672612,-0.46152290981186694,-0.2526572211583971,-0.4565467270940959,-0.28322835032596,-0.45036244188039914,0.10401453334743226,-0.4178281256487557,-0.28834374202043933,-0.3963016611028545,-0.08054491838053092,-0.29412893720853245,-0.22448006264526124,-0.2917923238215948,0.49960937097510044,0.019760476559648323,-0.49960937097510044,-0.019760476559648323,0.6995106753261459,0.5515372936895742,-1.032198057864028,0.32129331555486157,0.6158741411897514,1.106167145893723,-0.5805522438723948,-0.13707429934537813,0.6056566133458837,1.3030874587117574,-0.4873322387990008,-0.27028310850140097,0.49827843740419253,1.2619961255769196,-0.4325100898868712,-0.28839615266671403,0.4714832174941636,1.2058692465536704,-0.4378895358817565,-0.2366658123298513,0.5951238340600619,1.1076638883518026,0.4856585821492102,1.131194809240373,0.41372208370407,1.1828393412463059,0.39251282733926246,1.2437236793029758,0.3724593008189383,1.2965511404424441,0.4526638014327764,1.2649978410880864,0.41300186575410835,1.3325463343152513,0.3939044674645016,1.3774887103184201,0.38061645589317705,1.4084541350463857,0.5272500641307364,1.2797045134142806,0.5002314210476466,1.3525718973258085,0.484812148356857,1.3866530400617478,0.4742098254866432,1.395344898627832,0.6017016581749421,1.2764511518387334,0.5858205546087972,1.343069062472914,0.573671175149882,1.3691357070999883,0.5601572429839576,1.3707779734825634,0.6748269292726197,1.259243954701621,0.682763734923384,1.312422179283646,0.6723003071126052,1.3384094949843706,0.6535771378351416,1.3483194816115758,-0.5388601926465887,-0.16014833465150677,-0.4616043784328469,-0.16601315895153182,-0.4081187342627506,-0.1833558982277051,-0.3583246633459119,-0.1941051866468796,-0.3227535041480339,-0.2125262214285665,-0.5080510399954294,-0.28506429398027006,-0.42743043053133356,-0.306526227158931,-0.3673018371769952,-0.2880692054139663,-0.3291061761057109,-0.25853511618162656,-0.5058462970499148,-0.3030607964226567,-0.39397939011066985,-0.32976176600220297,-0.31562672756795884,-0.307730739714481,-0.26588452617539043,-0.2730241593174874,-0.4906121217170309,-0.3005620228021656,-0.3782536069533122,-0.3175157789047096,-0.32283207687183607,-0.2926265471613253,-0.2901421736925029,-0.26261989919222084,-0.4626596350877253,-0.2862669677858716,-0.36641746178818535,-0.26320024369977624,-0.33216657409233763,-0.23403394823689727,-0.30883546996617345,-0.2031677284466294
-0.18500764734825045,-0.3906452405238198,-0.10829900436765522,-0.4633364195478611,-0.059949065778691364,-0.4624914434224139,-0.0125926836763505,-0.4606211198664983,-0.22719578419670466,-0.4569457116154661,-0.2564082119119348,-0.45241375398509986,-0.28698163108724095,-0.4468235294465428,0.10077784720545316,-0.41022521436075676,-0.29110223435029253,-0.39043336424988456,-0.09069946581208556,-0.29180296556152213,-0.2323207225522011,-0.2913850425044983,0.4995269802711965,0.02174387226644805,-0.4995269802711965,-0.02174387226644805,0.6979686199751913,0.5393675967797334,-1.0349999854132117,0.3112020965905018,0.6156400889092758,1.0830952669376621,-0.5683806180217772,-0.13542914538590672,0.6059012335992873,1.2747514375043265,-0.46623485025250555,-0.2617052614561526,0.4969582075337938,1.2344213052707858,-0.4122834049506491,-0.28813861619753733,0.46979053908544494,1.1793722230161896,-0.42175510481634587,-0.23864576740619356,0.5977953370712655,1.0820085812615938,0.48760584223255,1.1060764915002237,0.4171068310557976,1.1580616619480444,0.39467174046353004,1.2171617259742515,0.378363517380404,1.2687011118279137,0.4555675912785833,1.2376086651190208,0.41659119025229835,1.3039331828604097,0.39736485211808853,1.347491481378112,0.3841937807543488,1.3770886636848285,0.5298747223871139,1.251411013432241,0.5045496181089402,1.3231423839339358,0.4881609404323603,1.3556601411548446,0.47589681175846327,1.364088556185481,0.605120362102536,1.2475438320779138,0.5895273765057122,1.3136283119609096,0.5768688663438086,1.3383110620282523,0.5622979235489934,1.3403302947841782,0.6784116096123844,1.2303458053464962,0.6870920443257166,1.2827469271117895,0.6769133834031875,1.3079918801346118,0.6580735352777225,1.3178634370610307,-0.526360126988869,-0.16405503164419666,-0.47315413776463594,-0.17226844133595817,-0.42202331887370914,-0.19649811994558386,-0.36987757875962013,-0.2108677720187742,-0.3332922959497864,-0.22603297813692474,-0.5197188697644037,-0.2949635783341076,-0.46600070428854246,-0.34451262170265734,-0.4141195212048415,-0.34011482808957155,-0.38089735588643875,-0.3175912185584753,-0.5068810690431644,-0.3043118955931326,-0.4065644884243431,-0.3359655593877293,-0.3307883873224168,-0.3096893008518822,-0.28763864485459634,-0.2709065555269118,-0.48033557636835494,-0.296277014058551,-0.36089322585714106,-0.30321110769288356,-0.30952421902506827,-0.26307784936712864,-0.2881657379267811,-0.2244782186369896,-0.44338285858506815,-0.27880813032227864,-0.347736301413542,-0.25241541056120753,-0.32249357647986165,-0.21785188782823975,-0.31340047514364716,-0.1869881200433697
-0.18583926352517324,-0.37202533106376096,-0.10855875682733661,-0.44015429041649834,-0.0593083507471549,-0.43889041435543463,-0.011632267692845118,-0.4368681802734892,-0.2270896877846101,-0.43516646924104424,-0.2563860120945355,-0.4309452640685504,-0.28771635096029197,-0.42555158736211735,0.10178259528729376,-0.38915538143722633,-0.29156118393287955,-0.3705617656615523,-0.09139848165110763,-0.2774271103309598,-0.23289577491363259,-0.27719641307671594,0.4995894299464463,0.02025836829028704,-0.4995894299464462,-0.02025836829028704,0.698397632342773,0.5083730350841881,-1.0305388329610519,0.2857392955369929,0.6157653332480367,1.0212040851210642,-0.5533462585910746,-0.12781583220292156,0.6060670947939719,1.20234340777807,-0.4529768051799974,-0.24868751108385492,0.4974457447488767,1.1640469349281095,-0.39823949401423625,-0.2704076231626568,0.47026400147676245,1.1117774706375632,-0.40568505122872245,-0.22391595318610982,0.6023566035389448,1.019419713307225,0.494235999235918,1.0423067915985802,0.423291044083371,1.0911200475074208,0.40271536684807596,1.1469495116799153,0.3883238417044927,1.1955704051826903,0.46311883388468317,1.1682693545097327,0.425253743810655,1.2308038143663713,0.40725098994367087,1.2710080429976978,0.39516563216107686,1.2981742132967056,0.5377054711198485,1.1803583925878849,0.5138774522172461,1.2472498285576623,0.49810357585652865,1.2779384330162218,0.48700429013568314,1.2854256701007887,0.6124195113324991,1.1766110498576052,0.5979088711509644,1.237877504662141,0.5873907049113877,1.2623438005851093,0.5759942098240025,1.264622517875142,0.6854364513685087,1.16071589164732,0.6929692246908802,1.2102367432754415,0.684050630781337,1.2326296380118207,0.6678382645964448,1.2401069979021369,-0.5312963882040431,-0.16767516864155488,-0.5325313875659768,-0.21409097852783113,-0.5022091898102625,-0.2595206072405876,-0.447113858930917,-0.28529057136375313,-0.39086920285528415,-0.29528159623029787,-0.5407065725736118,-0.3016027171887017,-0.46176365939950853,-0.3482722171420681,-0.39346756827053647,-0.34232416266815474,-0.3516784279413993,-0.3223678988889086,-0.5088424325790414,-0.29064231047492445,-0.4079162416483473,-0.3352139591379005,-0.33616697087545705,-0.3233584519352935,-0.29800110569346183,-0.299050514962773,-0.4698703243489043,-0.2661200302911,-0.34494611538377395,-0.2743519835339972,-0.300164354283187,-0.2382263884433965,-0.2880940304374218,-0.20430170749795096,-0.423799017679684,-0.23594520185480114,-0.33586677399582976,-0.2235110287021299,-0.32395430648676743,-0.1916479691747202,-0.329238735282107,-0.1625910043418508
-0.18476516167260099,-0.4027241568787185,-0.10751160019566289,-0.4777430369720578,-0.058241301066292876,-0.47618125489883956,-0.01072383575420677,-0.4740500201283688,-0.22522316866983108,-0.47350427435505626,-0.2544518554406176,-0.4695342491818222,-0.2858788029398671,-0.46411323642132085,0.10231488873451444,-0.42489229800005823,-0.28846435794028,-0.4055625744978394,-0.09047912188591467,-0.3025468787354297,-0.23111371820416235,-0.30205955991458866,0.49954926451602016,0.02122574666538948,-0.49954926451602016,-0.02122574666538948,0.7007316994818927,0.5597359544906463,-1.021181280374813,0.3070549980068986,0.6157233016794531,1.1186344707389797,-0.5231471699532688,-0.13680965046285024,0.6065027336274295,1.3146065190675016,-0.42253525956067334,-0.2768697148069501,0.4993925758791578,1.2736071632867183,-0.37342280402126293,-0.2890344186123286,0.4712357818287258,1.2194458648683273,-0.3809750423242857,-0.2369041755190276,0.6083250571227322,1.1116186365914855,0.5017353982369619,1.1352999075167636,0.43105842843413117,1.1912158721413995,0.41099554568933977,1.2521200212472892,0.39786257402032743,1.305024321944832,0.46928949336764963,1.2781274013961716,0.433436669353585,1.3473217202700012,0.4159941826943072,1.3904955671115784,0.4050804534016914,1.418049735588874,0.5439497039107679,1.2912189309313307,0.5206196513459935,1.3673653937092336,0.5055396212471737,1.3976695653635678,0.49760624842205303,1.399891293354899,0.6192276218687411,1.2859844775088496,0.6045431632057346,1.3555964982291144,0.5945118180794302,1.3786628044706957,0.586068148477501,1.3765091896563562,0.6926474127853958,1.267215139690063,0.7002314122985933,1.323315098351248,0.6906732129578026,1.3467669074828683,0.6752157056883594,1.3528680789679017,-0.5277588014245609,-0.1626381671781258,-0.5410551989568363,-0.2347707292817714,-0.5150458476985874,-0.3016776838300777,-0.4606633411763521,-0.3396215886414162,-0.4062386788660663,-0.34970561180703924,-0.5108373911043329,-0.3364858171983241,-0.3988130041732857,-0.3618668214948967,-0.3286639441819969,-0.3331957738322793,-0.2965685675777046,-0.2954210462300274,-0.4789347954211925,-0.3110541260830291,-0.3441112493657475,-0.3241966962715965,-0.28946522104515254,-0.292390938669944,-0.279014916682815,-0.259976673867608,-0.4462525101513061,-0.27354680904447354,-0.3189667654851681,-0.2755757855907852,-0.2884345216519341,-0.2415577208463075,-0.29415125074512666,-0.20885401927109223,-0.4106328904167979,-0.22934777043049884,-0.32169601590009933,-0.23116143857057941,-0.3112913321851037,-0.20510372543766017,-0.3226655990252542,-0.17710717514460406
-0.18439210397029543,-0.36577378513194103,-0.10703727472084794,-0.4342226697736773,-0.057792830787408996,-0.4330786676359247,-0.010309502267863748,-0.43147345217412203,-0.22472145447683298,-0.4305391180559898,-0.2541289061069653,-0.4273536284547492,-0.2851527344852811,-0.4228200201517586,0.10218342892136317,-0.3879684644851761,-0.283622200084048,-0.37058500644402614,-0.09020928764411046,-0.2761664928532826,-0.2292555086631823,-0.2754399762695632,0.4996931615072307,0.017514118387989375,-0.499693161507231,-0.017514118387989375,0.7073750544681214,0.5075008783001828,-1.0135334208757594,0.274422450772963,0.6205949857366332,1.0161178405482454,-0.5044996592857515,-0.1285544142172171,0.6110160576580906,1.1937695696638402,-0.40188061894794047,-0.2507664110688545,0.5056765270669811,1.1564142270553588,-0.3554468382264241,-0.2627931167131009,0.4774055241757927,1.107351749552413,-0.3649391540714966,-0.21728188123549194,0.6162745750595106,1.0083298724119363,0.5104453966418496,1.0307666032759266,0.43887270386305655,1.0827719959061468,0.4205155296864957,1.1394182445255259,0.4084082942771431,1.1876644166842394,0.47941569787882055,1.1597870983978489,0.4448733918695009,1.2233105546078333,0.42796976344219956,1.2634181319113174,0.41762479827652066,1.2877626325685696,0.5543212294015464,1.1709809247868723,0.5323061318980944,1.240826603936909,0.5180790139566519,1.267932833082838,0.5094012380494589,1.2681066177806049,0.6291936558039233,1.1660156706952156,0.6163463669774756,1.2309231289288038,0.6046011707040286,1.2520566354713005,0.592770901970151,1.2480845287450295,0.7031576161130132,1.1487599765892758,0.7108432007678976,1.200816860981797,0.7010748806055002,1.221993330963464,0.6850639355978315,1.226465390519329,-0.5042320274843286,-0.13115675961039588,-0.5273435396276981,-0.20104652858190306,-0.4988086581318704,-0.25644534903159455,-0.43446799061202307,-0.28004241457669243,-0.3775991680020188,-0.2807645865429677,-0.49466310793054247,-0.2900496776681861,-0.40022786506169933,-0.32774607274603496,-0.34440685800505433,-0.32529683488982386,-0.3119106216577454,-0.3140845438766627,-0.44622983568145935,-0.2729450394743097,-0.32983704432651456,-0.28988667405815116,-0.28702586838779637,-0.2661748382022365,-0.2765502149853923,-0.24434872722884843,-0.4015137680212867,-0.2478100195819152,-0.30160857766554156,-0.2517659949045278,-0.2801323044900892,-0.22871747753969557,-0.28361305768162604,-0.20991067455030865,-0.36126891256029,-0.21579421181231764,-0.295855215703562,-0.21100640316090385,-0.281492886442091,-0.19802818606844505,-0.28162347844300095,-0.18833590774165365
-0.18382870663543135,-0.38390175660788656,-0.10621360579115056,-0.4560977785934807,-0.05703281872072069,-0.45474490230348324,-0.00962591191555952,-0.4529700979591658,-0.22404852237558523,-0.45327642638066634,-0.25309987561921715,-0.45034744984915,-0.28403062624399417,-0.4458762681611139,0.10242076083832186,-0.40827622553556964,-0.2810092970490939,-0.3909698787444748,-0.08922467682613654,-0.2895453062217569,-0.22855517089898994,-0.2899691856827225,0.49968798895243427,0.017661078581786824,-0.4996879889524341,-0.017661078581786824,0.7097364965460092,0.5333776391101119,-1.004517989517538,0.29046806703389905,0.6223042640720731,1.0700905715528939,-0.487622390503512,-0.1336130675663886,0.6178340704136795,1.2564349737198057,-0.3813138481641659,-0.2606135391823228,0.5119400939534846,1.21842428726098,-0.33612559021480587,-0.2760714796610482,0.48092864245339256,1.1675241356880832,-0.34529182455810004,-0.2289184106449602,0.6281864825810325,1.062764312254579,0.518950970473108,1.0864426804942129,0.44780550201806,1.141419575081401,0.42933009948079426,1.200477285183706,0.4167490350118324,1.251017020433508,0.49050097822169303,1.222488982460328,0.45505338325374567,1.2896633563962479,0.43832916085472323,1.3321970640848728,0.4281875905451658,1.3583338653230939,0.5658567431180888,1.2347998130820481,0.5442702689345893,1.3068633939470322,0.5293281988810227,1.3360513467415476,0.51890710921072,1.3380136133895086,0.6406748228023141,1.229649457037521,0.6284892791906772,1.297172538856661,0.6146033421656676,1.3177077848963485,0.5993998359033923,1.3129745208114103,0.7136030207246915,1.2112470136178803,0.7223252559732848,1.2651010857898524,0.7117418026825625,1.2873598481165807,0.6936192139839806,1.292626270434647,-0.5128067386335666,-0.12345837160069721,-0.5213564144419744,-0.20534397602015458,-0.4763115712781862,-0.2670719740077623,-0.397693336430734,-0.28296987184133904,-0.3386633874666681,-0.27439450018032036,-0.4729186717837126,-0.3030790324821136,-0.34751634081961535,-0.32542302037300125,-0.3307951002169394,-0.2929847028567899,-0.34667008777906483,-0.27173083010885996,-0.4252373435276886,-0.2807061977103756,-0.294577913230642,-0.2875805791045469,-0.29797927717926065,-0.25411543989571406,-0.33364463946748607,-0.24157086469533892,-0.38003696601898423,-0.24986862755005665,-0.27288553718335,-0.24632029151792997,-0.28859412127194134,-0.21778678112176506,-0.324490524683536,-0.21056174043772768,-0.33934169804202186,-0.211427358972656,-0.2770237895774856,-0.20029958984086876,-0.29765608893008466,-0.17687923149731083,-0.32862935419954503,-0.16980860646959
-0.17822520247915685,-0.3837380131618836,-0.10021807627524323,-0.4560522419523799,-0.05140301325309904,-0.4546280564982604,-0.004833018986455734,-0.45278221286602993,-0.21819976504758695,-0.45330540731946667,-0.24716086280478872,-0.45042146258852034,-0.2781621872777561,-0.44619876057984836,0.10394861130477936,-0.4081891723058436,-0.27817385122448923,-0.39286165739758205,-0.08324250315453698,-0.2893499936228323,-0.2243945739142045,-0.2897543961593433,0.4997136500766859,0.016919454099807153,-0.4997136500766859,-0.016919454099807153,0.7132371364468099,0.5250064658110408,-1.0015371731626477,0.2934382206314496,0.6291948335728916,1.065736901271339,-0.47527527176433587,-0.12871790599423838,0.6279416822709802,1.2531846809620488,-0.3713263712707948,-0.2538439609361298,0.5228022880406236,1.2170773784189068,-0.3267784812241665,-0.26972658898463,0.48950046696610894,1.1651412973294992,-0.3362806455652898,-0.22343454775213392,0.6376395310077096,1.0665566717520771,0.5286363821247984,1.091891693759861,0.45919849731586193,1.1458239890725845,0.4406510868775431,1.2041121863466258,0.427601347596963,1.2543539844391367,0.50219874550463,1.227385541697439,0.4666310340837519,1.2947891379006016,0.45099054908085107,1.3371890544159635,0.4428807322324052,1.3620604691858846,0.5778915904426752,1.2396166464748575,0.5555779783608432,1.3120549798798165,0.5409297963965479,1.3391118259085286,0.5320015753517002,1.337891350528765,0.6531976936097003,1.2344571246333136,0.6399553546136417,1.303059265400807,0.6252543475021586,1.3216887280822207,0.6104827783327522,1.3146249654371203,0.7262519802834447,1.216173794821826,0.7353812839141224,1.270260965893146,0.7241723274997959,1.2903249419126908,0.7058339041401339,1.2928712965913507,-0.5105495529880588,-0.10588520702792825,-0.5185943987613133,-0.1985832362296924,-0.47335351604472803,-0.26737952421597555,-0.39072804531200134,-0.2838235981401783,-0.3291317065766478,-0.2668982788222904,-0.44285788632020895,-0.29799400752489685,-0.32147996472717744,-0.31052011577114585,-0.32476823374339275,-0.2807192827154002,-0.3543790422525085,-0.2642608857586379,-0.3988886629863015,-0.2670392990657106,-0.27846679944037456,-0.2700221874755847,-0.2922344980206959,-0.24199885551095446,-0.33007725743206695,-0.23234755415588826,-0.3594693428408722,-0.23111177820721837,-0.26334396232141716,-0.2259979880660724,-0.28520393363195756,-0.20413181753726062,-0.3219551982593638,-0.19941439713394982,-0.327336422742279,-0.1897119663777882,-0.2692440878395774,-0.18735266115400867,-0.2944143065122436,-0.1686492457228812,-0.32619788658636556,-0.16274688126093384
-0.16448703457866512,-0.3955668281775075,-0.08913668891128758,-0.4701820456531793,-0.041563715267672115,-0.4686730916255854,0.0032073837282912587,-0.46674903892622077,-0.20919257627325852,-0.4675190821402091,-0.23880072524632365,-0.4646695440865267,-0.2698963201470847,-0.4604830277367436,0.10567894910704455,-0.4210972873010383,-0.27483049671042975,-0.40712064239415113,-0.06932699102339265,-0.29791627275757276,-0.21364690042451415,-0.29808587398395203,0.4997694733338007,0.015181354473677827,-0.4997694733338007,-0.015181354473677827,0.7163924242110798,0.536043210303131,-0.9952242817747134,0.30707363967412793,0.6353159041259572,1.1044635013919457,-0.4480515210375883,-0.13083153810363918,0.6364441848679441,1.2964874433960385,-0.3375026009716333,-0.2643533465290589,0.5347094874185806,1.260323202842883,-0.2978919912259239,-0.2813965328736527,0.5007884597235776,1.2069719424964724,-0.3107249053814272,-0.23349586107166456,0.6470841638452214,1.101580852183619,0.537311890218471,1.130270502416617,0.4700213271781341,1.186470113564153,0.45157008471037935,1.247587236858031,0.4394544388787011,1.3010294319558422,0.5142357201362489,1.2690335911578967,0.47970758741766106,1.3376884490190362,0.4630419366016527,1.3816945366833053,0.45209705341564754,1.4086478080655742,0.5882523271274489,1.2815737923877992,0.5680409821501592,1.3570999403808865,0.5546634306794453,1.387265477459151,0.5448989651172239,1.3880777340973873,0.6627808410580649,1.2760207923172588,0.6524195047490554,1.346293479662698,0.640309072605557,1.3622714366297868,0.6267980893373569,1.3501962866236819,0.7359418238891171,1.256399992726846,0.7464887288774094,1.312153021023693,0.7363370986929589,1.3349064084718334,0.7184298176919467,1.3390352331418112,-0.5222032011725535,-0.09710529869006629,-0.5299902306679739,-0.18336060406818838,-0.4946048324429593,-0.25382276812725696,-0.45165678641381096,-0.29567012283673344,-0.43623440712908523,-0.3147407847700992,-0.4145433402065883,-0.29863601164099907,-0.31070356787980324,-0.30104327613105114,-0.31793089829416094,-0.27057921099318366,-0.3524736100296956,-0.2541575733483229,-0.3775911321338098,-0.26772923321633196,-0.27966416495164503,-0.2601878929190828,-0.29829778995590617,-0.23128013999413724,-0.3395667387418662,-0.22142361323847667,-0.3443042434011014,-0.2289925681507547,-0.2646842733137211,-0.2182272655212078,-0.2856503479299044,-0.19298829888657196,-0.3209055970499903,-0.18471182939497274,-0.3186207464801525,-0.18479920238870248,-0.2607472628896233,-0.1798981358888902,-0.28452332233507177,-0.16075030253932132,-0.31667082710096617,-0.1525082193995574
-0.168165446598794,-0.3878026903071381,-0.09066704035594933,-0.4613399326663923,-0.0432336955494854,-0.4598395865719712,0.0019659299798020988,-0.45792407407842667,-0.20938712322932906,-0.45872554156486495,-0.23907110547074545,-0.45591789156640766,-0.27020838694427574,-0.4517935759411653,0.10418269422785495,-0.41291863215502345,-0.27417725332671805,-0.39922932304167463,-0.07168496775810397,-0.291588278217368,-0.21446048156857594,-0.29173420840484565,0.49977671648065447,0.014941006117909605,-0.4997767164806548,-0.014941006117909605,0.7170204578744184,0.5239543416671839,-0.9933039370711743,0.3119180826512422,0.636380467213453,1.090888395815383,-0.451277238855419,-0.12592743656171182,0.6430543774960527,1.279490009043028,-0.3348974498920876,-0.25662233043324617,0.5456581104682755,1.244994314461797,-0.2936152875678284,-0.27339064948084024,0.508680481139873,1.1946051884968938,-0.30716582216726557,-0.22587097822105995,0.647735931541288,1.085149313039901,0.5417485703093897,1.1147080857930327,0.47669978174219374,1.1714619696704622,0.4604418843022648,1.2323988099642411,0.44622909899230895,1.2840202160272631,0.5202431041375875,1.2548050531720591,0.48765812753775134,1.3238068442486866,0.4721318557733472,1.3672838982507314,0.46155632837800487,1.3946343446265648,0.5958703187755439,1.2663976397788417,0.576212081825173,1.3408507273390438,0.5626802919934395,1.3693471179254237,0.5530499260294208,1.3691987172833318,0.670957800050653,1.259821202913051,0.661784845067608,1.330896615578536,0.6485361592017076,1.350245216117457,0.6338823887381471,1.3416795865327842,0.7438967831058771,1.2393771074472855,0.7539553800516612,1.2962233949955502,0.7438218040350629,1.3200035576993716,0.7255703908876028,1.3259969672761958,-0.5266542011822809,-0.08055584725968917,-0.5412907728383608,-0.16386408434883235,-0.5053887453350957,-0.23794127273588497,-0.4659836685890747,-0.2874261689706583,-0.47886286996168337,-0.3160171736346336,-0.4022262399206356,-0.269526295027113,-0.30548700598762446,-0.274818052152177,-0.3088567161611487,-0.251793111758067,-0.3383535405930706,-0.23605167834513566,-0.36390188599299067,-0.2330414944096177,-0.2836611395596096,-0.23192133827793926,-0.2973038520373418,-0.21127202171395346,-0.3331769894089399,-0.20019606351071545,-0.3355897502044402,-0.1904409750412376,-0.2727063687970677,-0.19240702350110206,-0.2890562508702638,-0.17439385537577276,-0.32193921130307906,-0.16370207453570743,-0.31648313118613103,-0.14631406145171413,-0.2766198704790247,-0.1501137940136893,-0.2950521609725732,-0.13675686939923162,-0.3231589739190093,-0.12601108528812463
-0.1773592936387128,-0.3295965076319311,-0.09857156556444766,-0.39216777332979036,-0.05132376437244374,-0.3910594167690607,-0.004269858943779502,-0.3895092757373759,-0.21309839634783903,-0.38944447575856056,-0.2433873672470012,-0.386965239646003,-0.27454626191704257,-0.3834520838714575,0.10353599234971195,-0.3507431591801425,-0.2735503252123196,-0.3388525292213092,-0.08024764343578387,-0.2500569890198458,-0.21731939510424314,-0.2479041158775157,0.49987380310745855,0.011233030173817745,-0.4998738031074584,-0.011233030173817745,0.717421180232242,0.44495527607234076,-0.9962229134094297,0.28084451126238846,0.641623965997929,0.9305539111651243,-0.4587719568681599,-0.09770197421282209,0.6508670388357697,1.0908153726181178,-0.33726594078253297,-0.20437617933856925,0.5543834255077211,1.0621416589152917,-0.29508308703796277,-0.21689900601379974,0.5155297272575017,1.0197239989364473,-0.309223766009558,-0.18095602699515606,0.6576829384130014,0.9280468350616683,0.5474058817532828,0.9508723783687036,0.4800595487022102,0.998431058205292,0.4636297796082415,1.051581366983079,0.450000491056291,1.0968471244923532,0.5261347053972047,1.069785914877747,0.492154086625417,1.1294462030657333,0.4764029527031364,1.166661993975958,0.46521416291744194,1.1900824417038898,0.6012917159906107,1.0809143789319036,0.5826423811515613,1.1453082040339264,0.5671621991774536,1.1701745589814656,0.5552329747735881,1.1718709522730295,0.6762515477250828,1.0761309220341873,0.6678545479342448,1.1362217331583488,0.6537913113940234,1.153113592251396,0.6377437332518961,1.1482150830836007,0.7480246523770201,1.0592374383262868,0.7593536496569219,1.1079321670222437,0.7474456688127851,1.1271829668825604,0.7275161198151926,1.1312136363340726,-0.5246272817112021,-0.05135547859532744,-0.5402993316543117,-0.12374322108395451,-0.5042247738247465,-0.18960015955380558,-0.464300496725849,-0.23237837326093064,-0.47924060947467906,-0.25406709232423536,-0.37846241742425807,-0.2053274282583533,-0.2982653722852819,-0.20868739023682747,-0.3133939733458841,-0.19427956725476872,-0.3498125802814147,-0.18243228497407182,-0.33855938388508916,-0.1714783931705358,-0.27495240015439604,-0.17531277960929428,-0.29100905509022545,-0.16235466692252265,-0.3226909275761266,-0.15095559372606512,-0.31234116183807004,-0.13450393141218447,-0.25825583126256524,-0.14182688286429695,-0.27601593000370944,-0.1318684368891729,-0.30738687402449455,-0.12181458171447111,-0.29734311210816255,-0.09758522348175983,-0.2564093796756241,-0.10680535585210173,-0.27477009178727213,-0.09952671207781175,-0.3021816225212181,-0.09044666581551862
-0.17182183468160198,-0.34232495558527687,-0.09438194438420093,-0.3974364711540538,-0.04748357125146726,-0.395420561253748,-0.0006512170259551198,-0.39260403135577565,-0.20839141543876924,-0.3942643678879124,-0.2385912271839383,-0.39076463784016513,-0.26993994063864246,-0.386350144951081,0.10618215234600406,-0.3492589492368856,-0.26980675133163207,-0.34007777755558627,-0.07284980102781445,-0.2664829272099202,-0.21246789104425431,-0.26148008319212396,0.4998989558091155,0.010051566094693452,-0.4998989558091155,-0.010051566094693452,0.7177438853353426,0.42953476432393395,-1.0083687106947463,0.30654945865587824,0.6596752666331135,0.9260313174262211,-0.4768612359203139,-0.05830195533044985,0.6588999283041195,1.0868908387160503,-0.33941793153361627,-0.14822077877239634,0.5651269795517204,1.0588663404570346,-0.29461633040915575,-0.16904525691350727,0.5283162570593106,1.0162834011514126,-0.3090642995729302,-0.1390436573210337,0.6548184628975073,0.9242939897050151,0.5464432449772468,0.9492126243674903,0.4818212901561672,0.9961777651835194,0.4650924061309837,1.0499824924733603,0.4499817529944329,1.0961434785455961,0.5281673306872068,1.06777861369081,0.49380448947853867,1.128506288550614,0.47787646853426885,1.1660343936141617,0.4665645893789323,1.189756958556061,0.6033340786980315,1.078886847955713,0.5833654703333065,1.1440669774051897,0.5676971109630785,1.1702905225127214,0.5551652254321443,1.172891359256429,0.6777563867637653,1.0740383545187768,0.6685910816702595,1.136001717711992,0.6535330133609724,1.1534269851483299,0.6365909112953153,1.1482226606013195,0.7485265442352529,1.0572736427648406,0.7585740845511311,1.106900005570906,0.7463133755199167,1.1260751196209815,0.7259695724935128,1.1300480269861501,-0.504735512467071,-0.024811340389425188,-0.5158150779968512,-0.09859673564347635,-0.47472080315217785,-0.1642687102883554,-0.43525416305210785,-0.20520272734620765,-0.4540110174046376,-0.22759810557839882,-0.3353925054319709,-0.15224921110796988,-0.2800740348125345,-0.1720679803355292,-0.30758722248156845,-0.16325195529315828,-0.3393846342068637,-0.14816617430879536,-0.2976360237105307,-0.12062188603918216,-0.26033140686424305,-0.14336392713368162,-0.2826823573940584,-0.13851823203742888,-0.3064712342679299,-0.12600103323836878,-0.2762250749469065,-0.08961855412254935,-0.24343728365557826,-0.1163142824001544,-0.26564151484071147,-0.11310664757138664,-0.29091965543562087,-0.10234651215940581,-0.2643940645589144,-0.06180282680663379,-0.2422515341838731,-0.08521205123252212,-0.26244055741762,-0.08245686390795448,-0.2840173211110093,-0.07395653587901228
-0.17822264242228317,-0.391522102942986,-0.1014792049872735,-0.4540379527264277,-0.05414380912934373,-0.4518505891660988,-0.0060020314365961695,-0.4487448249416254,-0.21376801856260766,-0.45024117280996245,-0.24482230382162695,-0.4459732325944484,-0.2759158875566272,-0.44065685047385506,0.10325269179289988,-0.39956460873630284,-0.2727642833214475,-0.38879722726681654,-0.078175781038338,-0.3055362635640513,-0.21515567445720515,-0.3001090177495709,0.4999585975876291,0.006434337433734543,-0.4999585975876291,-0.006434337433734543,0.707237264534544,0.4694349854126844,-1.031402428284964,0.37440803499774644,0.6521743766058881,1.0416821733439434,-0.5312871137166626,-0.023395858600180862,0.6518716257253923,1.2231215699598845,-0.38673854367005184,-0.10203802865619616,0.5578143480811609,1.1918659122619035,-0.3044431472715462,-0.12411167650721867,0.5217082055809011,1.1439406813913597,-0.33402249968081565,-0.09191710940172124,0.653344173958881,1.037267759932866,0.5416682067626226,1.0644294897348563,0.4777049771014334,1.1194673025663897,0.4582510868749453,1.1810496093274974,0.44089680357393707,1.232686381949863,0.5226500336193433,1.201893314974593,0.4873899529684839,1.270288351724631,0.4709708207803871,1.3119060416113344,0.4588523917113177,1.3370493449865326,0.5966566946639356,1.2151661743260422,0.5748658805016733,1.2874890722306087,0.5595946071969686,1.3181488531739034,0.546610276271207,1.3222955297242465,0.6706402726231212,1.2096531911482968,0.6580842187778342,1.2795802684681186,0.6403159660939175,1.300040256774721,0.6201093002061588,1.2955624451386962,0.7415005755883076,1.1902037472514149,0.7503581849974437,1.2450016119454848,0.7379165927326846,1.2684181872884632,0.7173102651595832,1.275326597013206,-0.4890018581762654,-0.013419623746208484,-0.4751226284600781,-0.09310586771936372,-0.4267134875921479,-0.1623443005406464,-0.39796712933516876,-0.19973743889203238,-0.41811227212339386,-0.22027043499704813,-0.2998747948233847,-0.12588724280458768,-0.2612400052399671,-0.15469433126347162,-0.2846714353897929,-0.1505137092068577,-0.3091950197871537,-0.13592404709131786,-0.2761262107108469,-0.08900378624588633,-0.24608510120879878,-0.115829472175749,-0.267649567595567,-0.11329179598269096,-0.28991186808495273,-0.09883084391176149,-0.26515983744978866,-0.05117443149896567,-0.23304878564854759,-0.077831305094947,-0.25384416559882017,-0.0772671274527344,-0.2775453435400895,-0.06519367598952251,-0.261691556175149,-0.01605414447186283,-0.23225823766570286,-0.03976391580527893,-0.2519496356717858,-0.03966632247475019,-0.27445469009654067,-0.02895476805111626
-0.1581171364259543,-0.42437546003805726,-0.0883714385944934,-0.4830402769604975,-0.04117551658564936,-0.4798461485890231,0.006215620162081952,-0.47504423979559507,-0.20604387696507828,-0.4776993220797262,-0.23847406816361644,-0.47181841551418485,-0.27204025312290353,-0.46477105633931964,0.1096605952626273,-0.4205298190035763,-0.27347154247308103,-0.40955604812850255,-0.04775497630371376,-0.34049635270510825,-0.20563651365517704,-0.33128953178065884,0.4999915143295372,0.002913005056003143,-0.49999151432953703,-0.002913005056003143,0.7017312963510856,0.48413497175467424,-1.0695526336632049,0.4188845209739436,0.6485373729497532,1.0783358235180607,-0.6087411550442994,0.051531339744661016,0.6466594299937877,1.2645390740769844,-0.46487112703632816,-0.028781956158668628,0.5542461805859366,1.2332040231539099,-0.36778166648067884,-0.05752682594652803,0.518448059472145,1.1852099469580826,-0.4140995978339701,-0.02005699931261711,0.6495891732193152,1.0732317039262245,0.5377336013178067,1.1008046443965125,0.47393624498911757,1.1588101432686013,0.45288730138905975,1.2214835225149612,0.43417465581902204,1.273706824941023,0.5170058297248076,1.2442750810668275,0.4808610407218805,1.3134083886239092,0.46272224276635116,1.3562019206637965,0.4500032224299381,1.3817427005084872,0.5907888195099296,1.2581707404774236,0.5666961622861045,1.332183751959259,0.5503466425026015,1.3643193510075686,0.5380262331583615,1.3688868394385327,0.664798227949317,1.2520169903443128,0.6500633205188356,1.3235414200974753,0.6312861741724991,1.343830769835581,0.611183622493715,1.3388468790830659,0.7357251081384916,1.2309902255587215,0.7431343256307165,1.2854626870033015,0.7303574638901889,1.3106037965169925,0.7096393959538013,1.3196232018977945,,,,,,,,,,,,,,,,,,,,,,,,,,,,,,,,,,,,,,,,,,
-0.12307268095474506,-0.39032199316432964,-0.05352929452444641,-0.4302992902069622,-0.005332143276049394,-0.4255534257107465,0.041725139258553326,-0.4199492913904356,-0.17963453522958583,-0.4310145338746549,-0.215321712805756,-0.4258910291506949,-0.24892789880721705,-0.419851720534463,0.12110345424809142,-0.37096966240619283,-0.2699414981923492,-0.36748751546762604,-0.013840896688933346,-0.3204562556894785,-0.19382563483558618,-0.31777653779202836,0.4999996509925859,-0.0005907683913496762,-0.49999965099258603,0.0005907683913496762,0.698141764678801,0.4161516289766161,-1.080798274741045,0.3755693023184095,0.6474734418702754,0.9373299120531378,-0.6676030827535159,0.10397471007770359,0.6420428277631528,1.1000931512394063,-0.5407285920941569,0.04729210095578038,0.5533279206863836,1.0737158317369229,-0.4340514469492391,0.025090046466300624,0.5177000914895975,1.0309851400764412,-0.506609920967042,0.012708594583290251,0.6489986477417321,0.9346432328720953,0.5352104272577671,0.958711212392801,0.467930635495865,1.007532613282418,0.44764393506142397,1.062602913867236,0.4271783348721688,1.1072997730426732,0.5125068709000093,1.0795256813945273,0.4747442092787375,1.1400617560846886,0.4557865327128625,1.1774234542960405,0.4418714742890513,1.2014203910955443,0.5858063925221484,1.09203221061084,0.5592802307876404,1.1559074437117254,0.5428700715371333,1.1859962938542834,0.5298179860282642,1.1946457451606018,0.65928994159908,1.088411139028906,0.6430959054069364,1.1491240679508727,0.6252919613362797,1.1689221090017188,0.6060243437939113,1.1676258803682658,0.7306732227476794,1.072889057017513,0.7349333918559493,1.1207176659811826,0.7212859234051033,1.1406844334948831,0.7004860731431594,1.1463794407874939,,,,,,,,,,,,,,,,,,,,,,,,,,,,,,,,,,,,,,,,,,
-0.10705331632081394,-0.4003494037060006,-0.03952355954287902,-0.4422741864576758,0.006889395496595113,-0.4373665013917793,0.052301864380243375,-0.4314916239312008,-0.15969562776890509,-0.4432865208626447,-0.19397372570992083,-0.4379020185391922,-0.2271315831766624,-0.43156926666124573,0.13164169564685235,-0.38115736587233423,-0.25004460700274134,-0.3788972482523978,-0.0018048421740084382,-0.32683758770559657,-0.17409969943721135,-0.3267211808973442,0.4999959687699113,-0.002007788295092798,-0.4999959687699112,0.002007788295092798,0.6909225402855775,0.41412890686803294,-1.0536597612010006,0.38451383855936394,0.6421176503065767,0.949388416377896,-0.6121788853163813,0.22871883134486867,0.6350167382815773,1.1148723044364768,-0.4785825619083598,0.19580450078183462,0.5489984719121719,1.0886173751710029,-0.4036616835303014,0.1477255864416474,0.5158098416639094,1.0455706874327066,-0.45394533542611265,0.16090208858809696,0.6398287856473243,0.9473314378042503,0.5302661899851608,0.9726459467132917,0.46261742040158554,1.0211157862796179,0.4422284134839095,1.0768280541562272,0.42075290492471107,1.1215143669246712,0.5072585305869953,1.0923613358752664,0.46949309791123767,1.1542540108929067,0.4511400997853793,1.1921057774744712,0.43734833231805376,1.2176199500296885,0.5791472704051556,1.1053782751460997,0.5520264394625264,1.1698908671736192,0.5356275129632317,1.2004054912439601,0.5218844999630141,1.2117385036809802,0.6503723562603998,1.102356281076745,0.6328871134977843,1.1641275080464057,0.6156102358341401,1.1857368585206012,0.5958828437191588,1.1889148254918267,0.7189209516361522,1.0870333565426975,0.7223956806531625,1.1349161208280343,0.7090729200367247,1.1551881678908897,0.6879551914072547,1.1631447718292307,-0.4073135414192578,0.2260024433383867,-0.3596950719326206,0.16005332713580026,-0.2774408172643402,0.11281553600589841,-0.21759359661996594,0.09363850731778427,-0.1875450877342272,0.08178280997993033,-0.19734362335373873,0.07766243670934958,-0.10537453132411924,0.1282997802112249,-0.12840276770269893,0.16547938149579425,-0.1656834363804046,0.166517953262072,-0.18768801432791665,0.11307531261670305,-0.10699677596922459,0.16115285207332825,-0.1328245012642783,0.18825814682192124,-0.17197109423352894,0.1859420026968319,-0.1879341965800822,0.16179637396278107,-0.11979964341834487,0.2016831209809987,-0.14756735159661488,0.21814360889779064,-0.1860484368209304,0.21202751575449497,-0.1998488243746457,0.216231145862999,-0.14078529007893845,0.24373286537197894,-0.16569557865263118,0.2561346970136415,-0.20005366728778043,0.252669608525211
-0.08243582860778455,-0.4082661884139619,-0.017004288522045653,-0.4509145349448211,0.026820922035191565,-0.4452345649488876,0.0701825656215609,-0.4385983737844509,-0.1297611930932292,-0.4543696952159233,-0.16256780082576586,-0.44962566631028456,-0.194390199608015,-0.44325389021134404,0.1482163390509765,-0.38723268981911324,-0.21977026796487237,-0.3885418772342975,0.016049376289762662,-0.3297455958348548,-0.14615913780376508,-0.3338486736427649,0.499999181432333,-0.000904746924195539,-0.4999991814323332,0.000904746924195539,0.6886102014772313,0.4196231096155612,-1.0087356624132713,0.4011257431675068,0.6391675238811083,0.961576154116082,-0.4983582079470184,0.33166345651336726,0.6306353906777986,1.129314848314607,-0.27480415273679193,0.3353383305325406,0.5466018637672397,1.1025408104062748,-0.23364574739134686,0.27881550782416575,0.5162088411381309,1.0589174333213984,-0.2917313140759196,0.2702111041076495,0.6329793067567028,0.961567329959915,0.5268837434418487,0.986266762310452,0.4598742892699151,1.0339546695736666,0.4406165204219525,1.0905125566920735,0.4200175335326505,1.135001010700833,0.5045914419795774,1.1057226153483959,0.46697124056804107,1.1698940463316163,0.44866668688637923,1.2078213532057982,0.43526433159182887,1.232885362534815,0.5741636444228287,1.1183160794865588,0.5463789228887648,1.1853756413022714,0.5306707015210115,1.2156208235891486,0.5179327028987764,1.2266895664275037,0.6418356688818334,1.1157262670564152,0.622783870252526,1.1773911732589282,0.6062978567494516,1.2000861288717342,0.588587454800008,1.204707974176411,0.7067482640541345,1.1015131832372096,0.7066648398632307,1.1497765183683686,0.693994366603226,1.1694153745619944,0.6752478612121512,1.1774859168304057,,,,,,,,,,,,,,,,,,,,,,,,,,,,,,,,,,,,,,,,,,
-0.0730045428709483,-0.36626622196511377,-0.00852732676774984,-0.40419090834147353,0.03445976680703337,-0.39895246093113795,0.07731463130441062,-0.39282590382029714,-0.1181089699129634,-0.4086638428642127,-0.15040456114599468,-0.40530243664886983,-0.18146259006425772,-0.4003988752042161,0.15489288664926754,-0.34681532339197024,-0.20746395429063552,-0.3514247492635047,0.022227786933347485,-0.29549385041097426,-0.13509505046741785,-0.30095312416404296,0.49999918887990374,-0.0009006216955074856,-0.4999991888799036,0.0009006216955074856,0.6861979242156805,0.4205423576333131,-0.9863178046367278,0.35980567754016585,0.6369388174168359,0.8654818957977461,-0.46532786432917145,0.4322869041907319,0.6250443465561313,1.01189131638831,-0.24975820613247568,0.4614292069811731,0.5409473557378692,0.9860975276194662,-0.20781638956069431,0.40142368363464925,0.5141729869978898,0.9482880760258068,-0.2656471189902048,0.3908397801495389,0.6302759118603625,0.8584444861888545,0.5247636054020989,0.8796624793931727,0.45758385875270946,0.9219278602566953,0.4380585584647969,0.9718144977445186,0.4190937830309089,1.012885916300423,0.5021877293735474,0.9854814674014548,0.46369343917916017,1.044279825174916,0.44599107388799936,1.078677027612215,0.4332947996176837,1.1014424988282483,0.5726178880053927,0.9969750827883864,0.5445129751492019,1.0576124964460463,0.5269272102662717,1.0838887919834852,0.5120350201752857,1.0935515084774352,0.6397737526434577,0.9948296558442432,0.6195407721670361,1.0505253153653225,0.602177320713052,1.0723481702064899,0.58340641101815,1.078952982772707,0.7021360059202543,0.98257799329049,0.7010298824692824,1.0266373592053855,0.6875658717760982,1.0444726896282657,0.6679986023653435,1.0519449083452466,,,,,,,,,,,,,,,,,,,,,,,,,,,,,,,,,,,,,,,,,,
-0.06682524494200232,-0.3423939578398134,-0.002309699808080139,-0.37629384064375976,0.040753091077531015,-0.37116833997635573,0.08380038269076706,-0.36527787834246417,-0.11254783425687472,-0.38119523115340964,-0.14494342705830884,-0.37850447040216323,-0.17619269015230696,-0.3743586083441574,0.16109490176999533,-0.3218093007604676,-0.20669076692039048,-0.32830005403391926,0.030123408277625798,-0.277542604524212,-0.13206811104494287,-0.28454706214842385,0.49999952573408457,-0.0006886695074488842,-0.49999952573408457,0.0006886695074488842,0.6869100067659073,0.3869928064970635,-0.9856637216098633,0.3274119907550686,0.6410323366632346,0.8000707691614991,-0.4648222538615292,0.4614443815725308,0.6252561909223626,0.9357976872896104,-0.2663847173848931,0.5259639341880302,0.5405864839858433,0.9108271666050904,-0.21947555309283745,0.48216943923722383,0.514139793726986,0.8749744015076653,-0.2695478018461122,0.459617095612289,0.6301333540058093,0.7946202464148296,0.5234728214902244,0.8132802547959737,0.45693638259228303,0.852701132423589,0.4384785104743008,0.8995870621714142,0.4197909673202125,0.9382804530949029,0.5013928750950014,0.9131694998504092,0.4633088732037518,0.966770612775706,0.445311399926553,0.9981508950045306,0.43281616834257103,1.0184347028223113,0.5720882267042726,0.9238049001460563,0.5439630356984128,0.9780047059795838,0.5256568098703747,1.0012775018907958,0.5099128955709195,1.0086514902744834,0.6396324705627965,0.9212196876371763,0.6185340860419745,0.9717110762790462,0.6006916054885283,0.9919667464254297,0.5812317406371046,0.9974202108377452,0.7025468351834971,0.9093264055315636,0.7021287070855553,0.9497106147090174,0.6883406952830006,0.9670678489044665,0.6683117605560718,0.9745015658906201,-0.35877253358000594,0.5095080007668391,-0.2696569132010721,0.46972696094533833,-0.1729533422258778,0.46345699246847577,-0.11802304028748267,0.47630746699562204,-0.08445866144647786,0.49779441606265007,-0.07952601801305151,0.4360384943723908,-0.05985039624504047,0.4887830710006525,-0.11162950236864058,0.4977981251193343,-0.14332084698152392,0.4820613649993569,-0.06392106878068796,0.4662831657633217,-0.05732295807930214,0.5179517322576495,-0.10730124249380184,0.5255545310691995,-0.1417094510387824,0.5138273891233373,-0.06702779225145176,0.5034947245922238,-0.061338502521160326,0.5510333204179598,-0.11142616248276284,0.555316001903135,-0.1421399081033862,0.5405342599300832,-0.0862387881043954,0.5409449420339775,-0.08197190887072449,0.5801583682842909,-0.12547343484141274,0.5832028643294787,-0.15279460109280604,0.5711173507688198
-0.05083579627999674,-0.4589865309348597,0.012924614559668132,-0.5003815800424424,0.0544006489187653,-0.49382975712705557,0.0948695806838536,-0.4862131665302359,-0.09682445188171294,-0.5050382858332855,-0.12971683566462394,-0.5008836605290412,-0.16115606176822336,-0.4955519803729789,0.1672601991539288,-0.425561993910247,-0.1980856947664108,-0.434106747254246,0.04054887512793392,-0.3739211993307681,-0.12112732170002978,-0.380690547355203,0.49999803987251284,-0.0014000441582362332,-0.499998039872513,0.0014000441582362332,0.6879747717007044,0.4935682264590341,-0.9495919863757207,0.4370287997929345,0.6463595912584936,1.0386348446744809,-0.459137048703431,0.7276541081046413,0.6258862141766409,1.2168646163052688,-0.2686998815753998,0.8209455594366208,0.5399168632863723,1.184435981390653,-0.22139301374101492,0.7562502968026997,0.5138739673230546,1.1379669453434416,-0.26831211032113733,0.7200753080636793,0.627093897162157,1.037972300315493,0.5244683225568654,1.0632903042829065,0.45872696156791437,1.1130779017252999,0.44028249190172886,1.1732466399423642,0.4225859105539649,1.2249217630289853,0.5019978928859198,1.1912361124506543,0.46474087278274573,1.2603681365034125,0.44704166603718715,1.3023588665472017,0.43471857386889207,1.3302754926227074,0.5704567156188016,1.204955836107054,0.5437546697825194,1.2765912133610848,0.5259632240611108,1.3068233243557625,0.5106912850899202,1.3148858101425582,0.6371479455298391,1.2020947656794736,0.6180719801807921,1.2690674724081272,0.5999787887395241,1.2939648583123304,0.5800364421182594,1.298061421305588,0.700654567916026,1.1874935960778377,0.7005245232119337,1.2409379511923375,0.686665573333797,1.262210280111467,0.6668868765083954,1.2698501456863978,,,,,,,,,,,,,,,,,,,,,,,,,,,,,,,,,,,,,,,,,,
-0.03182236551543061,-0.42011794489227894,0.03180044611078245,-0.44415055596317543,0.07231898749326315,-0.43691071142172055,0.1103526338281841,-0.4291640986305839,-0.07746482867968313,-0.4512895008300079,-0.11056321667998138,-0.4477797591002007,-0.142618780305973,-0.4432350268763533,0.17515143891011706,-0.3738044084660092,-0.18848887474786002,-0.38431503531192296,0.05567415704307234,-0.34647018870239843,-0.10793819400985011,-0.35374254373408,0.4999951021951869,-0.0022130930447199068,-0.49999510219518706,0.0022130930447199068,0.6960692217142055,0.4242283252512062,-0.8922903839060713,0.39707130230369564,0.6463264381725385,0.9118176555758115,-0.4778852944647127,0.7240994490213916,0.6260080198814543,1.0682953312335082,-0.3534028209244064,0.8440162959898669,0.5401053511752156,1.040888987972435,-0.27511470984395486,0.775407006788695,0.5142482820493365,1.0009413569973042,-0.2988978727594248,0.7406509496380025,0.6263077590418398,0.909238929348779,0.52466887139713,0.9328510640905616,0.4619506701214709,0.9810307319445714,0.4460500556481397,1.0335911151347985,0.4279827254217026,1.0761773677896769,0.5042787801321172,1.0483466308318612,0.4689718381500004,1.1067379608209842,0.4519216726773498,1.1427890191657053,0.4402288880423254,1.166808413697219,0.5728699901452184,1.0594849883820838,0.5494393643211709,1.1210493129285986,0.5320397061188544,1.1461993988792116,0.5175492400112134,1.152495157822159,0.6392918749522797,1.0557647339058764,0.6239601212186234,1.113296293227789,0.6072462272474385,1.1336072952187186,0.5889151683111093,1.1361683017641413,0.7017258198216301,1.0414330261309577,0.7044746175426114,1.0877395332620434,0.6918138998324943,1.106618316359204,0.6726566880971689,1.1133519418146633,,,,,,,,,,,,,,,,,,,,,,,,,,,,,,,,,,,,,,,,,,
-0.025788846213539027,-0.4122094538176934,0.040306379705366206,-0.4360149865977678,0.08124132699934064,-0.42808530227014097,0.11837816153133847,-0.42028906847413916,-0.06916052674164107,-0.4472221085051664,-0.1015230561670185,-0.4448946595823342,-0.1319449176235105,-0.44111791997323146,0.18246379759664247,-0.36649632350959777,-0.17795458328911007,-0.3830901537350109,0.05925989800221467,-0.3373047989244304,-0.1009458353825235,-0.3467592944002514,0.4999831297787317,-0.0041073028454259725,-0.49998312977873144,0.0041073028454259725,0.7008140927380025,0.41464821302287697,-0.8213156083089009,0.429448933836649,0.6465896276331252,0.8924933314533826,-0.4891740244463947,0.7790019837690295,0.626454615927536,1.0458056012617152,-0.4098053912071387,0.9118560900381957,0.5401713084518102,1.020547660964162,-0.32228545281489945,0.850004831722746,0.515177476178468,0.9827056042267163,-0.3310415475062639,0.811667091346223,0.6327702728334696,0.8902585276512973,0.530341669253641,0.9105655069640322,0.4675862255633523,0.9577596336551738,0.4519452653506573,1.009369056271038,0.43478595601767334,1.051291940701461,0.5106165704573992,1.0261552343902214,0.47532735934992043,1.083881671119315,0.4589170585990855,1.1190411034787526,0.44787284348751183,1.1420699720775924,0.5786023236740591,1.0366527219001898,0.5546180247070917,1.096527694275623,0.5377604209244511,1.1215979081877494,0.5239655333938694,1.1281389546479086,0.6444053208017695,1.0328577828628815,0.6283411802169195,1.088755678616367,0.6118038908934956,1.1075000865499458,0.5944033549640064,1.1089299597360445,0.7062697768273947,1.0191791212841417,0.7066540163346853,1.0645045822760724,0.694052511237958,1.0813053772588541,0.6762101860274401,1.0858800256573131,-0.5038179434443192,0.7937075516668295,-0.40390636709431227,0.7850206923094324,-0.3048003152719213,0.8208777216492195,-0.23430994076468867,0.8511929534491384,-0.17152098380795672,0.8531751147951111,-0.31602613954972114,0.87482340629685,-0.25158917417707816,0.9140824389878076,-0.22619464729646943,0.9021752839561263,-0.2217459980951314,0.875456660416851,-0.37172656681578764,0.8847380821964893,-0.3184235011572047,0.9227998217956597,-0.299557858263369,0.9107045104707987,-0.29569280512086205,0.8888482869192472,-0.4354395939418467,0.8861033259170706,-0.3998332560123195,0.9172869713778192,-0.3911210128701054,0.9103787836966954,-0.39069214644246136,0.8975686790813695,-0.49938755854243094,0.8815008768172583,-0.48629343427469723,0.9037772635459635,-0.487734504731749,0.9023151472783986,-0.49405593384552754,0.8963546195872196
-0.009177541924825991,-0.4563622075327911,0.05475556371711782,-0.4815876937378611,0.0938434060879861,-0.47229223008217625,0.13016429567247592,-0.46343328490219304,-0.05071533646782504,-0.49464756933275067,-0.08361469420786792,-0.4920897665967482,-0.11359718712212284,-0.487936979024348,0.19397325407815325,-0.4042652640557999,-0.16145424605579517,-0.42420271083759065,0.07113262495715887,-0.37314746006285393,-0.08584764381359321,-0.38350284526407236,0.49987357482122996,-0.011243184399636303,-0.49987357482122996,0.011243184399636303,0.706222437643376,0.4423770623394101,-0.7460569491112691,0.48881044443146954,0.650069112097663,0.9628631990593084,-0.49902240096162187,0.8896125398684072,0.6329051614573409,1.1300740414269135,-0.4426583652436701,1.035598932378096,0.5473148255457632,1.1032643986299577,-0.36108266184294935,0.9650950638453981,0.5222493284788451,1.0621631869001416,-0.3640555629897645,0.919900931492156,0.6384079451886777,0.9620282557162958,0.5403433630029225,0.9858656622462894,0.4790826541701463,1.0357522416241354,0.4642633856481893,1.0901041085949539,0.4488386867685491,1.1347329910044661,0.5195895164580115,1.109422164210455,0.48803775145793565,1.1721868760576777,0.4724815925596188,1.2100394586318388,0.4617879237699761,1.2331282361707565,0.5861331153556967,1.1205601432560384,0.5657578328490449,1.1857466426240275,0.5507242827959978,1.211976234279719,0.5388389706029038,1.2152328093414184,0.6510287872404739,1.1160390785186736,0.6396140440922424,1.176301297368048,0.6258867610553094,1.195438310967393,0.6104251581342036,1.1934007313742006,0.713033359102606,1.0999459701427727,0.7196924127782938,1.1481944464587723,0.7091359862073735,1.1677849999109835,0.6915346291400959,1.1729909705889872,-0.5472138071096776,0.8924280392435853,-0.43924074488748904,0.8802877854218123,-0.34437125338852487,0.9186610585450214,-0.2830743207731118,0.9637098275582691,-0.22445845826693386,0.9900925726579204,-0.39890904924805465,0.9991529309759293,-0.3192737841566503,1.0554091667621317,-0.2619981165756758,1.0517202409303519,-0.22376467929385266,1.0360677408347345,-0.4467128779283689,1.0212333574575643,-0.35933601226750367,1.0782991408478522,-0.2962434514409672,1.0646273525864798,-0.2643156733732402,1.044011154046183,-0.4853401000397469,1.0274104424958959,-0.4015980273661753,1.0811188468791717,-0.3405313623643305,1.0702594419513913,-0.31172622741812106,1.0534756629579172,-0.513679002591128,1.024489465113026,-0.44013188395329267,1.0708488412174142,-0.3833631792645241,1.0664927708820366,-0.35230970385658644,1.051437771760566
0.0004265707803899066,-0.44837100608682867,0.06284854889685847,-0.471765427252361,0.10236439102948944,-0.46231779975133025,0.13952592332031233,-0.4534984352161758,-0.04256243583870329,-0.48710413789668955,-0.07516948246093083,-0.4860340067495659,-0.10494058236061861,-0.4833867006226051,0.20117101833953455,-0.39572192536845063,-0.1513899869823233,-0.4194164197804711,0.07558592516413269,-0.3661619633598713,-0.07956004647688636,-0.3785131661337145,0.49981294933878767,-0.01367536739040201,-0.49981294933878767,0.01367536739040201,0.716904624138761,0.4173203784078871,-0.700223510790297,0.4887404635695142,0.6597380116542778,0.9291186991101886,-0.5170464258885146,0.873795484147851,0.6444612966392558,1.094316997740665,-0.4637067797129356,1.0242771206772934,0.5584809003240842,1.0701542617442457,-0.39510582341284756,0.9590804008029791,0.5329453793264075,1.0293493020741769,-0.39525519127389797,0.9104611836646959,0.6488970540080421,0.9318557733291978,0.5516916842124131,0.9544079128779932,0.4920754388067048,1.0030621429825293,0.4782226122904703,1.0582289363813484,0.46244885550420417,1.1026931299530298,0.5338448206686179,1.0750077257805117,0.5006560479322715,1.1379751352321221,0.4850138710395573,1.1753718630443641,0.47483387681720596,1.1970633808512428,0.600282623945085,1.0862484036604505,0.5796050053821828,1.1526846734828795,0.564638771254404,1.1779988965122934,0.553578059866156,1.1789927494115093,0.6645125063945626,1.0818766331599035,0.6534763066553073,1.1427553903389507,0.6400701368540541,1.159803370335797,0.6261749256114358,1.1541467300736739,0.7253740797449364,1.0660654748280871,0.7326467200450778,1.1142642332287733,0.7214214061250512,1.1326877226141183,0.703835319291375,1.1362266089174422,-0.5753172541161697,0.8850613228606814,-0.4641482447244843,0.8832752068679467,-0.3716263871942326,0.9310754843669949,-0.3130848243990555,0.9816863481570547,-0.2549407248010892,1.0066809073517198,-0.4427430216919986,1.0045728539549992,-0.36709751960323045,1.0649180802197198,-0.3086507692281161,1.0691120576059188,-0.2683338727888152,1.0607522950920618,-0.4935166046136364,1.0241161519753004,-0.4131640148193139,1.0864997088468011,-0.35432550360977527,1.0764352241189006,-0.32579156110508867,1.055232372126735,-0.5321845819988128,1.0270778548349437,-0.4587999390900677,1.0832441092704306,-0.40323100950452245,1.0780524897029535,-0.377719063947023,1.0639856136899077,-0.5609649176418131,1.022648638818337,-0.4975598351589674,1.069035210965702,-0.4464916017900609,1.070010117454608,-0.41872015881081576,1.0591864121727694
0.009042846022806425,-0.45160993413256895,0.07480997307103465,-0.4760773357434798,0.11424048729073785,-0.46606854461399666,0.1510657022816842,-0.45700737403923164,-0.03279196152124558,-0.49144787018324915,-0.06623196400429468,-0.49113858876373456,-0.0969311654279284,-0.4892881306570252,0.21305139495111647,-0.39954108428342316,-0.14385368647847585,-0.4253123852056143,0.08647453754952715,-0.36871903948846785,-0.07097660208495216,-0.3813077591706134,0.4997881323455963,-0.01455413228264058,-0.49978813234559644,0.01455413228264058,0.7381177049071869,0.41042167410623004,-0.6863286114117859,0.5026496148389108,0.6760822360550635,0.9326420338094648,-0.5387014409170274,0.9021737098331495,0.6649667650918796,1.1006533523331703,-0.48847070489118233,1.0464339257205069,0.5780744878424778,1.0773173228474162,-0.42254163241524106,0.9900731614633879,0.5517057278959648,1.0360456435022722,-0.4213890026848059,0.9398868775686013,0.6728018473485621,0.9371805028905924,0.5720757664923591,0.9610099471480792,0.5119262618955227,1.0098190678081134,0.49683370850213293,1.064109047693615,0.48085468968852985,1.1090484282373674,0.5555276054231971,1.0811236871883128,0.5221552674384934,1.1423457551992438,0.5061401263256461,1.179937210903414,0.4944738335074768,1.2039679305150153,0.6220552019292024,1.0927620756651062,0.6006706279425464,1.158072721108287,0.5858701639545302,1.1853673695085736,0.5739935321976986,1.1919001138927212,0.6877391958389782,1.0889512826555683,0.6752306830963208,1.1498569299277093,0.6638103330141556,1.1649263148998659,0.6510769632795508,1.160245059433232,0.7498450081159459,1.073512638346349,0.7557531644670021,1.1208580076640562,0.7455818854692352,1.1392324011443646,0.7297043201946584,1.1444264658971262,-0.5876415392892476,0.8979151631526983,-0.47856921971695865,0.9076389923620164,-0.3961459103697705,0.9613150671461981,-0.3421418631616103,1.0167042731310287,-0.2846837291094336,1.0453143888305123,-0.47074027306612864,1.030602504316612,-0.4045635295145068,1.0981195430194628,-0.34785117403285465,1.1084073402733519,-0.30545292775417693,1.1047868273026809,-0.5274591098215689,1.0485804555971625,-0.45642469477442893,1.1147620216355743,-0.3945801210396045,1.1095172562625049,-0.3600167841836415,1.0915645025793967,-0.5692693749422106,1.0486665855666015,-0.5015597669312652,1.108000971747329,-0.44253852247542164,1.1057646467961517,-0.4106079654490762,1.09301328807597,-0.6000980290076342,1.0414816051904792,-0.5408517547258755,1.0867734466729995,-0.48750222975330665,1.0893590255959973,-0.4546053580136814,1.0808054338969817
0.01768219966334254,-0.47360957466692655,0.0837627327843021,-0.4957089633954855,0.12308957381828005,-0.484605988495372,0.16054857685965104,-0.4747533644759343,-0.023304884239144563,-0.5140438408028315,-0.05663262341531497,-0.5148417623489493,-0.08747448869905987,-0.5144039792240931,0.21679131176194635,-0.4151508516006521,-0.13427147274683449,-0.4465265557890591,0.09328447519839254,-0.38521380104846525,-0.06314337298954362,-0.3998286599446113,0.49975918234285405,-0.015516432064166853,-0.4997591823428542,0.015516432064166853,0.7464314115761678,0.4187528691628764,-0.6678209928847401,0.5205725273226259,0.6844761838913064,0.9648321269403036,-0.5619562877076646,0.9250840555211022,0.674331310688744,1.1402253174098613,-0.5146359117933533,1.0838798444818007,0.5874855657910789,1.1165233166651236,-0.4441147946181258,1.0264792111056034,0.5611310020999281,1.073591555100261,-0.44016746486870184,0.9717041285323779,0.6810057875322275,0.9692209230539672,0.5826198607734455,0.9950354614186091,0.5218924148999051,1.0456472203388774,0.5079192941759263,1.1022156323292094,0.49135503397870905,1.1492836418512562,0.5643839589737835,1.1207989015362274,0.5334281063506837,1.1834411362742372,0.5184852297017412,1.223157065200796,0.5072567859429502,1.2489931374521344,0.6314893419003952,1.1319878140613748,0.6126760769560928,1.1990665044711049,0.5989212592577874,1.2268075340080875,0.5870598403493982,1.2317034848209383,0.6976170243299062,1.1274729813755748,0.6869282933521504,1.188637611476428,0.6762848118939565,1.207878930926912,0.6632403425695383,1.2052861559661918,0.7611963988924814,1.1108735214804875,0.7670686466582343,1.159550239008697,0.7573044220858804,1.1796964567126476,0.7406983665308996,1.1856909524218324,-0.5967582631394882,0.9387675738176173,-0.4869914777325508,0.953660473191994,-0.4090952069929887,1.0114306660648826,-0.35914906363340754,1.0708668850835237,-0.3035067484057583,1.1001086365183816,-0.48672438467147205,1.0838367767084074,-0.4246435982052305,1.1543026208256015,-0.3723143422667327,1.1662317607059471,-0.3338678807211795,1.1648744924944483,-0.5448224362298539,1.1000030254711266,-0.47586406820636956,1.1685094442363262,-0.41784952100946954,1.16658184470217,-0.38348242454809267,1.1521593657496745,-0.586379543183159,1.0986954752039129,-0.5187445508987729,1.159759877729185,-0.46355283107775447,1.158448685701721,-0.4330570728062318,1.145881762765389,-0.6174229588078537,1.0900537364676572,-0.5582431501281875,1.1371629137142711,-0.5077524581610529,1.1417271476695519,-0.47633746108087105,1.135252572956953
0.018918726295512785,-0.4538734638632095,0.08507479928718761,-0.47523284493322254,0.12438674001051894,-0.46474332048632283,0.16179068156247034,-0.45532212916449405,-0.021145642994546337,-0.49247357676081055,-0.05437672893243836,-0.49296761999536237,-0.08525993835368628,-0.4922383450259934,0.21531686338480635,-0.39861883095768186,-0.13289109270639973,-0.42805788450002424,0.09360737020509984,-0.3696674446814576,-0.0615090566132065,-0.38300216015474087,0.4996849635323609,-0.017746470625538958,-0.4996849635323609,0.017746470625538958,0.7458798314529491,0.39415844489826024,-0.6566526089533257,0.512660458736253,0.6828227730771751,0.9133293333196758,-0.5744376146285072,0.8862208282865331,0.674676826213559,1.0824495946384303,-0.5402663801224468,1.0405343554315454,0.5878856621744273,1.0608817684465464,-0.46541358875055494,0.9912774715304377,0.5613646629608094,1.0192799703387572,-0.4556034550364036,0.9361593748956885,0.6799600000396228,0.9206675070725029,0.5829622706792641,0.9453199437918368,0.5231556417693154,0.993167625486226,0.5087056752789506,1.0473742227283236,0.49244199977375,1.092865587946411,0.5660005383034451,1.064409301278207,0.5346070780441838,1.124434856315214,0.5200435504163757,1.1627309600196865,0.5093908274748596,1.1874137297486103,0.6326647113540147,1.0757933854146415,0.6142242753188182,1.1402048521815547,0.6003458998869188,1.1669046915929588,0.5887829672225604,1.171582464221108,0.6984033611344201,1.0717663388429681,0.6888014228389153,1.1305873263051167,0.6782228587613962,1.1458004624431652,0.6659305538824578,1.1399943320403711,0.7608616426036743,1.0556543797938878,0.7668182683872438,1.1018972792794264,0.7574771765831998,1.1203023233072056,0.7420488636875263,1.1252779932534167,-0.6090513074147734,0.8975560174224347,-0.5008145527252647,0.9139826248545746,-0.42723149531362153,0.9711078310791029,-0.38230886012009985,1.0294860471475362,-0.33076130905538687,1.0596987810725405,-0.5082976294646367,1.03698931698241,-0.44962532146165174,1.107935359113761,-0.3973195777421741,1.120126965311467,-0.35863755720699525,1.1190944357014467,-0.5656940092635124,1.0510052801598782,-0.5035287499413286,1.122348518715312,-0.4479219904311644,1.120648964715305,-0.4157659499277373,1.1066572981276077,-0.6060752313332718,1.0495375246809164,-0.5441217807386528,1.1116350808207556,-0.4895955726574963,1.1117090269635368,-0.45949980648702116,1.1012205966177293,-0.6365680313289754,1.041324371875342,-0.581205084139656,1.0890369886762834,-0.5319101730922308,1.0944732374546755,-0.5015297297976643,1.0893997775073985
0.0164935106697474,-0.3982816308490893,0.08317058625568842,-0.4177540569560533,0.12273045658077901,-0.4090411527393591,0.15977030657175345,-0.4008832210045007,-0.023268285466979344,-0.43274917481084174,-0.05629953735360011,-0.43318113568879735,-0.08748655648578206,-0.4324654895336511,0.21206046984648888,-0.3518454020350471,-0.13763313328361887,-0.3765229801139665,0.09135349613218609,-0.325774026625339,-0.06349644228480734,-0.3349094344301497,0.4997578480796918,-0.015559347118551661,-0.4997578480796919,0.015559347118551661,0.7451939300568983,0.3454197249860706,-0.6520335341661908,0.4425894013435622,0.6825858923677777,0.8048930287134367,-0.5908218194998909,0.7886135240117237,0.6771245837594714,0.9559662495356706,-0.5681283587067707,0.9322814529639697,0.589484642978685,0.9385939767147288,-0.48584428022018655,0.8963980223831468,0.5618596055100903,0.9013008418421157,-0.4717672403970338,0.8456247406012228,0.6815557430947512,0.8141220068770805,0.5831973526131312,0.8356731319235057,0.5227891164432603,0.8802852065920977,0.5087769136014698,0.9290647713711722,0.49239436728679314,0.9682827821969221,0.5660208981543277,0.943407102301159,0.5341659374069686,0.9977903285268617,0.5185317753984411,1.0318086345122597,0.5073448095317538,1.0520074005296651,0.6330885475774641,0.9540929709518331,0.6141275241821773,1.0130818639112391,0.5992627840109858,1.0357675963944855,0.5885117433806911,1.036527655052092,0.6988994631703668,0.9505187169163523,0.6884277733640264,1.005130655833431,0.6746816435601132,1.0182549680352941,0.6609837966146613,1.0114292777023064,0.7609360387418427,0.9360972521971809,0.7687535508430569,0.9787758959084001,0.7575841737319516,0.9940801301271905,0.740983837237859,0.9962323820522916,-0.6214971265517739,0.7957610963790971,-0.5133956001102375,0.8133942968292418,-0.4458481397811427,0.8663404160152102,-0.40801145018677754,0.9191052760489249,-0.3587872484243306,0.947498399405163,-0.5340849773996562,0.9255044192175751,-0.48025821215439224,0.9871838610092545,-0.430219409594192,0.9972704783475735,-0.3917517665030067,0.9965342132954987,-0.5924575737690455,0.935316608060631,-0.5349135457386072,0.9979755978373511,-0.47785846786947883,0.9976125448450789,-0.44371145085545294,0.9866775116960266,-0.6329318007262457,0.931629000219021,-0.5782219764874815,0.9865423693634834,-0.5246895642400508,0.9878845693249727,-0.4945446788761206,0.9801988337223682,-0.6633501739956027,0.9222516462006564,-0.6141285588148591,0.9644239405986476,-0.5671183847710298,0.9702974856945386,-0.5378583690077917,0.9665900944056324
0.014948367442465317,-0.4399661512263484,0.08208021145218024,-0.4616786566610444,0.12124635354614602,-0.45253556029839687,0.15823056479878322,-0.4437156296684066,-0.024422740772793442,-0.47749009875111625,-0.057826347567865435,-0.47770872939240483,-0.08905570759271014,-0.4765840785512,0.21027555541044976,-0.39042726416946444,-0.13964098370871564,-0.4155630807742488,0.0899095028637573,-0.3594604571933909,-0.06492055829002046,-0.36716722435485427,0.49965542830984266,-0.018559443970864817,-0.49965542830984266,0.018559443970864817,0.7450558224421108,0.37698377720475235,-0.6467115406315499,0.4944059961401044,0.682602455340829,0.8875943059167573,-0.6104117297342155,0.89243782691024,0.6795189843821706,1.0567714372666779,-0.5858783901402863,1.0461697039662268,0.5912799467731629,1.0383664428742692,-0.5036453606448508,1.0069848676324427,0.5626511699578648,0.9966079903881505,-0.488831766629234,0.9510212042049462,0.6840541404138782,0.9040783151490982,0.5856975122868289,0.9289031945147211,0.5247479783366339,0.9768277722059957,0.510145825783126,1.0305821544752507,0.49394918530710835,1.0747167885278082,0.5662153702186964,1.0475585643790226,0.5350964363392323,1.1077986431501237,0.5208208136386013,1.145228357162892,0.5110637700971893,1.1682466804227352,0.6335958673157422,1.058855765455017,0.6158580957255384,1.123391084038498,0.6018818927842349,1.1489370739599643,0.5911608005021501,1.1515407796175068,0.7001100501494968,1.0548760948869105,0.6910457817375093,1.114288934601041,0.6789258431634333,1.1295441655172584,0.665948914816841,1.123109606351849,0.762849713652719,1.0391398765598583,0.7698190798039436,1.0865670139581398,0.7594459291683671,1.1038893790597204,0.7429129163214324,1.1069245652574602,-0.6417234560942386,0.8876067567464985,-0.5336489818221827,0.9082585330105358,-0.4664516073634108,0.9641491219253847,-0.42702835107011455,1.0205303328217015,-0.3813392096518344,1.0558050157201007,-0.5499433567755816,1.035229871348637,-0.4991132264388572,1.101137597462756,-0.45130543984348886,1.1121493187996847,-0.41575633679141244,1.110498990962324,-0.6079169967625396,1.043833839372283,-0.5564069556401446,1.1107914372370782,-0.5034209685011101,1.1067170514284406,-0.47430421000192524,1.0909299922132785,-0.6490926529563761,1.0370779302202207,-0.6018462352408083,1.0982160991984862,-0.5536543314282404,1.0956166920416877,-0.529041820000602,1.0832630973518196,-0.6808352916632284,1.02375480127634,-0.6387213154162279,1.0700899712614875,-0.5965511332109454,1.075280781470251,-0.5716386839967141,1.068575416757971
