pose_0_x,pose_0_y,pose_1_x,pose_1_y,pose_2_x,pose_2_y,pose_3_x,pose_3_y,pose_4_x,pose_4_y,pose_5_x,pose_5_y,pose_6_x,pose_6_y,pose_7_x,pose_7_y,pose_8_x,pose_8_y,pose_9_x,pose_9_y,pose_10_x,pose_10_y,pose_11_x,pose_11_y,pose_12_x,pose_12_y,pose_13_x,pose_13_y,pose_15_x,pose_15_y,pose_17_x,pose_17_y,pose_19_x,pose_19_y,pose_21_x,pose_21_y,pose_14_x,pose_14_y,pose_16_x,pose_16_y,pose_18_x,pose_18_y,pose_20_x,pose_20_y,pose_22_x,pose_22_y,left_hand_0_x,left_hand_0_y,left_hand_1_x,left_hand_1_y,left_hand_2_x,left_hand_2_y,left_hand_3_x,left_hand_3_y,left_hand_4_x,left_hand_4_y,left_hand_5_x,left_hand_5_y,left_hand_6_x,left_hand_6_y,left_hand_7_x,left_hand_7_y,left_hand_8_x,left_hand_8_y,left_hand_9_x,left_hand_9_y,left_hand_10_x,left_hand_10_y,left_hand_11_x,left_hand_11_y,left_hand_12_x,left_hand_12_y,left_hand_13_x,left_hand_13_y,left_hand_14_x,left_hand_14_y,left_hand_15_x,left_hand_15_y,left_hand_16_x,left_hand_16_y,left_hand_17_x,left_hand_17_y,left_hand_18_x,left_hand_18_y,left_hand_19_x,left_hand_19_y,left_hand_20_x,left_hand_20_y,right_hand_0_x,right_hand_0_y,right_hand_1_x,right_hand_1_y,right_hand_2_x,right_hand_2_y,right_hand_3_x,right_hand_3_y,right_hand_4_x,right_hand_4_y,right_hand_5_x,right_hand_5_y,right_hand_6_x,right_hand_6_y,right_hand_7_x,right_hand_7_y,right_hand_8_x,right_hand_8_y,right_hand_9_x,right_hand_9_y,right_hand_10_x,right_hand_10_y,right_hand_11_x,right_hand_11_y,right_hand_12_x,right_hand_12_y,right_hand_13_x,right_hand_13_y,right_hand_14_x,right_hand_14_y,right_hand_15_x,right_hand_15_y,right_hand_16_x,right_hand_16_y,right_hand_17_x,right_hand_17_y,right_hand_18_x,right_hand_18_y,right_hand_19_x,right_hand_19_y,right_hand_20_x,right_hand_20_y
0.08428664908688369,0.05484273466887777,0.08735908704341544,0.052833978626743924,0.08900894692354208,0.05286671288202119,0.09088884079599607,0.05296373253459876,0.0805695176036743,0.05281197970538594,0.07833357463507061,0.05283664608873037,0.07628562690943276,0.052903673165453746,0.09337869312616684,0.054424960352459716,0.0733493184829342,0.054429426495851106,0.08805543334773706,0.05745734947472962,0.0799820397890566,0.057366048930502705,0.11114782356097874,0.07041525987102558,0.06077258312153072,0.07024379576379504,0.11802411089702211,0.09187959739882416,0.054533483343240104,0.09261201872062272,0.120404258966481,0.11327938321969695,0.05155321974978221,0.11317425640360246,0.12367047335906542,0.11865469894104161,0.04686359150978476,0.11899011809721022,0.11755339614793502,0.11893400098366874,0.0538544380311212,0.11937046063118664,0.11534840864691864,0.11718684394266439,0.055966149228944946,0.11761694708502309,0.04969256990403987,0.11285375931792434,0.055198618657628026,0.11451649184191726,0.05696925543347629,0.11753124777439457,0.057586267372629577,0.12038278646656835,0.05854574313651677,0.12263690971987158,0.049981405976327574,0.12007653039725652,0.05205298951900545,0.12345836577121462,0.05449573523994489,0.12444305652578744,0.0563780033408673,0.12499232667695491,0.046866535340150325,0.11996117030637277,0.04943029750901111,0.12327331114162103,0.052698662548010866,0.12422572167699938,0.0553515434585534,0.1244364904655131,0.045688076925416675,0.11947635581603665,0.047884004029901034,0.12251928818003696,0.0507998706686893,0.12339054849707791,0.053273353598545195,0.12365090326471127,0.04555553535499721,0.11908262794908074,0.047072986749259804,0.12151523104024009,0.04954378669447872,0.1223950481911492,0.05180276926131421,0.12270578350104712,0.120112633441912,0.11298853818281093,0.11438898611685361,0.11430905847231951,0.11267373913296512,0.11731619183748365,0.11217732309453811,0.12024396493425221,0.11159709572649891,0.12253673364337224,0.11866032959921152,0.11942044825761032,0.1173608813534676,0.12344758241424812,0.11476043043437263,0.12480489708938976,0.11253114701692143,0.1252633600239972,0.12201469920129655,0.11956586204459019,0.1204593240321256,0.12383631588429321,0.11713601104189,0.12482605342455562,0.11452663813420065,0.12486437581623658,0.12368466549605386,0.1193712115370159,0.12198506925588107,0.12301830876088685,0.11883883325168584,0.124001820767937,0.1163354701774503,0.12424975066353527,0.12402625628610431,0.11902306190760262,0.1225847056754806,0.12190142365451413,0.12002085833250437,0.12296956100222774,0.1178975208679204,0.12331295198423474
0.2455786394184789,0.1311431407350402,0.2546880400853826,0.1264568551382953,0.25953777187272364,0.12652633264703123,0.2648946418274242,0.12671176241408072,0.23485566668337618,0.12638373848044507,0.22834280039877586,0.12651509195148608,0.22237032597141487,0.12670149146314197,0.27222094333236463,0.13004845548483554,0.21427470508389843,0.13025148663785924,0.25665905440574266,0.13766746774592103,0.23307193130989395,0.13760586289501126,0.3240604199709128,0.16786106042576673,0.17710949368158296,0.16772549430073663,0.34412525885499534,0.2194431315971325,0.15827137922748044,0.2208678011249083,0.35075343459806363,0.2704142011022984,0.15059337689140354,0.27023910485035585,0.3602272448091283,0.2833973921494474,0.13723755916535593,0.28419888085295597,0.3424646536864577,0.28410822537329966,0.15647633170284453,0.28510228658638864,0.3360867728653498,0.2799032459221697,0.1625443619968783,0.2807470071486281,0.14560884584881947,0.2693371380927907,0.16110345152797578,0.2736582992041841,0.16603050629089827,0.2809007481645072,0.168380454398876,0.287755924923952,0.17063331042212304,0.29293100351176765,0.14604415418395614,0.28662126117029646,0.15190243640234588,0.2949418158762631,0.15938631663837788,0.2968796575659674,0.1652914612662109,0.2977025015055394,0.1366683360641611,0.28645002304205675,0.14469422196226095,0.29440803924828907,0.15521343632041007,0.2959603813885461,0.16320228229422476,0.29600596981240823,0.13292041400613172,0.2852829301945743,0.13950295321073217,0.29258794332305216,0.14886939884863856,0.29403457287385026,0.1564521556651251,0.2939514459490953,0.13239245154954274,0.2842116022338141,0.13665888599550183,0.28969320353614286,0.14447679279632733,0.291337181328024,0.15104789571094113,0.2914730498465335,0.34996267023209326,0.26921002855782283,0.3329530432007559,0.27297666259213754,0.3278196852148041,0.2802843242704006,0.3267861052915594,0.2872351199335087,0.32516587627844273,0.2927494840052279,0.3468577097420384,0.28517102375246806,0.3422244760793837,0.29477994151852394,0.3342128351123663,0.2979330087557444,0.32755458673701293,0.2993858738686353,0.3564785313660388,0.28556348877930315,0.35131938353753905,0.2957512502291273,0.341324531609823,0.2981286469095645,0.33345819514678804,0.29832259583084436,0.36080234898753477,0.2851167597639551,0.3557808090553738,0.29392187395228075,0.34626119161494595,0.29616851152127444,0.33879672358891844,0.2966439157803601,0.36100677461071556,0.28443906469450225,0.35709165306204,0.29137117452605477,0.34956707080615046,0.29370233628622555,0.3431374861611138,0.2943939623104542
0.1038632298693615,0.35835506742897694,0.10780331932919088,0.34565810765367544,0.10987338156308493,0.3458606979644746,0.11209760379457728,0.34631960844081344,0.09938716583958951,0.3454296632315332,0.09662971392139683,0.3458573095952568,0.0940955103180086,0.3463677859258271,0.11525445592464266,0.3552347780109965,0.09076259165805714,0.3558650146855193,0.10859919756862331,0.37646624258275313,0.09857458189927575,0.3764455422094642,0.13715493370919427,0.45790051452237945,0.07485068080355091,0.45770871574043376,0.14572923975383728,0.5982763232174845,0.06667069234008796,0.602583595388281,0.1483081691939797,0.7379654034353084,0.06374715528561754,0.7379051531053503,0.15240592527258295,0.7738717527211812,0.058147422736973924,0.776053520813195,0.14491624211102525,0.7759182138340077,0.06601846736813977,0.7784996955989658,0.1422205566324905,0.7643257770026572,0.06857642274829205,0.7663143795755618,0.061589506322810295,0.7348531151244726,0.0681124718132812,0.7471762438118636,0.07026928680438564,0.7669149466641602,0.0713097288873414,0.7855254079879804,0.07218312052819019,0.7996821854223635,0.06178967923160178,0.7826310573073425,0.06432231995888554,0.8051466853389788,0.06742327628474422,0.8107699545560885,0.06993904714348863,0.8134807068777618,0.057765476830503176,0.7821005924457558,0.06121043663370826,0.8036028987654144,0.06560911202948401,0.8079459338919893,0.0690029040570337,0.8082862514457029,0.056125172691805086,0.7788031681966465,0.058977920652132136,0.7984643087149139,0.06288188009378184,0.8024927095569729,0.0660931964860759,0.8024513657577768,0.05586012072455939,0.7757278387366073,0.057667770807148896,0.7905358094820202,0.060914514580046236,0.7949680811558959,0.06369663104718164,0.7953977491516738,0.14807105856213104,0.7345421254723926,0.14084179783986256,0.7459262487810717,0.13870757888520963,0.7659490621212325,0.13823967479299337,0.7847349213810363,0.13745215597070792,0.7997773444973727,0.14688591253867964,0.7790159805624811,0.1448137883590007,0.8051759562932306,0.14144837763617155,0.8137014349296684,0.13865316715663153,0.8177636055691424,0.1509109095112431,0.7797969569566625,0.1487308024128171,0.8074511750387994,0.14457294783796154,0.8138643044416531,0.14126724160900545,0.8144571836337067,0.15268650750027846,0.7782781133363321,0.15064473463721648,0.8021889522223832,0.1467062211869042,0.808453562853469,0.14353886232672478,0.8099931353207794,0.1527373863408557,0.7763216290867699,0.15121421254281026,0.7952575446976506,0.14810562570420624,0.8018477235105606,0.14536570689189138,0.8040095600189399
0.2913544381191234,0.17673604560618075,0.30249537448710684,0.17050204124692978,0.3083396176925724,0.17060689148242514,0.31450210282716884,0.17082487662449428,0.27886136506747305,0.1703740220160457,0.2711246390139481,0.17059185269814559,0.2640098232433972,0.17084460537511315,0.3234199149032104,0.1751962482144636,0.25490461820370197,0.17550386226414852,0.30467534920468253,0.18570335953960507,0.27643480029724365,0.18570670149166718,0.3848406256496974,0.2255478812930173,0.20966243687485983,0.22560504552345814,0.4088721749352986,0.29446391765853047,0.18613875181530454,0.2970087158611322,0.41481683025873806,0.3632553048288525,0.17888267738264246,0.363859748814005,0.42698467859360406,0.3816352829125179,0.1634861280609913,0.38267086679731555,0.4065241158595071,0.3826439065117724,0.18496695161067025,0.3838501265371539,0.398990590769126,0.376864856971063,0.19217567574182903,0.3777177006704131,0.1726647168558957,0.36219629919598917,0.1910571031718418,0.3684554945720446,0.19686263704522244,0.378266258230325,0.1995262296865957,0.387385518648053,0.20189757700406039,0.3943979170014717,0.17349139416256915,0.3858952607810215,0.17983714523064925,0.39705600457061646,0.18834162786547506,0.3997617781448157,0.19515155928222197,0.4010539059967354,0.1619171012025007,0.38547996004913304,0.17069527594971218,0.3961741504806766,0.1828077594378788,0.39822785023193036,0.19218831477172446,0.398193700536909,0.15713109117502883,0.3837191725668539,0.16469050232518118,0.3932524980367163,0.17546908912909254,0.39517973719859395,0.1841733642423236,0.3951152571823364,0.15612479593475406,0.38215937963002555,0.16093173590094487,0.38923392705834753,0.1699654180338558,0.39137364697066257,0.17765155111931535,0.3915721420729744,0.41519905957974473,0.3622043872816521,0.39444897830953,0.36801826052452147,0.388595891467986,0.37797284045599644,0.38722560690611635,0.38728085095615766,0.38493691073750136,0.3945800955143038,0.4115529021215738,0.38423815806356065,0.4054474768639251,0.39706207063486365,0.3961064968015305,0.40125484437492465,0.3882626337817637,0.40318278562757165,0.42300913253999517,0.3846088339061489,0.41664230413926145,0.3982519740707654,0.405047412876827,0.4014050637159357,0.3956795334213604,0.401658715069088,0.42797210741024483,0.3838234751715492,0.42162790397847844,0.39554780126352024,0.41058607160729904,0.3985758064172224,0.40174070365013326,0.3992065928480411,0.4280023600153298,0.3827653962985014,0.4230478234478383,0.3919141445285423,0.4141997287028817,0.3950094099779486,0.4065104450720692,0.3958872200250569
0.12970109787553,0.15969592934710547,0.13469144249787746,0.15410499058573351,0.1373163228873589,0.15422228770869137,0.1400169709059638,0.15441388019762348,0.1241626703861512,0.15398658987786196,0.1207146731787335,0.15418132821804242,0.11754356371503022,0.1543950938843218,0.14399447203920201,0.1583327609658422,0.11356382326569903,0.15858829795535076,0.13564260226164204,0.16780770974913553,0.12303288210020182,0.16781277101787784,0.1713342576103111,0.20365710753700467,0.09319642313790066,0.20369525098339097,0.18204942612825156,0.26597030665281013,0.08242517328615954,0.26818184008040413,0.18440269306064047,0.32794433733846023,0.07963820086256441,0.3286209997940743,0.19006432394824746,0.34473767776499475,0.07280257775338542,0.34560565364209145,0.18098708801165173,0.34566585610186845,0.08214878590245123,0.34663135336766415,0.1776467994475186,0.34041446631717387,0.0853309935151427,0.3411235767062286,0.07672476039676673,0.32716145166367794,0.08491576853367072,0.33278362060962025,0.08758205576431437,0.34158079066750174,0.08875134788287806,0.34988139825373754,0.08983783452174043,0.356216990449317,0.07710357393451468,0.34855648748281715,0.07995081923228962,0.35855816339206503,0.08376121652872995,0.3611224127059969,0.08681780096939314,0.36235979777686217,0.0720204740507049,0.34826803321915745,0.07599256965535243,0.3579058305440895,0.08139850837720915,0.3601558245401714,0.08574541463955568,0.3604753314000246,0.06994047750526486,0.34675716204783025,0.07344138163136245,0.35545219341921275,0.07828615430242122,0.3574911363142054,0.08236608979232214,0.3576664414119969,0.06958399971008518,0.345386103668678,0.07184388798165987,0.35189212996656755,0.07592123964529968,0.3540247126757351,0.07953990062791949,0.3544029251790455,0.18455780466253763,0.3272515650800824,0.17553495211677098,0.33248572879221544,0.17293965858863497,0.34143009424479825,0.17233266448285028,0.34983060797793747,0.17123124907003484,0.3564515593254646,0.18307719839131384,0.34709468144305705,0.1803591115961022,0.35870787039381136,0.17624454463167938,0.3625370056072635,0.17282534683379425,0.36438871961344277,0.18818331483540512,0.34736525002018376,0.1854063988276707,0.35972502050752364,0.18027127790847056,0.3625767854036943,0.1761579249322593,0.3628275655616781,0.19042687988710805,0.3465627535146355,0.18768959895395676,0.35711218808761924,0.18280047470006044,0.35985856696697,0.17890158750614438,0.360473098860429,0.1905202749531684,0.34550762485802977,0.18846909422250702,0.35375427094744905,0.18457375056174904,0.3565557783329504,0.18121356243409384,0.3573440677683448
0.23047543630196407,0.32062945574424834,0.2394412492277175,0.3094759951848187,0.2441253490281982,0.3097662419797891,0.24880086415207442,0.3101553676934214,0.2207322364559133,0.309236511665804,0.21458744445742223,0.30961922196040886,0.20893515637598248,0.3100145848869846,0.2558760368744581,0.3179470977664168,0.2019247841157103,0.3184307999946807,0.24104522827750888,0.33691074545755184,0.2186111800344777,0.33691346946483736,0.304424175798338,0.4086140000350352,0.16552027511153303,0.4087700576486803,0.3234879587114505,0.5340053251944561,0.1461486681408868,0.5380947984123194,0.3269796629640667,0.657979581031148,0.1415293105025067,0.6592086429351546,0.3376428515570678,0.6918734108219854,0.12964273990584968,0.6933129086532988,0.321541933497729,0.6937314892868311,0.14590154896969904,0.6950009785139158,0.315647044495946,0.6831441639985665,0.15150538974208375,0.6841986857722058,0.13616200744933205,0.657046850386983,0.15067575143702036,0.667993795552956,0.1553343158327284,0.6852606412853532,0.15720583363252405,0.7019726551039198,0.1594060614687572,0.7148343991855055,0.1367707615881111,0.6994007848982285,0.14200607341661597,0.7198158193122876,0.14873412787412163,0.7249565556782525,0.15402581581316346,0.7274357078041891,0.1276859000401069,0.6991276713453435,0.13486000788098207,0.7188343111171039,0.14449421585666172,0.7227195092465678,0.15193717419778632,0.7226042862841929,0.12396092286889082,0.6964082465020197,0.13016328612814226,0.7139965760101283,0.13884039739993595,0.7175208304452593,0.14589920239426046,0.717379182066414,0.12315206851771207,0.6940603049700026,0.12693399022457136,0.7070300419385512,0.13409314411265155,0.7109359628897944,0.14025296293895123,0.7114671697684762,0.32780341296802956,0.6568922693380347,0.31167797975410877,0.6671797501607998,0.3071279845536929,0.6848406350031481,0.3060724045563999,0.7019067188528038,0.30403289527520583,0.7154317968954235,0.32517067192595767,0.6965720433513171,0.32017447759214496,0.7198801771666586,0.3129000062825114,0.7275262874109345,0.30685878425337804,0.7312817515111756,0.3342155396664868,0.6972007034999881,0.3291008797105323,0.7219800558296123,0.31997888105558703,0.7276653899885784,0.3127227742493859,0.7282084093848348,0.3382176022144915,0.6956323372118604,0.33322508078136526,0.7168405923642481,0.32451631260365477,0.7223200221220458,0.3176089273126313,0.7235279538760809,0.33840763110000877,0.6935925394572594,0.33470767920847005,0.7102057252731879,0.32781813372078095,0.7157817936445904,0.3218731941596432,0.7173273495539537
0.29101709337677856,0.08413513817578655,0.3024018130918682,0.0812209040020236,0.3083460827825774,0.08130588057118825,0.31414614635481664,0.08140900916133603,0.27882957842100287,0.08115534168046676,0.27107851795626803,0.08125407585199537,0.26392883160324354,0.08134969118842497,0.3230806318647698,0.08343378095002953,0.2551252652263679,0.08355697159721681,0.3043635205459959,0.08839886625094777,0.2760250123367162,0.08839822511996381,0.38421379401310957,0.10709737125653564,0.20891193383464063,0.10723277678465676,0.40839275807650127,0.14009569512042827,0.18445843341656093,0.14116125481575653,0.4123614444308308,0.17257099634881878,0.17902492133330652,0.1728770696091784,0.42613585239268953,0.18147472960224356,0.16515121063851465,0.1818322269102743,0.405969852366251,0.18195752794695044,0.18424751632572572,0.1822106411166565,0.3985602784679185,0.17919067375812348,0.19131418662458763,0.17941965101766283,0.17158827658246395,0.17235991732924807,0.1894561802268124,0.1752639334779543,0.19531502306684045,0.17995116196025457,0.19815823550753178,0.18430528282570527,0.20065042861390758,0.18757561183347157,0.17171345397116133,0.1834643326850882,0.17844721351413734,0.18883747782194865,0.18729231552263456,0.19011475766783156,0.19439190883654786,0.19062258683470357,0.16028094159531797,0.183447142360581,0.1698487120655556,0.18861411045851886,0.1823053712891495,0.1895048150348697,0.19180832629878844,0.18941309323347807,0.1555507379895479,0.18280581102319646,0.16440180257874756,0.18747930861692377,0.17570770212979853,0.18823215667482943,0.1846926303363732,0.18805955887119136,0.1549335924838191,0.1822480137102627,0.16017727734501916,0.18577665172008417,0.16945427999087884,0.18670195065577744,0.17737321286662477,0.18672219970935391,0.413715391922928,0.17232269166149236,0.39344269114675884,0.17506096209395147,0.3875513301582703,0.17972042159050933,0.385999145260844,0.18419007960202638,0.38340689489743385,0.18769742672042244,0.40999352696483626,0.18274302025745567,0.4041641473708101,0.18887643988611924,0.39479097050658335,0.19085135038391496,0.38697612515075397,0.1917691427443378,0.42152177188640205,0.1828590783224465,0.4152228206590323,0.18935284027788207,0.40352420051480253,0.1908414929950367,0.39423162890821983,0.1909832096562811,0.4267282458272925,0.1824297609873176,0.4204260924732492,0.18796981389033357,0.40937025325116333,0.1894219755689849,0.40055546102790346,0.18974780367778754,0.4271338117332192,0.18189345491924175,0.4224168951128416,0.18624981974313626,0.413657422388321,0.18773226150388383,0.4060892143984608,0.18814513650065345
0.4067155441699082,0.009253743072759241,0.4227141904356166,0.008933426799410053,0.4309492765177688,0.008942985310841655,0.43885091449512487,0.008954201669065014,0.38991678181276357,0.008926096868911632,0.378995296122126,0.008936948162954438,0.36902143740502014,0.008947346983083325,0.4512790982860514,0.009176677803884316,0.3565534907051196,0.009190127884789878,0.42527073728641823,0.009722666910873244,0.38559547635352887,0.009722499436762247,0.5364736111253047,0.011767828434804534,0.2917724893766307,0.011794091019736948,0.5702572786881974,0.015408855169640625,0.25797355409044737,0.015526040037061824,0.57588479699239,0.018977067392971707,0.25043219839821645,0.01900570546595221,0.5951734320013197,0.019957162617305454,0.23237544247034495,0.01999185767063369,0.5670216008865806,0.020009371936873226,0.25735667638173626,0.0200300829019332,0.5567684250836179,0.019706734465732276,0.2672223244674391,0.019727197157768054,0.23981185184238138,0.01894748617631348,0.2649134797199228,0.019274868681889826,0.2728928185853386,0.01979178340176697,0.27673498998756985,0.020273433068710028,0.28000079198396205,0.020638532506968302,0.23967647288855715,0.020181961353611482,0.24912464898488973,0.02076334626086676,0.26102784414246527,0.020915315794956285,0.2709441276067581,0.02099199983986802,0.22389620133173244,0.020178573675541663,0.2373485306353087,0.020735805584034633,0.25415225371736083,0.02086127748180789,0.26765953654348806,0.02087732120782718,0.21739831998702422,0.02010662738508577,0.2298513845122021,0.020610843453950114,0.24514735566121287,0.020718081240620773,0.2580587603239631,0.02072375038618514,0.2163700876595543,0.020043652712137414,0.22366253319632026,0.0204202814207738,0.23623753388192004,0.020537541210823605,0.24745018585106923,0.020560695241204525,0.5778125398321121,0.01895668256170683,0.54939493723787,0.019256277586498,0.5410619989291735,0.01977029823621142,0.5392322882386607,0.020258447073918086,0.5356410832509233,0.020643149797589914,0.57285567041024,0.020104171098124478,0.5642967492342522,0.020771142621455022,0.5512473181841779,0.020990552804786157,0.5405161649699156,0.021096801906573474,0.5888331629111871,0.020113035473438134,0.5801413045889723,0.02082418637343548,0.5639137709900941,0.02098342487157074,0.5512094830180436,0.02099652604807839,0.5959248918634813,0.020060592571557654,0.5871708831121137,0.02066242548013722,0.5719928127151803,0.02081824691877968,0.5601894232302267,0.02085500601707239,0.5964239973363042,0.019996032770839424,0.5900708252207645,0.02047197509636824,0.5780088611629095,0.02063150447059102,0.5678009744650613,0.020674773023145382
0.10910918055548856,0.16620996179665246,0.11342310687812351,0.16046005679756817,0.11563863413444901,0.1606318903092087,0.11772899343684731,0.16083271017105463,0.10463205943675659,0.1603292553975064,0.10169746976235695,0.160523979813838,0.09901897345967609,0.160709270802588,0.12106266844179028,0.16482942254929883,0.09567232864691419,0.1650695461604673,0.1140904486537469,0.17463240300722685,0.10343858889142779,0.17463076700020572,0.14390223109944542,0.21129503009184036,0.07824017605063995,0.21184292092705978,0.15295834252389337,0.27678650212519096,0.06920919061220591,0.2788981913813426,0.15447338983533562,0.34083984482532254,0.06719534697028966,0.3413147882184458,0.1596509288424541,0.35846531369323903,0.06242791866463555,0.35906863086310237,0.1521106231977419,0.35939139921604885,0.06901233361420989,0.359690946824179,0.14939053525191176,0.3539675873583733,0.07165869154674506,0.35428201735295395,0.06406863038197895,0.3404506862519695,0.07085613555988866,0.34629500468850005,0.0730487432834177,0.3555360431218738,0.07396867568627714,0.3641065033870471,0.07493746723757089,0.37060691341347796,0.06427660238805798,0.3626590329814815,0.06676124109008531,0.3730234013325534,0.06996265991013995,0.3757061362007157,0.07253984553430748,0.37696789342217096,0.059919222727371504,0.3625403696980282,0.06336043474600085,0.37253344361692964,0.067894765059562,0.3745455739296814,0.07147326673448204,0.3746569279559595,0.058086597846272466,0.3612041741571107,0.06131011567433331,0.3701868554171932,0.06540323119123008,0.37189099421460886,0.06875031729463549,0.371842784781905,0.05779604932852967,0.36004453543842707,0.05974895349064597,0.366891356757981,0.06313278393528853,0.36880445587153327,0.06607762672198307,0.36905423720156855,0.15494820477740226,0.34039799099356255,0.14730458196078208,0.3457754405232355,0.1451299430406428,0.3551132936301672,0.14457132424731017,0.3638936377638277,0.14360900725717643,0.37079581945000045,0.15359807605363318,0.3609068694618321,0.15142740874928534,0.372982923352385,0.14784576977369673,0.376956573309073,0.14484579323723068,0.37878254185514415,0.15789525401731427,0.3612011660151686,0.15561237477652554,0.37404221151136824,0.15117368041960905,0.3769559136288226,0.14763079227865222,0.3771804951732901,0.15978120611461302,0.36043416898156044,0.15732943667035967,0.3712820301818016,0.15316493549671148,0.37405738415712886,0.14989353763383156,0.37469983355944964,0.15984828229242407,0.3594045928210581,0.1579356596918592,0.36790206606332015,0.15457859628281104,0.370722436618939,0.15174619986821172,0.3715014398331056
0.20134844142458277,0.012946211956382406,0.20934040342102156,0.012498338944695474,0.2134461554123519,0.012511782452359326,0.21726690874458457,0.012527460207073193,0.19311536880651684,0.012488222142505811,0.18769590240855855,0.012503378846964683,0.18274728123022488,0.012517570529353657,0.22343581841736618,0.012839389460120938,0.1765782188591395,0.012857824567564879,0.21054973581217518,0.013602666420934774,0.19087193805262564,0.013602516374904736,0.2655476437689374,0.016455933506430646,0.1443185135154764,0.01650127310031538,0.28227487765477083,0.02156418174232298,0.12772887352618373,0.021730736946514922,0.2850941718866933,0.026549839288536943,0.12400853205352778,0.026586573845370273,0.29465107517401085,0.02792316332669506,0.11522804874136337,0.027970394939355818,0.2807394962105271,0.027994852442251958,0.12724288572477016,0.02801683521336501,0.27579947703663815,0.02757291478408578,0.13209221483108796,0.02759668988585901,0.1178989202220372,0.026522783728353577,0.13068209689535684,0.026972905375066004,0.13481899934065295,0.027688312513735155,0.13655615886844866,0.028361488888936446,0.13828144610312748,0.028873349338446697,0.11865999401766308,0.0282579941258617,0.12319650792388272,0.029050740743602456,0.12906026276147115,0.029261228603219395,0.13381841825558932,0.029365418099967466,0.11081066496178894,0.028249832032912668,0.11706897949141837,0.029015977339410307,0.12523261255585227,0.029203401274327894,0.13186404539070395,0.029239054677574927,0.10750250711039891,0.02814806588232096,0.11328909840515712,0.028850706775886494,0.12067432641648909,0.029025321301774022,0.12700859562737735,0.02905788540114233,0.10689910703825739,0.028059355791767597,0.11032071972933644,0.02860621396392787,0.11637473665340202,0.028789763422590375,0.12184274838709536,0.02884356006292155,0.28568414723296315,0.026522789894628782,0.27164145132598944,0.026952018145514733,0.26771636687771705,0.02767284544009086,0.266757625127882,0.02834806285238568,0.26491073914398056,0.028878746884677918,0.2835637276876042,0.028120808890480832,0.27928868417684555,0.029053153812633473,0.27280544504578685,0.029361907433949598,0.26743166089036824,0.029513532030440257,0.2914521729589566,0.02814337745773855,0.2871486003151133,0.02913589494878643,0.2790957498700527,0.0293577287547843,0.2726511943092783,0.02937556778895823,0.2948162692889551,0.02807928930408685,0.29032961137891106,0.02891599118692836,0.28275101641559225,0.029131882759051726,0.2767547830746388,0.029185099769513438,0.2948296049408162,0.027992496925122873,0.2912852991626711,0.028638105939298615,0.28515433501837223,0.02885281153115716,0.2799244181148069,0.02891191116816638
0.05291354987279596,0.3412860237114439,0.05502320854243307,0.32946994196990464,0.05610503016220001,0.32982851406764796,0.05709904785040468,0.3302462024719478,0.05075869505237182,0.3291965764643338,0.049333131875575836,0.329595001947478,0.04803103796131834,0.3299598595553593,0.058723882076634426,0.3384879692695373,0.046410320380417404,0.33894757010566245,0.05533223116217236,0.35859447632680325,0.05015479890012814,0.3585877844259236,0.06977143989627753,0.4337334151920283,0.03788761049454846,0.4350138169554849,0.07418702524070829,0.5684908511996515,0.033538884687127325,0.5731352471518798,0.07492867016447016,0.6998611016535109,0.03257620500329004,0.7009309930127767,0.07743530252789013,0.7361133232287544,0.03027976901853958,0.7374599395903889,0.07377939374947383,0.7379970255945947,0.03341327517031553,0.7385866172826256,0.07249144892245125,0.7268807758029464,0.03467097552913848,0.7275420548178099,0.03107081703039444,0.6994257217055899,0.03432575251485464,0.7111373068410849,0.0354010296383515,0.729993078659037,0.03584827589852588,0.7476315747420736,0.036332903037242424,0.7610508679595448,0.031191988863736437,0.744570748046596,0.032301189017465155,0.7660220020680848,0.033860133509402875,0.7717836474473427,0.035097374375031964,0.7743865530550942,0.02907749121295328,0.7443480459201547,0.030626336380038845,0.7652064029422468,0.03278736449638254,0.7698191546020563,0.034497016330633845,0.7703349999168302,0.028176688286645577,0.741645710044272,0.029571682612953648,0.7604391686151664,0.0315400276500486,0.7646443374537858,0.03318775925285539,0.7649610513051359,0.028036948075409025,0.7391991835939196,0.028887289491002645,0.7535114527344448,0.030499292224034476,0.7581133131223771,0.031938833936552974,0.7591071823202324,0.0751173870850187,0.6993957571615699,0.07139434789366131,0.71056272451778,0.07034733550316126,0.729470676906964,0.07010978734370839,0.7473508400177203,0.06962306008048617,0.7614241514021369,0.07448616590517007,0.7413965112414732,0.07338986747173261,0.7661336240584665,0.07168148975760338,0.7741827616444992,0.07026088929540361,0.777923886441551,0.07658057191896259,0.7418783822902425,0.07546735210017683,0.7681699667868822,0.07334429343230045,0.7740985032973906,0.07164563381023094,0.7745623847826615,0.07749393880668404,0.7401319858096583,0.07631625720450422,0.7621608023532243,0.07432822851638948,0.7678892320625289,0.07275593753256933,0.7692715024385669,0.077535580128889,0.7378636210604588,0.07661728396804435,0.7549426525557811,0.07501848727270825,0.7606427432840326,0.07366055613094866,0.7622084313481493
0.03360884787218559,0.1145512152713129,0.03495715368751009,0.11058071541216687,0.0356470962244667,0.11070299809972255,0.036273166444657175,0.1108454141902862,0.03224637653407134,0.11048339487061701,0.03134038215732508,0.1106158351964563,0.030512816510385638,0.11073002451062576,0.03730969692118432,0.11361734001300021,0.02948566315107414,0.11375808286681885,0.035147897507954474,0.12036209367641854,0.03185446019621573,0.12035844711155576,0.04431521075461882,0.145562848698291,0.024047767932184248,0.14602455291578018,0.04713392460300381,0.1908155910293471,0.0212854485001125,0.19249237430876942,0.04760145483597872,0.23487664323818844,0.020681423215433304,0.2352965892864759,0.04918830355134708,0.24706668217160413,0.019233960864984107,0.24755366681382782,0.04686755838982597,0.24769058122922444,0.021220235684714043,0.24790728357506006,0.04605495279259939,0.2439757046575916,0.022009725647046303,0.24420828456514898,0.019718864470090778,0.23470329954887587,0.021792972754089184,0.23873767340202734,0.022477718999992447,0.24510113824217486,0.022773593178309702,0.2510147206461839,0.0230388653236656,0.2555089617938762,0.01976345570034825,0.250020981705847,0.020521024375122206,0.25712099808620875,0.02149891494079671,0.259060188536904,0.022285711159443097,0.26007120546536877,0.018453499617687302,0.24988763201221154,0.019498899478984574,0.2567371175647188,0.020884492825203743,0.25834704412376414,0.02198547770506637,0.2586093421709015,0.017910871719652756,0.24892644843897882,0.0188787712154892,0.25514741534546104,0.02014305262208842,0.2565864171335317,0.02120324682962262,0.2567424100852927,0.017823165719596554,0.24809224898480817,0.018397700034364636,0.2528003916255238,0.019437990705153608,0.2543659410361144,0.020362822168069148,0.2547435287324546,0.04768079281049971,0.23485030794681036,0.045341735290483146,0.23856352946905407,0.04470520025846569,0.24481817935870773,0.044539335327851946,0.2508532896750016,0.04423328950539592,0.2556147940179985,0.04731819961467573,0.24882096177461904,0.046617622313609115,0.2571245082459021,0.045544318411843435,0.25981438181236455,0.04464531332273638,0.2610297700593484,0.048635979875566226,0.24903739131011582,0.047918904456625416,0.2578397805796851,0.04659614034503534,0.25989658866114146,0.04552469317196166,0.2600811175743474,0.049209381883248686,0.24850906680787666,0.048472133128313354,0.25594245742232713,0.04723073367221929,0.25796405478271445,0.04622341799314335,0.2584906332987849,0.049221159576462004,0.24782205762519974,0.048644456245681866,0.2535928329104927,0.04764818321619518,0.25559056845990763,0.04677470920880485,0.2561956436041465
0.34754129752428276,0.21369131993015325,0.3615551961209954,0.2062767124668585,0.3687006182496078,0.20651038648686182,0.3751223039912416,0.20678328611742552,0.33351219613548105,0.20608830398706926,0.32413594002262386,0.20633549998441542,0.31557408781546137,0.20653817694970691,0.3858856171580491,0.21197760865356158,0.3049648237499954,0.21217814789094191,0.3634520739743941,0.22455163939653797,0.3293895592183182,0.22453102559168034,0.45811047939923016,0.27155798574020656,0.24846235075926737,0.2724293643554227,0.48742396705311036,0.356132643631957,0.21993226825438006,0.35918548875004025,0.4922767773776017,0.438154752601214,0.21355777268240997,0.439016799864437,0.5086734280326859,0.4609171436705002,0.1987950706672539,0.46187457431718776,0.48468074185514787,0.46207026125153167,0.21936143856240098,0.4625205074682491,0.47633555140460687,0.4551805677869941,0.22741349193946786,0.4556214487195293,0.20412472579274618,0.43816072466648964,0.22535845671576718,0.4458739862918492,0.23216700078962044,0.4577665059835286,0.23573067146527832,0.46883796849637677,0.2393478155454806,0.47727500371451514,0.20391509422899817,0.4668381070693911,0.21210408258163008,0.4799543572275484,0.22235021521582476,0.4833034982205564,0.23065342223329904,0.48472722500938964,0.19043746753242058,0.4664659388197147,0.20165895155040864,0.47943543226016133,0.21591482059808761,0.4824813891438642,0.2274440073704096,0.48288182290703263,0.18498845291354718,0.46458039493769254,0.1953112366194162,0.4764597489400143,0.2084543799206822,0.4792460906451728,0.21973944324547037,0.4795244363920816,0.18443010181391864,0.4629307815662466,0.19056440645249353,0.4720418118558039,0.20142748245004718,0.47501321972012867,0.2111650465378991,0.4757068615290168,0.49362134570337257,0.4377515363985422,0.4688917634965707,0.4445973555426173,0.46199360643293247,0.45660378559299136,0.4603200690193852,0.4678812843578486,0.4572868923040944,0.47681206685908706,0.4891709699821862,0.4644269196465468,0.48187411310520706,0.47982816341641177,0.4706807718280659,0.48479274806647615,0.46130359300239404,0.48692769353813375,0.5031290224842596,0.464716768405549,0.4956994707167923,0.4811188760241061,0.481914448836819,0.4849297662459249,0.47074711927331,0.48526505020608646,0.509336550975483,0.463558764589292,0.5014644046279206,0.4773647204224058,0.4884747172554725,0.48096468815699,0.47809011179102173,0.48186568957326076,0.5096742199269404,0.4619921154201126,0.5037483385377134,0.4727074256765235,0.4934669011536819,0.4762667087164175,0.48464501968760915,0.47730907163233743
0.032883949439546895,0.14862369386665664,0.03421475957491455,0.14346131647374072,0.034892238914669325,0.14362580630257202,0.03549689218264082,0.14381916062105976,0.031561084873713535,0.1433278860630516,0.030673862871508743,0.1435001053443461,0.02986336488532501,0.14363366556263382,0.0365159125148652,0.14743995477347233,0.028860601579201665,0.14754847392591744,0.03438910058807116,0.15618293316599216,0.031166049533976444,0.1561614323073846,0.043327702080762524,0.18886479288193347,0.02349542955225051,0.18948674828967818,0.046123706837587715,0.24777138672951537,0.02080718684209707,0.2498928913171926,0.04658258322777705,0.30474240767340494,0.020185738111993833,0.3054148582370123,0.04812978643819027,0.32057976075322564,0.018784056074220772,0.32136207574802744,0.0458625799150176,0.3213829157679511,0.020736564408122885,0.3217259854504092,0.04507484176537531,0.316598561703594,0.021490931997282598,0.3169247563982317,0.019229756373434617,0.30481233856698803,0.021239068669125036,0.3100502403809184,0.021874707995157387,0.3183525927802729,0.022190611948512167,0.32607206185906684,0.022535870020606915,0.3318898260167172,0.019203092355944616,0.32457778758791456,0.01998660825238854,0.3339319591581845,0.020969952520045167,0.33627703963344613,0.021770997731589338,0.33740903269754474,0.01793496740063123,0.3244902500636825,0.019022236058926032,0.33364921460701175,0.020377030505051692,0.33569625683584503,0.021458245396082275,0.335944000538154,0.017431887283333683,0.3233115026626996,0.018488105437556236,0.3315255622936119,0.019748037433807708,0.3331621292942317,0.020770830976054252,0.33318785480013974,0.017380773280680734,0.3223278442817496,0.018047517162278766,0.32854359853676446,0.019111986484863848,0.33027752123634824,0.020012180845491966,0.33052476930964425,0.04666248380848895,0.30448446817425906,0.04436035170494577,0.30939195064625125,0.043726843255096744,0.3176751859265365,0.04356184899249643,0.32547674061042053,0.04326923499609943,0.3316119905529103,0.04630295822103213,0.3230346112541554,0.04559348247607007,0.33376332728688823,0.04453773207515605,0.3372241158729672,0.04365762823885534,0.33875232893081286,0.04760473438881321,0.3232470472896401,0.04688591605110204,0.3347513519234281,0.04557214045177938,0.33728812281977694,0.044515358914682994,0.3373668570286845,0.048170295953612864,0.3224552917422115,0.047429025457092086,0.33220379519570314,0.046189957337304806,0.3346391981582217,0.04520500191936323,0.33514853957381935,0.048178470202542435,0.3213839778301216,0.04763052942460114,0.32892214109571777,0.04665322437188357,0.33139823284005787,0.04580921030196572,0.33208437220497405
0.4101227816010121,0.2369311059147251,0.426861634266027,0.2286909564465768,0.4353207077824089,0.22895445309829116,0.4428160059905966,0.22926959178263123,0.3937511543016786,0.22847609172722583,0.38268750135714585,0.22874954052293253,0.3725721140966334,0.22894980625601116,0.45556087107258253,0.2350558698906689,0.3600643284035657,0.2351683912011004,0.42893302497550584,0.24899020721195397,0.3887116157498868,0.24894225255214963,0.5403289554171716,0.30108055664549976,0.29271881697895963,0.3020993815186678,0.5754262493611813,0.3950129364675514,0.259581882471706,0.39848335631250664,0.5811591044237009,0.48579936643980115,0.25114148275031606,0.486898429298087,0.6004345068442781,0.5110544462770904,0.2321400663995926,0.5123241065677443,0.5721724961987973,0.5123450643908208,0.2573211602296702,0.5130917573871469,0.5623824479443663,0.5047336119887149,0.26706799939735604,0.505472215340586,0.23764453057503052,0.4849717769989248,0.2601983511288768,0.49397720683251906,0.26639506844616107,0.5071046303391047,0.2697152691957246,0.5192315341447428,0.27553970366118385,0.5288982830059725,0.23149779159517603,0.5167100484074894,0.2386807446462975,0.5312814546361715,0.25148202015065485,0.5357061515167942,0.2628624792143908,0.5375742197396007,0.21753169922445803,0.5158935210850771,0.2268552786735735,0.5303055048786153,0.24340775649023846,0.5344860073754558,0.2582019668292822,0.5354987932349724,0.21273418083650936,0.5139971579198046,0.22095726426868081,0.5272280912491615,0.23539177063169267,0.531481362919844,0.24910375674347549,0.5331120471107119,0.21318385619424537,0.5125801908475627,0.21818521720960932,0.523507532072406,0.22915749823781353,0.5281731498527755,0.24034032630455168,0.530491980589867,0.582528049211567,0.4853175998928141,0.5537738803247435,0.4932492140840728,0.5456395752262628,0.506583431478681,0.5437927369015619,0.5189402316918551,0.5403631907079901,0.5287521050119828,0.5783674758157142,0.5152340457438523,0.5692465200101743,0.5320885377690107,0.5560445100524556,0.5376759235022145,0.5450210576388083,0.540367630409303,0.5943605956648921,0.5155239560253687,0.5858090349916475,0.5336713989919608,0.5695872130254713,0.5378641676473703,0.5562552645776005,0.5381715741366615,0.6011563008923686,0.5141732111588981,0.592701843953082,0.5295126820957688,0.5775015823162695,0.5335762421974176,0.5651319567703156,0.534665522229851,0.6010428057161399,0.5124198653823399,0.5947262389451644,0.5243028381879687,0.5827250577487317,0.5283415273362,0.5720253881915832,0.529607838890312
0.3203415662308769,0.27000449226429657,0.3334324917127215,0.2606118359139156,0.34004450385414375,0.2609120923636951,0.3458788908089023,0.26127300040193774,0.3075963532359521,0.2603642770973784,0.29896577723887857,0.2606749744533373,0.29106068087081677,0.2608930328860904,0.355833344058113,0.2678705382672384,0.281270686688047,0.267943238704311,0.33502151312124934,0.28374616122496776,0.30361738787741527,0.283684780702603,0.4218382752466908,0.3430657516182399,0.22835068444476947,0.344260860189215,0.449433971769251,0.4501433546692985,0.20256725876559542,0.4541171163948697,0.4540518316311567,0.5534164372953613,0.19489414327580604,0.554681566399359,0.46907639704570103,0.5822807190541329,0.18011024966580944,0.5838294034458694,0.44694702978892437,0.5837457046825749,0.199859235017337,0.5848054030617038,0.43933252234042763,0.5751344654747547,0.20749213724685472,0.57620252515452,0.18203343617669548,0.5509785393005506,0.19824744297679633,0.5614032374202629,0.20258176390129037,0.5768586514229278,0.2054708790014724,0.5910491507139191,0.20985213903128103,0.6022590821595594,0.17335170729187088,0.5867771692656465,0.17825108023424754,0.6038874347388989,0.18945370446172388,0.6093682458668834,0.19966396266682893,0.6113084963991964,0.16405589052191552,0.5857038784131753,0.17065652747661608,0.6019875328419652,0.18354770346411384,0.6075903760807776,0.19614415778388763,0.6093205650140231,0.1615223639612389,0.5838490417827489,0.16817942103173622,0.5983737787068757,0.17941035660995797,0.6037973470843488,0.190825432454799,0.6065386959745668,0.16234736381245943,0.5824453294805096,0.16641289403806966,0.5948021312242223,0.17525856539581539,0.6002078621603376,0.1850798388097486,0.6033077178947692,0.45497635170458606,0.5530412936068043,0.4324802638244152,0.5621912578464031,0.4262892450138268,0.5773722067958672,0.4249332984463193,0.5914351855325359,0.42190281904881954,0.6026052400059099,0.45167947211939247,0.5868285805449447,0.44466773814501304,0.6063141414543961,0.4343733055840245,0.6126995166758541,0.4257274343670492,0.6155867809817949,0.4641202595918477,0.5872914964509525,0.4576731724639628,0.6082482174877775,0.4450994077419241,0.6132232771234165,0.4346480928194526,0.613602236995341,0.4694098125809912,0.5859583621017781,0.4629401979239263,0.6036696121377022,0.45111523044428614,0.6084110698970974,0.441391522300614,0.6096360647580398,0.4692872077189438,0.584134955386052,0.4642949289772695,0.597721554378765,0.4548732355863076,0.6023264013492993,0.4464677930710471,0.6036938813487804
0.03188714363151492,0.2244922200050389,0.03319173545042809,0.2166799724038146,0.03385037866156452,0.21692979648235,0.03442944616998869,0.21723243745312232,0.030621696363168097,0.2164731612044448,0.029764047346893467,0.2167312028284818,0.028977260231723905,0.21690610642167404,0.035420786803377076,0.22271888794617792,0.028001145055899575,0.22273854944875546,0.03334799301060697,0.23591694338991118,0.030222658294891687,0.23585492855086554,0.04198683898439141,0.285221485554855,0.022704109555137825,0.2861194261993175,0.044736891378864,0.37426481215653973,0.020164462901115954,0.3767701831332183,0.04520645255660696,0.4599530272304376,0.01904887850077111,0.45965445046872033,0.046704101160815414,0.4840483679812848,0.01729317149886179,0.48449200848550095,0.04449468358996492,0.4852953671420427,0.01931527560933653,0.4858671015334051,0.04373990421816709,0.4781589369000416,0.020153419906994,0.4787883545392199,0.01776705831984646,0.4555491002097599,0.019212442263963847,0.46474255499794925,0.01954871111473844,0.4781172252807927,0.019685546637592907,0.48993911814792307,0.01978648436308344,0.49831056882925684,0.01599605225385639,0.48445910265253794,0.016778557083047506,0.49953696173708667,0.018101681611234,0.5040547222622616,0.019222232938993448,0.506354815030705,0.015289577914874532,0.48351485141542216,0.016301590888062798,0.49721615576284517,0.017868304587722067,0.5015852161479456,0.019295395799976734,0.5032230210952044,0.015330500113234603,0.4817252090439062,0.016285932866174573,0.49303732888228485,0.017670895943165423,0.4965002132519429,0.018933804290840312,0.497676088754238,0.015629625905712045,0.4802692239754245,0.016358395961094983,0.4881594936952181,0.017507656855292927,0.4908446524461463,0.018634800503685073,0.4916699364410112,0.045318128767068165,0.4597297809400646,0.043062466137560866,0.4673641480932187,0.04243774242261349,0.48013086261277077,0.04231333329307157,0.4918589221620695,0.04201517245177881,0.5010846054150461,0.04498246691797924,0.4878392768028307,0.04430141102666176,0.5041353647261426,0.043265862117681436,0.5094932400441375,0.042399769526463675,0.51193828960221,0.04622734469398788,0.48820327306995115,0.04559511916418775,0.505703899864683,0.04433510869499227,0.50985288689455,0.04328822236582319,0.510162551103777,0.04676031234017176,0.4870935300921916,0.046130357520996416,0.5019445421397485,0.044947159989365805,0.5059828686002577,0.043964623905344925,0.5070635560483695,0.046757569741193335,0.4856055304646625,0.04625979205984292,0.497000396173363,0.04531215554782251,0.5009553350463312,0.04445427058737106,0.5021899989760975
0.11739523555362137,0.11513115601569528,0.12225531874395386,0.11112190121806052,0.12468886636743451,0.11125068408984236,0.1268112168378806,0.1114090412208855,0.11278437006662968,0.11101696059300312,0.10963383965285169,0.111148111233919,0.10673298748003206,0.11123430168718508,0.13046987623238743,0.11422466611598128,0.10314259164529099,0.11422199666197687,0.12280224430495001,0.12099049785181264,0.11128796449872365,0.12094916702457294,0.15465148833476866,0.1462667533266982,0.08357427399443286,0.1466791565444841,0.1647826325429332,0.19193597355759898,0.07425920987263043,0.19303185756214042,0.16653034308951128,0.2357673112743182,0.06926621701147215,0.23536663719861334,0.17206942214471757,0.24819058453226805,0.062313235474139854,0.24820091495358654,0.16390146066394568,0.24884573436710677,0.06995752854360295,0.24906441018829095,0.1611264392530882,0.2451964810394725,0.07313393077225191,0.24546373726675083,0.06490209569513332,0.23324372647569933,0.07068123369751161,0.23791545382275345,0.07190716997943378,0.24488569077120423,0.07226129369524162,0.25109546243916236,0.0729422876991336,0.2557073830461585,0.05937194512728703,0.24827618989972494,0.06183444719646595,0.2563591137857998,0.06673279214918727,0.25856909259069366,0.071050777995482,0.25950963631289553,0.05616984192836716,0.24770326290500871,0.05993221142314058,0.2552304466920123,0.06577219981524698,0.2572459027492825,0.07087320360377787,0.2578307142994979,0.05585153615436461,0.24681755269348668,0.05917323800135727,0.2533999143183086,0.06434119058903605,0.2550842483754413,0.06906551174652421,0.2554151875362635,0.056665562391512894,0.24615062800673804,0.05891209831614226,0.2509961258391211,0.0629969778476851,0.2526610240770298,0.06694749924331458,0.25317595444091023,0.16692529123670896,0.23578744188294057,0.1586837774415953,0.23967292360603468,0.15636869940622178,0.24617383031585865,0.15588577371801582,0.2522001592987047,0.1547841528807335,0.2569533598446883,0.16568497429627685,0.2501917242711447,0.16312607873252985,0.25856510669361854,0.15931674925681635,0.2612937457844264,0.1561352811143741,0.26253482248930426,0.1702524378268255,0.2503816211840894,0.1679046616206044,0.25938901721654506,0.1632818147275298,0.2615031699362528,0.15945972390299393,0.26164141474260505,0.17221686846260123,0.24981231440781757,0.16989413956035515,0.25747538437400513,0.16556046572295866,0.25953740960490046,0.16197867154242968,0.26008097260556806,0.17220366143221347,0.24906473929905862,0.1704125860693228,0.25497615377219374,0.16694100893991512,0.25701274605432095,0.16380415352216854,0.25764677794823426
0.10083902186013813,0.15977282704083867,0.10502846388591829,0.1542082400271285,0.10712197882101715,0.15438698408267668,0.10893991455286714,0.15460956096609904,0.09689325221773316,0.15406196144380313,0.09418722844288349,0.15424240552798668,0.09169480806436008,0.15436037990321153,0.11208569726330761,0.15851908129582912,0.08861101392357017,0.1584951794006873,0.10549316757328632,0.16790400056981775,0.09559909884092928,0.16783456581816644,0.13285729225562376,0.20295855297041082,0.07171053299651858,0.20339639915147972,0.14155451703042765,0.2663418877660378,0.06378089058741551,0.26727649753849325,0.14309796477226847,0.3271473701849915,0.05820304243892465,0.32426442610217704,0.14782820186945136,0.344411795316023,0.051919999329631976,0.3420299790772112,0.14081295148565182,0.34531971210154727,0.05804941748259692,0.34349037979566277,0.1384429001427079,0.34025986866438507,0.06104735675247076,0.3387830512514996,0.054201148700361905,0.3215980199950952,0.05775932067630554,0.32778188684296494,0.058312310534264014,0.336913070499737,0.058616542061759425,0.34529484601106003,0.05911208688121735,0.35152844503990427,0.048385355442663175,0.34105728358861154,0.04958110180561269,0.35260184819497714,0.05345421004711936,0.35703765425515693,0.056926820694889774,0.35910899959274256,0.04649172716202688,0.34081334216621956,0.04792987282623863,0.351488633921563,0.052337838279969566,0.355450030498233,0.0566388935523498,0.3569723173337237,0.04657871153436647,0.34024345196995115,0.04792688315721647,0.3493995524643339,0.05181400806469364,0.35287347217320747,0.055572765454455074,0.3546338645118942,0.04739487522400692,0.3398481318783278,0.04791792691287793,0.3472397295170249,0.05082111249977295,0.3504954112215305,0.05403656056072558,0.3523955611381801,0.14343048488626386,0.32728570684349795,0.13633453577363983,0.332711843017674,0.13440622797048285,0.341720878348318,0.13405294289811368,0.350130184174109,0.1331654610846916,0.35681748786009815,0.1424410671647094,0.3472794137675576,0.14008303831149388,0.35893539368344296,0.13679322821614368,0.36271783052929013,0.1340893294354976,0.3644921022062386,0.14633357156201726,0.34761000590322905,0.14416440555699794,0.360117268814876,0.14011355399402103,0.3628702495145521,0.13681903445205748,0.36292267129306904,0.14796320600570084,0.3468824443944223,0.14579777947997072,0.3575041725609713,0.14198508042053085,0.3601443931523564,0.13892216610266628,0.36070768622257715,0.14790134506332978,0.3459229177843562,0.14626174292911767,0.3540768640849804,0.14322505601718924,0.35674283884151303,0.14055532305926388,0.35749988442904035
0.24432840688071733,0.014830180321956321,0.25448491008452656,0.014313895766532806,0.2595632080727602,0.014330517893385348,0.2639597661836993,0.014351338240728807,0.23477693602814834,0.01430010110879631,0.22822876350871235,0.014316765630021268,0.22218162519090143,0.014327962454825658,0.27158206053743006,0.014714481369139573,0.21471127698886083,0.014711319455530003,0.25560727370098,0.015585069826324533,0.23163215939156917,0.015577541292355826,0.3219193914949656,0.018838962737342334,0.173606603644686,0.018869888254400398,0.3429513550778452,0.024722622141492623,0.1544963174374565,0.024715848462877263,0.34673555179756227,0.030362957867523712,0.1339327784669159,0.029653019351755454,0.35814040388738555,0.03196892499679258,0.11683536515814803,0.03121163667751834,0.3411391030523031,0.03205248901531588,0.12837167610435374,0.03136314945405733,0.3354438205020573,0.031582391951021194,0.1378451096894372,0.030944827694700576,0.12544521672520714,0.029459123979012215,0.13553196262125708,0.03001949514888692,0.13572035296543064,0.030951721490704458,0.1338156375240844,0.03178692124551282,0.13220007899560668,0.03234695090516526,0.1079980504957888,0.03111170136551265,0.10771965521124803,0.03231468878775455,0.11705590122831772,0.032750102544924824,0.1266909757078521,0.03291756031597911,0.10355898704537714,0.031143690274745554,0.10482135233380366,0.03226084086905393,0.1155628412636708,0.03269956845300161,0.12659859733365111,0.03287154829044723,0.10440259974876753,0.031155475910277983,0.10713538074223475,0.03208956995972486,0.11690371541392768,0.032443718415454105,0.12648258512482527,0.0325921717314502,0.10718884098640578,0.03117125839303234,0.10956150171469128,0.03186717143725871,0.11734037312195732,0.03216281094856417,0.1254601685852544,0.0323043516266131,0.3477039746501786,0.030385497542193045,0.33046981444352247,0.030896969158725567,0.32570934011947855,0.03173430747409817,0.3247220225688501,0.03251242085120169,0.3224956333980073,0.03312331433678506,0.3452093488008458,0.03224912353556595,0.3397493995597202,0.0333142844978314,0.3320451560247583,0.03366546299224841,0.32567708615871477,0.03383567404226701,0.35472528772540174,0.03227062690335394,0.34970888456216215,0.03341793167266664,0.3402301783976825,0.033685720436535865,0.3324339971586451,0.03370951074519155,0.35885713451885476,0.032196215358787285,0.35394695604902227,0.03317460446168308,0.34502324684890284,0.033439477434827045,0.3376806002105958,0.03351392430803739,0.35884640381474636,0.032101202504468,0.35505933114263133,0.032859962850562335,0.347960521973761,0.03312491825720824,0.3415953589843347,0.033212627503256924
0.29937925653592323,0.1559424327597019,0.3117978240794653,0.15051423668428837,0.31805418892971116,0.15068777114515702,0.32341608907336844,0.15090878178149095,0.28768895843925907,0.15037131284046462,0.2796789039367871,0.15055100162037507,0.2722599490589971,0.15069723170803012,0.33270593422770856,0.15472673804757256,0.2630943714272791,0.15472802587288514,0.3132695577518679,0.16387942399042088,0.28390617850836447,0.16379769661481555,0.3945325791274833,0.19809891143215197,0.21261589580521584,0.1983963866964197,0.42017060409355567,0.2599642563052205,0.18926066845055062,0.25858833878809767,0.4247718179994817,0.31903846270613856,0.15334623659237623,0.30750781970656754,0.4380666430397877,0.33608748670181005,0.13263328082997983,0.32403316935158,0.4176402755806302,0.3369583042718206,0.1401801029909193,0.32584568441553513,0.41088235041229076,0.33200941448846094,0.15040079885233518,0.3210553952725926,0.15060996388507622,0.3034873033783417,0.1619247311743164,0.3105134553908749,0.15809417863200365,0.31998991795341303,0.1540933195245361,0.32758563547630126,0.1517127599956521,0.3334639141155219,0.12622360407348937,0.3213356706391761,0.11677782297694138,0.3314419540771746,0.12398670340880459,0.33731176278837793,0.13445454177652394,0.3402388163627472,0.12239471878868398,0.3208787155460567,0.11401127438899641,0.33089368721621976,0.12256493062329861,0.33677907366053095,0.1331290152198517,0.339512581949944,0.12259687376145091,0.3205778845062149,0.11529498688522849,0.3299176889903923,0.12354925672031201,0.33557324814815276,0.1336450693105945,0.3385231110900774,0.12570831730012214,0.32054759584549813,0.1190784204568504,0.3283837404478944,0.1228271258124384,0.3332288364642353,0.1297502136776003,0.3359937974103207,0.42591146429019183,0.3194975724300694,0.4050478964419462,0.3248423694335584,0.3992566017057126,0.3337014683539481,0.39788622971131404,0.3419237624231439,0.39530584558095183,0.34839788316227016,0.4232403283023269,0.33921754612400873,0.41613565146467346,0.35036228731549424,0.406496894784703,0.3540707288982647,0.3984697698388887,0.3559456539581366,0.4347536508038068,0.33938469099005736,0.428569830601239,0.3514502025141582,0.4165562550631201,0.3542924577448691,0.4065666922467155,0.35457476391290704,0.4396044228448112,0.3385134028684903,0.43338926577954834,0.34868999661538075,0.42213395137733184,0.3514708324850307,0.4129775247157963,0.35227864567821093,0.4394519445673203,0.33742323397552937,0.4348546335596501,0.34526809616465687,0.4261251006044299,0.3479560600165735,0.4182920595893582,0.3488261841421849
0.21143243476314524,0.20102541662484577,0.22021469435203808,0.19407078904655614,0.22470206498816336,0.19429037810581035,0.2284707115084838,0.19458116754429775,0.20323167627481972,0.19388885203803793,0.19758294995310696,0.1941309077789654,0.19231043235446843,0.19432582660141423,0.23502020231125492,0.19951355425513173,0.18587734886225288,0.1995282605904701,0.22133800615807186,0.2112506150207347,0.20055744052747307,0.21115134326525306,0.27892048332648883,0.2556597398270886,0.15012564651743449,0.255757414803489,0.296801883122429,0.3353176670454058,0.13378308282915588,0.3303937113281208,0.30008128695804565,0.41137327662420203,0.09771642080098805,0.3819395923347723,0.30921096132739484,0.43340588987201406,0.0806283001480076,0.40170950575328246,0.2950417981614024,0.43451239390416063,0.08403955239729913,0.40182722030715257,0.29030898961830426,0.42812802403915967,0.09080388001321493,0.3968769496706085,,,,,,,,,,,,,,,,,,,,,,,,,,,,,,,,,,,,,,,,,,,0.30084524339932966,0.41227753261791683,0.28600478379707456,0.41923099454747714,0.2819303405193563,0.43050412711881225,0.281013619562426,0.44112133477914933,0.27899831130528024,0.44945763932865823,0.2989208549275212,0.437707484974589,0.2939368657524929,0.45192980463783916,0.28721977840784557,0.45678928241582306,0.28156061076802874,0.4592485457500274,0.30716764891964166,0.4378163853079306,0.303060703692748,0.45337958423687397,0.2946601010531709,0.45715072932865597,0.28757355168330123,0.45756413543279295,0.3107140292273972,0.4365624346954209,0.30645212413079437,0.44957273516483515,0.2986106674619976,0.45324749867127256,0.2921840093963076,0.4543159035545404,0.3107407482926995,0.4349966650639237,0.3075622236535349,0.44499227856350976,0.30141183215583545,0.4484556923907522,0.2959108103263801,0.44946651742035004
0.1434012981444162,0.03560357661464392,0.14936226000458244,0.03437534126347075,0.15244048328310789,0.03441362249848516,0.1549841728432019,0.03446592472374387,0.13785895961074926,0.034343353492909345,0.13402727791678423,0.03438775282392909,0.13042006986987603,0.03442348555940545,0.159414705218355,0.035340874680020125,0.1260870119315017,0.03534543425965979,0.15016376088443642,0.03741358547690022,0.13604517040320427,0.037396877389473726,0.18927306960664395,0.04532307300380157,0.10177697095099104,0.04528730066899831,0.2013249895151858,0.0594136420939859,0.09083159886695627,0.05826957228360546,0.20360154844233375,0.07287008736293143,0.06483743792406294,0.06709903985850978,0.20974351868780114,0.07677966667979629,0.052976539031638306,0.07062806398686354,0.2001607089976197,0.07697397491982509,0.05536012639794004,0.07059549636901546,0.19696207986026515,0.07584216392964212,0.0598889324039869,0.06974103340736086,0.058378046847786545,0.06703518877241436,0.06180942764851428,0.06808687901019464,0.06222123966153327,0.06930505613233638,0.06148971367550026,0.07040984906748333,0.06147149568237828,0.07130706233104482,0.04793005049671031,0.069998253663733,0.04902160889068507,0.07184610533988452,0.0511435192157006,0.07288334182334798,0.053494108038628106,0.07361360998176535,0.04470131081289718,0.07014693216508497,0.04496141217033161,0.07206693947188651,0.046733557007258036,0.0731202532820695,0.04903310184696416,0.07390659974441739,0.04342360830325711,0.07020409662198177,0.04350798231377542,0.07203224480447948,0.04542133022002414,0.0730759982057406,0.04771056273112109,0.07390573421627239,0.04376384249334945,0.07018816072142973,0.043900459278261666,0.07178439827448814,0.04533953088600138,0.07277082882154487,0.047177168772478725,0.07353488651989738,0.20418855651981738,0.07303524484131857,0.19412403257680644,0.07425851896253642,0.19133962211656724,0.07626127754845587,0.19069641616199548,0.07815005795747708,0.18936354201316496,0.0796354173952285,0.20279107479218839,0.07753452602021565,0.19952531334917198,0.08006801741337348,0.19499575355776666,0.08092967048138293,0.19115945833413764,0.0813520482161422,0.2083727009820097,0.07755606805404673,0.20554048418289012,0.08030030140789493,0.19992194975575686,0.08098376881896868,0.19517896880863544,0.08107230159981331,0.21079520365266222,0.07734475473163971,0.207838839313175,0.07964580939001518,0.2025663559378463,0.08031302976296845,0.19820143013413546,0.08051459033686581,0.21080926220368557,0.07708570724918369,0.2085650524746934,0.07886157300608615,0.2044027768696485,0.07948888291457558,0.20066676234395212,0.07968521637732276
0.1681707750405626,0.2800382340193198,0.1751912861724351,0.2703871553784294,0.17886578332271302,0.27068237201518025,0.1818388101706493,0.2710984076402909,0.16169232561235009,0.27014084484414896,0.15718606470288585,0.27050434757211095,0.1528968885076311,0.2707934453834845,0.1870386125151321,0.27797719112949204,0.14791671791941458,0.278049704772782,0.1762095701411499,0.2942584064465228,0.15957415641538672,0.294140034988314,0.22215953032287855,0.3566495322879707,0.11943951953241679,0.35586863666817803,0.23620053127246404,0.46735748434065927,0.11006680973259214,0.45197747187547666,0.23893185555200205,0.5729334774231426,0.07965761600306806,0.5006567105512484,0.24595263311086793,0.6039933915478196,0.06485608854378733,0.5301864288255611,0.23486609437631967,0.6055154882984116,0.06646329872429842,0.5276772654153714,0.23114636857964482,0.5966106170999929,0.07283178307526149,0.5182396336539166,,,,,,,,,,,,,,,,,,,,,,,,,,,,,,,,,,,,,,,,,,,0.23952788470744196,0.5750253591928721,0.22760815416502284,0.5845522590540139,0.2244143765674481,0.6002013663341547,0.22368076451262453,0.6150647719352973,0.22212244368539946,0.6267222245425532,0.2378166347860143,0.6099951804833927,0.23395314498370928,0.6301765350959374,0.22851242869472865,0.6369151641085864,0.22395656973617595,0.6401641491325814,0.24450190616065118,0.6102845230477814,0.24101597537921093,0.6321167144968572,0.23413591390117092,0.6372399736098895,0.22844957323844942,0.637721781045238,0.24738456097243147,0.608702795562603,0.24358098527239871,0.6268599982397767,0.23716540195754518,0.6316708635044533,0.2320559290208994,0.6328683732564833,0.24744117137998578,0.6067125975455077,0.24463526885645961,0.6206365520736253,0.239685588173366,0.6252655880983616,0.2353854565001433,0.6265043053580237
0.44089713515224743,0.0907749397681191,0.45933405282071355,0.08765928220377432,0.4689893010168883,0.08775655156941886,0.47677614754423864,0.08789336367421267,0.4238415186083606,0.08757292317053739,0.41200040951417566,0.087691500877187,0.4006279307106937,0.08778949182566273,0.49040205316564733,0.0901262945295049,0.38777182390143544,0.09017049147791534,0.4620447092282159,0.0953960067298644,0.41826202106521393,0.09536188307777738,0.5829533361180129,0.11569511312391745,0.3127826783491712,0.1153990621199364,0.6193110661857731,0.15156570281359627,0.28952119632961143,0.14631526409065787,0.6267899261253155,0.18580235477198284,0.2086708609105122,0.15604054101460071,0.6449296711063077,0.1959476361986487,0.16838522604674552,0.16215162601195723,0.6158211662676374,0.19643611891205176,0.17299655816670478,0.1610876376957095,0.6061541541127013,0.19355036485355273,0.19133608087492732,0.1589526184147816,0.17678268071388722,0.15477410541923403,0.1888946123456366,0.156413195251941,0.19016637732212957,0.15889214977352778,0.18306755472494637,0.16135310801930466,0.17510641439053265,0.16353627130672962,0.1478646067040966,0.15923575308608431,0.14183729632696235,0.16520078971840776,0.14490355401521635,0.16816681265104846,0.1484697520079311,0.170297473571676,0.13383284450542265,0.160107540599416,0.12198746014831498,0.16611744525218294,0.12204418422500253,0.1696642846373059,0.12420032785426535,0.17246838438262732,0.1286368631950527,0.16081255588880286,0.11810893044763214,0.16589284538014643,0.11973119712655386,0.16915144128752183,0.12256994376436937,0.171640815465191,0.12984961277747467,0.16154031546902886,0.12238908337699982,0.16543846467134546,0.12362733085103628,0.16821188271468465,0.1267121146786222,0.17020401416338013,0.629133217293305,0.18644854662897098,0.5971785609496653,0.18937037982902954,0.5882356050878957,0.19456421759468934,0.5864300469897464,0.1994357243096561,0.5824861868007407,0.20326279760310037,0.623223462675099,0.19779676436185875,0.6139539102575048,0.20450309746832132,0.599493126821677,0.20664373066367592,0.587520378749524,0.20761840145707883,0.6411165836655275,0.19796427260029142,0.6309528027247041,0.20508257177673758,0.6125985121965163,0.20668074786291601,0.5981016824262417,0.20678758541690215,0.6490068189040817,0.19754813578154357,0.6381620137282686,0.20354649510901143,0.6210358693176038,0.20504552571418422,0.6076404925792849,0.20539913016478106,0.6494099231061974,0.19701031123414367,0.6411385467809345,0.20167091371920992,0.6277199215540422,0.2031887776362768,0.616331459414666,0.20363133881830286
0.007347378781151364,0.3414624957999341,0.007657494502916242,0.32982102664258706,0.00781906150025443,0.3301998035838089,0.007948522130778927,0.33073602395240614,0.007063750101555942,0.32945702700027685,0.006865870396646908,0.32988236329873155,0.006674843174426652,0.3302278913174021,0.0081752936990988,0.33915905716792094,0.006464531261139566,0.3393584420466192,0.007702618676771375,0.35888167151853523,0.006967016376762905,0.35873810897304204,0.009722005586438598,0.43564137280585746,0.005212161667127861,0.43444549816010647,0.010325294267685022,0.5705263569754805,0.0048443744932253775,0.5516879629500033,0.010465558424863458,0.6995948713383586,0.0034721554009286785,0.569470432042952,0.010753929195783177,0.7381963271373903,0.0028084766828189453,0.5858367252140948,0.010268445076200465,0.7400782596164388,0.0028792211475999097,0.5778538870884037,0.0101092656629115,0.729217107901256,0.003162132853175477,0.5715436001549754,,,,,,,,,,,,,,,,,,,,,,,,,,,,,,,,,,,,,,,,,,,0.010473775440953246,0.7020523035503908,0.009951944139415369,0.7130428109593557,0.009806682128250583,0.7325760096752066,0.009774913517229221,0.7510049855955421,0.009706289925889051,0.7654703857092534,0.010389974734851024,0.7451981047345982,0.010226692869827922,0.7700558576211797,0.009986398957193377,0.7782464471845117,0.009786768046734874,0.7821434164894235,0.010685696003551935,0.7457067806526505,0.010518717925485609,0.7722102465489126,0.010215532486709259,0.7783103372709829,0.009972338067091214,0.778765825778614,0.0108144214911243,0.7439328528435891,0.010638999052379696,0.7662087617000949,0.010356271831347248,0.7719885870652371,0.010132015961342652,0.7734468674232803,0.010817273547621731,0.7416612777623542,0.01068601745389222,0.7590439991884196,0.010465721479383893,0.7648225750025509,0.010276153362186497,0.7665524425564014
0.4007181651096183,0.3180351635878411,0.4177251501760606,0.3071959417490803,0.42658368410884434,0.3075485330345044,0.43366651537119727,0.30805123368390824,0.38536797212351165,0.3068532683585964,0.3745688671818283,0.30724935163739336,0.3641267990397337,0.30757317596734046,0.4460045948247916,0.31589396091236444,0.3527172033664739,0.3160865249388687,0.4201999545906954,0.3342585120407435,0.3799143532086485,0.33412315301541207,0.530559581967267,0.4059509264428705,0.2843650169512275,0.4049053475492542,0.5634311156826152,0.531415080518823,0.2636856315869221,0.5150087570245754,0.5714450997317071,0.6517120619324501,0.1881316651905648,0.5146528260398346,0.5867981396579784,0.6879365153818697,0.15444420350782376,0.5195893064417914,0.5604242384864774,0.6897060500046139,0.15796552533364105,0.5093463474348038,0.551871826878729,0.6795028131788917,0.17196936981291172,0.5070349212971906,0.16280303589392406,0.5096239978916238,0.1787227440085218,0.5109121097977312,0.1781151510553273,0.5137453892543137,0.16730632330459919,0.5202331599888259,0.1567883409946296,0.5245211315053069,0.1607878852203517,0.4898743823739467,0.1567060466304926,0.5043124085346083,0.14960268943793406,0.516202446522732,0.1443072027977571,0.5254632303216137,0.13874043072089984,0.4904168811068732,0.1304338218934465,0.5060636760141208,0.12295559639660668,0.5191374856054608,0.11819553786026976,0.5291162541559044,0.1228940567346528,0.4949315473648438,0.11439885083083971,0.5104667153525098,0.11322331873388816,0.5204959842047405,0.11154868243930562,0.5272519429146758,0.11474372458695678,0.502189574205373,0.10945864707175713,0.5144703570135374,0.11162307146066375,0.5224989435691123,0.11472946446702446,0.5281849840616241,0.571639708427254,0.6542742185263314,0.5428234884619264,0.6643781751996423,0.5349559184784497,0.6823981300803551,0.5330181181523891,0.699673989833031,0.5292826276269466,0.7133057316162604,0.5668336667234347,0.6941712279908933,0.5576060727526879,0.7174532333554254,0.544718381332647,0.7252449036655416,0.5340496764181523,0.7289289462222728,0.583031383628941,0.6947511718373693,0.5739471534307758,0.7197380431015153,0.5574713006388179,0.725396961187456,0.5442918995283256,0.7256712213434546,0.5900716124652573,0.6931351621801787,0.5802823578705811,0.7141295747158571,0.5649377570883695,0.7194372171554984,0.5528800504027849,0.7206167888338166,0.5902292617768798,0.6910112652193426,0.5827138481241381,0.7073398142007176,0.5706052523831088,0.7127192601756654,0.5603133603347041,0.7141909037396709
0.127655440997826,0.31980653582149177,0.13308147595924408,0.3089114252024578,0.13590559004829555,0.3092666253279805,0.13816062808932197,0.30977778682944,0.12277552338744346,0.30854884680629535,0.11933756581581378,0.30894554334358854,0.11601090326101904,0.30927059432873844,0.14208503469473188,0.3176662776050875,0.11237234255601102,0.3178538892178376,0.1338575770971599,0.3361248788992441,0.12101200391963836,0.3359753035437575,0.16906716437319244,0.4084597905010598,0.09057122549818718,0.40756223659889024,0.17953297750180902,0.5344142994768964,0.08351419984364956,0.5188646704305562,0.1822411805397102,0.6554067433513118,0.06002075552445269,0.5071628349651591,0.18700662859737777,0.6919634792554042,0.05001367902711258,0.5012018029037405,0.1786578421820643,0.6937864718342992,0.05121791329862465,0.48671759613778043,0.17598533647620185,0.6834629990936582,0.05539767973219057,0.4874448391997345,,,,,,,,,,,,,,,,,,,,,,,,,,,,,,,,,,,,,,,,,,,0.18208378186786242,0.6582852357086921,0.17291300121557154,0.6686378144548913,0.17033783714562237,0.6867104558676512,0.16979834420874465,0.7039442133509838,0.16860721299604353,0.717461154278385,0.18049139579856974,0.6984491318016218,0.17761487757258024,0.7217538321365928,0.17350382121471367,0.729536686430529,0.17011561963402003,0.7333104428819495,0.18570691530029018,0.6988622640728228,0.18281327725580482,0.7238215797622272,0.17757534164358452,0.7293627118973062,0.17344126990058772,0.7297324395832955,0.1880081298810818,0.6971242488178478,0.18495302781522877,0.718062356123962,0.1800915014573553,0.7233883989487361,0.17630188305395378,0.7246618375765321,0.18811884991820377,0.6948731130033469,0.18579484670484478,0.711192372004351,0.18198284458416666,0.7165974386519081,0.1787796245049315,0.7180428164279229
0.28364005536033726,0.3265338469941872,0.29574276310252917,0.3154091925187715,0.302026396906932,0.3157765879430145,0.3070611863871776,0.3163126013195139,0.27284624603213325,0.3150205217744086,0.2652116381583562,0.31541179023795585,0.2578286563810769,0.3157241919470661,0.3157591493720807,0.3243440996077369,0.2497745876964594,0.3245027682955172,0.29726689882978513,0.34318714927808563,0.2687755793431675,0.34303074060599575,0.3759647691507647,0.4172243281162579,0.20129511834033356,0.41657175507995664,0.398987603169474,0.5456983490256312,0.18079338632650738,0.5312856834470044,0.40504325818754916,0.6692407819038534,0.1338169698788671,0.4883183690501339,0.41556559135599996,0.7068101916987897,0.11399946216691796,0.47145917154368366,0.3971586258996222,0.7085584567098592,0.11657373462682201,0.4596865160177311,0.39131921599494407,0.6979704130863552,0.12353076787993043,0.4625582426216495,0.13346336700681471,0.4835730115073091,0.14449128290605942,0.4779863046750561,0.15106754767470926,0.4709976087990078,0.14864780156851556,0.4665482353800482,0.14496939408512222,0.46332971326501865,0.1434679608554154,0.44870486598341397,0.14393414939902338,0.43758371842889715,0.13784652372149836,0.4462381238003362,0.13220231210430863,0.4561258223317386,0.12966829766027255,0.4471109574462787,0.12982133930843567,0.43166772471283554,0.1254069137951063,0.438916867914307,0.12395024668720167,0.4479533977777644,0.11837230692671008,0.449715586563662,0.1187285462758857,0.43785211477502445,0.11797300211845001,0.4439883950779192,0.1185325651436542,0.4512561899031343,0.11030549676903297,0.4556833268458759,0.11222261155909632,0.4496778157267215,0.1136386157314383,0.4534478336245892,0.11647633794292515,0.45802563828002324,0.40464438529363006,0.672242134695071,0.3844429237289575,0.6824334546447406,0.37857464754915543,0.700815019501989,0.37724150794277855,0.7185604548853731,0.37464397509596825,0.7326207138794505,0.40096368326530013,0.7130740200136362,0.39493664257231664,0.7370719576562229,0.3856982827610915,0.7450844666172084,0.3779667641070512,0.7488650832093482,0.4124293533473699,0.7137976406696295,0.40614197628534504,0.7393874606283877,0.3944561378679474,0.7452749833421888,0.3850140944520762,0.7456312345511309,0.41746367492041275,0.7123401643440564,0.41073495338760324,0.7339648257398185,0.3998353790351454,0.7395518962527572,0.39111614426894775,0.7408818245663785,0.4176032192454195,0.7103695345708063,0.4123084893176117,0.7273358100620356,0.40364047239368506,0.7330281921107081,0.3962124815427867,0.7347548960525475
0.099122832779067,0.2913970578184582,0.10336138631556252,0.2814738430341913,0.10555930227274567,0.2818068243732368,0.10732803304754185,0.2822946484094507,0.09536873136514683,0.2810951506474189,0.09270135775282991,0.28144537793956215,0.09012572461958294,0.2817230053323744,0.11035554433235747,0.2894238333515188,0.08730551310507216,0.2895590657310518,0.10385388915891185,0.3062397270839602,0.09390617327516115,0.3060872951114184,0.13146089879818113,0.3724034089028518,0.07034953157429519,0.37199546329993766,0.139450018979007,0.4869630366414532,0.062235266712812896,0.4751840970357479,0.14157247829781072,0.5971797903253713,0.04680290610220469,0.4332946968831601,0.14523712865638105,0.6307700391505348,0.04045429009897228,0.4182296150908122,0.13884572433015996,0.6323160090375031,0.04135092025629951,0.4079862607121452,0.13682662871854365,0.6228483053074361,0.043244946662766647,0.41054046981408887,,,,,,,,,,,,,,,,,,,,,,,,,,,,,,,,,,,,,,,,,,,0.1414281942864392,0.5998609333509218,0.13442357662226365,0.6091679066525209,0.13231882888916272,0.6255022349607597,0.1318515726029906,0.6411805680100369,0.13093839444069744,0.6536670552936414,0.1401565577816838,0.6364686676471318,0.13790695997090693,0.6577079397287575,0.13474390725431032,0.6648390949746069,0.13211483117230033,0.668333903921715,0.1441559294356843,0.6370737131683128,0.14191844544382207,0.6597221001542597,0.13794458451127417,0.6650048322926838,0.1347285605678349,0.6654806722458984,0.14594267369821232,0.6357117464744767,0.14365697343646455,0.6548480785602177,0.1399336157125001,0.6598823669818379,0.13693604304556276,0.6612549501360487,0.14603481671332097,0.6338569256747733,0.14423248675854453,0.6488743029355684,0.14125741837202077,0.6539639453034218,0.13869107501579195,0.655584276773102
0.062316509458613306,0.029535235403778243,0.06499065879418317,0.028532804391833828,0.06637621745622736,0.028566921388679493,0.06750091166498301,0.028614966517979155,0.05996900620443219,0.028487715849747044,0.05828823696429181,0.02852307512986166,0.056669911628666414,0.028553516940854944,0.06939597145952195,0.029328398762039826,0.054894598599720484,0.02933874329474255,0.06527885777996112,0.031034504575733948,0.059007370074901484,0.03101927779933339,0.08268818672154743,0.03774323110118806,0.044180786671224825,0.0376907710521424,0.08768728990385419,0.04934714079671099,0.038634731832309525,0.0483747922964401,0.0890154507932492,0.060504173724560996,0.029679916051820666,0.04294932090419936,0.09127769972865046,0.06391760649996409,0.027652023558817275,0.041190726861120776,0.08730088907913286,0.0640722930763837,0.0282769391391472,0.04018545433168026,0.08603871545957552,0.06311248482688069,0.029032316605987388,0.040561746395733275,,,,,,,,,,,,,,,,,,,,,,,,,,,,,,,,,,,,,,,,,,,0.08885853032895823,0.06081760484618801,0.08448064710768,0.061767174239258815,0.0832064355371826,0.06341008329482287,0.08288124476655138,0.06498451412709261,0.08226952387193484,0.06623261663600925,0.0880593590813328,0.06444175610499982,0.08671012782314388,0.0666372675143456,0.08473161702967681,0.0673618122053414,0.08310274464570808,0.0676856418719872,0.0905799652226849,0.06451714320802429,0.08921767571416611,0.06685883542819393,0.0867242617379467,0.06739181487272165,0.08474740398767706,0.0674187270962797,0.09170696103704078,0.06440103551542768,0.09031660143135624,0.06638766955683331,0.08796902699349676,0.06689228549035457,0.08610718624885813,0.0670092808636235,0.09176203347619694,0.06423817664075485,0.09068008902094395,0.06578713244674556,0.08881466536449464,0.06630709257474572,0.0872190199397238,0.0664629627253951
0.05858030564498172,0.11353295693420477,0.061111071193655137,0.10970397417189079,0.06241520749727772,0.10985638589409555,0.0634789391648304,0.11002709964505368,0.056389770908425736,0.10948252863975276,0.05480648945459418,0.1096221559891633,0.053286231060239386,0.10975625666683698,0.06527352710507374,0.11274541973536963,0.05161865235981363,0.11269845654927294,0.06135909526853008,0.11926986759150211,0.05544046097441683,0.119192530250297,0.07776580712759773,0.144990565097491,0.041486914640116467,0.14469152076659425,0.08247742414359906,0.1895486302057715,0.03574434925207504,0.18682251146773554,0.0837049830419936,0.23237386283799435,0.02969867039131713,0.16110484326305755,0.08582632553948397,0.2454454783100911,0.02910821780382022,0.1536332699268272,0.08209105277672664,0.24604443248654487,0.029440299274726696,0.15005371767066625,0.08090924026006935,0.24236837534576516,0.03013105773939649,0.15186543820169535,,,,,,,,,,,,,,,,,,,,,,,,,,,,,,,,,,,,,,,,,,,0.08359640696867508,0.2335363391844976,0.07947848145242016,0.23722346770030642,0.07828959613312393,0.24358552336830805,0.0779951488888775,0.24959457527581247,0.07739268889879324,0.2543482702948347,0.08285760773781575,0.2475450185287667,0.08155353465062054,0.25585927857609053,0.07971410023307664,0.2586722012219282,0.07819521772567053,0.26001520950131685,0.08520866385792336,0.24781761958363704,0.08394693090261407,0.2566745573229425,0.08164632892877625,0.2587699863469819,0.07979139533068602,0.2589847962667246,0.08624337546669882,0.24734926796310508,0.08494662804785202,0.25485084580755774,0.08278627729605961,0.2568359938386359,0.08104267154518528,0.2573905723571961,0.0862735111094885,0.24668893437199468,0.0852479398523884,0.25253820866690446,0.0835168807030408,0.25452126503755373,0.08202100153797143,0.2551486189137972
0.32890236913552856,0.07784671229455536,0.34316692076030947,0.07524370179670054,0.3505205446113504,0.07536626306258491,0.3565105442816338,0.07548341821324778,0.3166904256963561,0.07504662881702046,0.30776706080962607,0.07513501107787018,0.2992316474303397,0.0752300351374206,0.3666395006835037,0.07735117850572691,0.28986832160690806,0.07723149020393168,0.34444143364276386,0.08178865380471384,0.3112460970150959,0.08169649035241777,0.436639139762243,0.09946249868251686,0.23069461956732862,0.09896994289087327,0.463112920564533,0.12992986889386055,0.19322724387082396,0.12810903985992142,0.46998209046652833,0.1592625851072644,0.1751550215899428,0.10958033679437362,0.48187373015048346,0.16821151607513793,0.17514652386304277,0.10438380584778421,0.46092468281149795,0.16862271446651103,0.17843345297955132,0.10200379296900308,0.4543036799412811,0.16610808622950593,0.18231171531783594,0.10308335401902283,0.1793294098757046,0.11015043172433694,0.19658992176667733,0.10749073424687386,0.2024310337452552,0.10388525699126652,0.19927144525863194,0.10133168618941446,0.19729823966614599,0.09958566543330603,0.19221292428721048,0.1009845950569422,0.19098353078517616,0.09830822203092733,0.19067118190452617,0.09689273424866988,0.190246838411857,0.09573846377549776,0.18341397697934364,0.10065695976084994,0.18627263736323907,0.09740857649547897,0.18987398237504902,0.0953441448204505,0.1933243100436944,0.09366498071898414,0.1742150832153745,0.1008948041169262,0.17684281212905403,0.09806081966313947,0.18159337552914856,0.09713364927819196,0.18628495593540373,0.09659374827404285,0.16436469357591318,0.1016510238709439,0.16665762875287998,0.09915818073367708,0.17032830227125398,0.0980570631853627,0.1741714149209975,0.09730426627458237,0.46993394364040675,0.15996210552483905,0.44658047804636414,0.16250600710346638,0.43956260836308614,0.16685632964666539,0.4381394583361566,0.17096985816474547,0.43496502492612815,0.17424743445231253,0.4654376648003013,0.1696468365772365,0.45825201198835325,0.1752940830728638,0.4478934290497595,0.17719879030137098,0.43927427025868926,0.17810358245851018,0.4786027942988531,0.1697790794231804,0.4718905504788742,0.17581433053127624,0.4592638052207262,0.1772911823551107,0.4489801776619141,0.17747908038495772,0.48460640703532526,0.16941283519678055,0.4780127555711012,0.17457601504626638,0.4661511815548022,0.17600550312234314,0.4564350434729999,0.17644242844375316,0.4850227747744912,0.16893200604135458,0.4798839675618508,0.1730177069674831,0.4704133657659071,0.17446909135481126,0.46199393487539153,0.17498118330226098
0.43758566034718355,0.1596724250054578,0.4566816638820602,0.1543957518265877,0.4665375850569958,0.15468798345360288,0.47460579857258023,0.15492858816870256,0.42142684321790974,0.1538785707502058,0.40953789557920184,0.15403856857928241,0.3982133395325478,0.15423208083645726,0.48817303129441736,0.1587230901980543,0.38581855901990625,0.15830055001613572,0.45826041581195176,0.16777977541922234,0.4141063645294806,0.167496308714446,0.5808799825378915,0.20407144259203938,0.30596882993069985,0.2019604262701021,0.6162228357341687,0.2663884311189649,0.25294293839806103,0.26268560612308817,0.6253027705561766,0.3265879182947821,0.24185706190837536,0.223180885649671,0.6411296808713607,0.34488127362875676,0.24340183978121704,0.21261434124428216,0.6132714541174845,0.3457380574436759,0.24923921059406592,0.20768747965846446,0.6044672564093581,0.34059142683218463,0.2544152123552035,0.21008292530669562,0.25031449088865776,0.22350285721514976,0.272274537990043,0.21832043228249237,0.27802045941956555,0.21010345701037936,0.2595113764712378,0.20518401774310496,0.24231372546016813,0.20276839504122285,0.2787169136994485,0.20573088809366005,0.28100662069236293,0.20197634752335966,0.28187122294225636,0.1996444728935053,0.2820739005548776,0.19717318280254847,0.2621443797822406,0.2047967525733759,0.26636477437860706,0.1985436645238846,0.2686480643582929,0.1942873828197011,0.27254513593748586,0.19038751173239432,0.24545678409536745,0.20554360754420414,0.24310362923139678,0.19925475050569194,0.24521741005644793,0.19647283765030552,0.24934016049048388,0.1941131103268049,0.2292109483776156,0.20784550158021556,0.23409239256399592,0.20491639629515057,0.2413143937117532,0.20799556920837417,0.24784205180475893,0.21108662289769609,0.6243438298780399,0.3282214110136465,0.5938400713587625,0.33333320992548915,0.5851489908708379,0.3421880866119297,0.5831414380050335,0.3505895178993089,0.5789092649947756,0.35727099785625976,0.619528292028823,0.3475156900687223,0.610026112180521,0.35934185006198405,0.5958324567387541,0.3633931440472176,0.5842104957413431,0.365336930212624,0.6369687894885679,0.3478709987372829,0.628049918920669,0.36064643020758513,0.6101833428942596,0.36351483967275344,0.5961408622836171,0.36367002439424223,0.6446779280561341,0.3472532490444611,0.6355104329497263,0.3580358513162519,0.6190707117608547,0.36079138074241357,0.6062641867890203,0.3615113963054035,0.6450246690047001,0.3463813672710034,0.6378452257109088,0.3548202901332771,0.6246735143498859,0.3576460655980755,0.6135822486802595,0.35850540795965974
0.14546642493858417,0.30107538534787087,0.15188409091774255,0.29108829878228926,0.15516788529941458,0.29165117413616853,0.15789537995953773,0.29208838251817487,0.14013862912655106,0.2900748223467036,0.1361491474799103,0.2903491220250509,0.13240970632554533,0.2907072155999169,0.16249656797528683,0.2992861588646006,0.1282759772924952,0.29829672244434097,0.15226071585115306,0.3164029601244784,0.13770615363961716,0.3157103355319727,0.19298351286924764,0.384826453874951,0.10196996413016322,0.3784110881167024,0.204712612903923,0.5021201953055353,0.08321712100355215,0.4932717508164075,0.20772684896194216,0.6156021022503866,0.08430793245616226,0.41410609438839097,0.21302946077311088,0.6500717123088838,0.0856171959675711,0.39517800808103115,0.20375532556582618,0.6516992237337447,0.08870471386907289,0.387562097803687,0.2008292750381332,0.6420082566816722,0.09044087803273035,0.3915310398771663,0.08694558972221623,0.4165576984935433,0.09527395449616,0.40676006730197073,0.09764162893726401,0.39318325975869284,0.09383960152644528,0.38162192221928554,0.08794705288007773,0.3758079865564768,0.09920537174798992,0.3850342675128982,0.1015570720207186,0.37729405101926555,0.10127802701590465,0.3744658995836892,0.09943215695181633,0.37545743681958804,0.09381371617561178,0.38283745892271553,0.09531201196027313,0.370568600098088,0.09703282025092276,0.36923403309037256,0.09757570204016794,0.3720037436545308,0.0881141771950847,0.3837756640888643,0.08743496589144979,0.37230098519457455,0.08913019336480515,0.37684094328253515,0.08982492665065109,0.38342005329611745,0.08223665220331854,0.3875128957465004,0.08393699214881713,0.38193045564339,0.08678845964426904,0.38812218002768234,0.08844423618186213,0.3951600079106679,0.20806091302617477,0.6182482705312161,0.19766821690105488,0.6280019755776051,0.19464931132876773,0.6448748196213792,0.19396555047862268,0.6607860153063032,0.19258429708420063,0.6734355514739182,0.20612854620865959,0.6552610611584113,0.20305729778078327,0.6773014819623612,0.19819328809240036,0.6847181251017449,0.19415389985848422,0.6882535113476815,0.21183910376633291,0.6559294070065412,0.2088465172744654,0.6793844884144514,0.2029790788026497,0.6851702779222757,0.19822730356590207,0.6859429483652164,0.21433559589452594,0.6547885208770182,0.21129799380858863,0.6747968800081287,0.2058517344497999,0.6805622820550906,0.20140010008667383,0.682364304415436,0.21436484957086896,0.6532626602816094,0.2118894348549054,0.6691071073241784,0.20751708995144474,0.6748644880750634,0.20364777908503706,0.6768819395300482
0.23404115155709976,0.12129483431652247,0.24440452485960035,0.11724952827893712,0.24956716549714109,0.11747081173439829,0.25398607782657323,0.11762875740139615,0.2256091626191553,0.1168621500979715,0.2191526973678115,0.11695202037527523,0.2132504044173141,0.11707579381108275,0.2614706128078191,0.12054638941943914,0.206303248636889,0.12007411880587077,0.24472821816185997,0.12748823409839066,0.22157108163311148,0.12710448839869332,0.30997554798693194,0.15499363211489664,0.16471781175837086,0.15151887548963772,0.32881079569266297,0.20211873414301432,0.13415112373737015,0.19747947897911255,0.33357971002033493,0.24781231182031652,0.13782175746592426,0.16621259856062487,0.34215243195452255,0.26170147872933835,0.14105282105550163,0.15884750254574895,0.327254388060277,0.2623593998868792,0.14639024036515397,0.15603643292131383,0.3225556104928181,0.2584545209624503,0.1487860213846118,0.15747406906600928,0.13998888256826325,0.1673938084350495,0.15311099314214413,0.1638064929391684,0.15683282136980556,0.15843859854986028,0.15068349346950455,0.1538496119296471,0.1422211198404281,0.15119993786844085,0.15926248502532575,0.1551314645985758,0.16290998192321787,0.15196717941462662,0.1618354903139863,0.15071529952103052,0.1588300145288135,0.15101680507603527,0.15031198503866353,0.15436907597048652,0.15215544648234403,0.1492964119767435,0.1539105255293317,0.14906654702452954,0.1545207983452682,0.15041429367244363,0.1413742910876784,0.1549023395962498,0.14062962900613507,0.1500611838200564,0.1434101395025265,0.15182497449979124,0.14479347296986436,0.15437690790761255,0.13259258176570468,0.15656258534036147,0.13496406985405748,0.15382281997785896,0.13894421242174274,0.15610197133996348,0.1416017909043542,0.1588187598169834,0.33364042011539674,0.248886526862887,0.3174272971453563,0.252841107356415,0.31268604029751473,0.25961472394784735,0.3114224818004393,0.26595953477432605,0.3092415427799856,0.27099127089049885,0.3311792601337031,0.26370145756942076,0.3259721837381069,0.27246104200175797,0.31833714819405395,0.2755317763784412,0.3119926468240815,0.27708057798163205,0.34026285988932414,0.26398356106177834,0.335549260521313,0.27342718592172827,0.3262460609687105,0.275765293031401,0.31861425657717796,0.2760592357219663,0.34420631850064265,0.263518334386754,0.3395092602620478,0.2715439077496929,0.3308447617388409,0.2738400587397433,0.32374298493505527,0.2745651519715307,0.34420554776701395,0.26285580055458674,0.340431739484816,0.26918071922173925,0.33351612449596596,0.2714654538420894,0.32736418795876776,0.27227782272170314
0.1565064960266463,0.23558475393940975,0.16346576245085753,0.22773026883584532,0.166924401473809,0.22816792331746732,0.16987506636475733,0.22842930366715625,0.150932459508055,0.22705281364379443,0.14663633274117815,0.22716759419695454,0.14276751404807192,0.22733993288905713,0.1751362022369704,0.23412073301972353,0.13824238409326856,0.23304380270781835,0.16366342303911194,0.2474969013246836,0.14822633033308064,0.2467064561113386,0.20735268751063662,0.30097605946543343,0.11128159285524997,0.29365785730710986,0.21996343502372306,0.39229296081499854,0.08997364068718028,0.3816160192980349,0.22303066821705703,0.4812819842250264,0.09465132048668728,0.32474275879429143,0.2288212184626049,0.5083976495927559,0.09742431783920363,0.30914302968236224,0.21885022756048142,0.5096369960660062,0.10088442387820552,0.30419769257670926,0.21569598445572388,0.5018539643747194,0.10260863361418128,0.30754130567135635,0.09727863719803341,0.32335170204814473,0.10554693790367767,0.3165415260040518,0.10730293629150298,0.30585867200165556,0.10187572032520219,0.2980566718634133,0.09578610696304912,0.294011114323173,0.10810820915594255,0.29815944093197233,0.10918017166117171,0.29089661470187955,0.10970037753510885,0.2947072768429489,0.10946741935120856,0.3001261350216647,0.10230566506295534,0.2980165527587907,0.10250697336679462,0.2892272048560641,0.10368678137627173,0.2931878053895374,0.10416063747283172,0.2988115675586687,0.09638679056207716,0.29943263964831424,0.0962288385298905,0.29049057429851666,0.0984115799920616,0.2944604818674184,0.09934677298739986,0.2995429438718093,0.09063457106698213,0.30254583367345533,0.09295600501954267,0.2987095818478011,0.09580484115450395,0.30404249449694887,0.09723425005023725,0.30955050624149266,0.2232520092198012,0.4833162149385395,0.21223844569481023,0.49105601274581184,0.20910715940878785,0.5042063502191726,0.20834266562564202,0.5164733586386394,0.20675543355724002,0.5261858003237839,0.2214277549365484,0.5120237377406383,0.21789301941211608,0.5288462322546836,0.21288038416412136,0.5347520404954573,0.20868091194797259,0.5377429747666231,0.22744717951050478,0.5126256921723394,0.22435901160164035,0.5308365203319854,0.21821130242143605,0.5353155357947867,0.21307248396856301,0.5358607527479841,0.23001037374326821,0.5117933186711323,0.22688093113957944,0.5273271151773707,0.22112975243289856,0.5315308736685216,0.21641357337433834,0.532750897318718,0.22994564661617822,0.5105940353483838,0.22750544383715637,0.5227324985009707,0.22293410287676443,0.5269290948646576,0.2188581177278878,0.5283529780283476
0.3438277772832393,0.31746835691210773,0.35920835527357775,0.30677587642416837,0.36682542167444804,0.30737750732910607,0.373274149928807,0.3076861306271531,0.33171457788282294,0.3058487763550004,0.32234252140205777,0.3059013977194116,0.3139832758382118,0.30605981413612654,0.38511861238958794,0.31528740722328924,0.3043807489550459,0.31362496375545557,0.35958888625739416,0.3333525525972845,0.3258031710514112,0.332117984088258,0.4557256224411119,0.4053562283575693,0.24571213623914268,0.3948700406899384,0.4834643535850136,0.5282621616931282,0.19814548012892264,0.5123088502559362,0.48977343184691435,0.6483820749659785,0.2100882333595046,0.43317671190521934,0.5025296702409879,0.6851281561845213,0.216949987574091,0.41554609447742097,0.4807014094110813,0.6865090150992845,0.22531071414222378,0.40826933303222895,0.4736754815154047,0.6758035801151446,0.2292819617989371,0.4115767213557806,0.21731113482532974,0.43452890021017454,0.23471668126526246,0.426393175328931,0.23762750807312985,0.41181366812930764,0.22466928682970225,0.40139026959926855,0.2122835173020845,0.39453525734336253,0.2453039017633726,0.4029998406465632,0.2507150340584827,0.3948766685717154,0.24924931896296562,0.4004350010325485,0.24648833494176584,0.40703273096856624,0.23275171526875962,0.4013536405102056,0.2383922507720049,0.3903800775814516,0.23785181488416035,0.39574399217682654,0.23678283470171557,0.4023264076890415,0.21881949413251767,0.4021049259729941,0.22177512132006172,0.38918060671910765,0.22449052090049182,0.39613496188483005,0.2252338108166826,0.4032183096890756,0.20424436467946736,0.40551065298185035,0.21043010577553975,0.40166088299954916,0.21555758219077206,0.40960653328634755,0.2178323829958699,0.4162778477734575,0.49033765092124737,0.651062350187609,0.46642823059674604,0.6611060012185624,0.45966701043786573,0.67843218798565,0.4579164633708313,0.6949375216369036,0.45413981532151265,0.7079609076388657,0.4866832728434915,0.68882897456613,0.4791430879886876,0.7114688647030093,0.46825426532345926,0.7195281178876897,0.45908728437747054,0.723563393242908,0.5000363995241077,0.6899151437979455,0.493229224673386,0.7143249294254065,0.47984042321303705,0.7203923535024275,0.4686219028581903,0.7211179559233301,0.5057138730166245,0.688941849401241,0.4988928899788756,0.7097638421158811,0.48641133432105954,0.7154982151336088,0.47592486567340353,0.7171638219086542,0.5056408682170737,0.6872507855348249,0.5000360074935611,0.703333591722796,0.48986420869790714,0.7089572991993384,0.4806984474025076,0.7107001308393307
0.22288303889760444,0.12903456824916895,0.23298680026288196,0.12467341583469013,0.23792075344905939,0.12493300848314487,0.24207689478720545,0.12506173902213027,0.21519566536817983,0.12426697939758764,0.20915082062468643,0.12427155870451241,0.2038090233764071,0.12432971284278645,0.24990911013307746,0.12817068046797578,0.1976327622129031,0.12732506911887434,0.2330883165886201,0.1354875970216116,0.21133324516385488,0.1349262902601157,0.2954919591399606,0.1647326012762733,0.16019780183235782,0.1604363444741827,0.3134310275039174,0.21464857659154402,0.12823873737596259,0.20780215577744826,0.3173417847822692,0.26349191300282376,0.13790793094048961,0.175603671937641,0.32559522723527157,0.2785063283310414,0.14339792988360953,0.16851855602495436,0.31153952890562103,0.2789833105721497,0.14855451030617833,0.16565007408771756,0.3069614828378116,0.2746010464308685,0.15075692471007285,0.16700038829312008,0.14271186530313093,0.17673111974010347,0.15397725521288935,0.17381323432236873,0.15666726138074843,0.16793905442258145,0.1484916890505067,0.1636462958438209,0.14092552525168806,0.1607370182992365,0.16040782246620655,0.16395361935287237,0.16439596988469138,0.16064852242799768,0.16361102888292647,0.16340368436692462,0.1612548647497017,0.16640386472358135,0.15244849642683625,0.16321079253648324,0.15668619246026658,0.15844195941887784,0.15684444555601465,0.16125316432339856,0.15575026868784816,0.16451658853536766,0.1437887486795676,0.1633996761985027,0.1463089257000717,0.15819829745509234,0.14840997906672526,0.16135953886955748,0.14854308954306858,0.16449593575914792,0.13475770613557544,0.16465369237276117,0.13863509050417272,0.16316683526956618,0.14192692430136603,0.16650421171875465,0.1430501118842303,0.16930350430592989,0.31805424840726604,0.264414954414671,0.3025171260489258,0.2685210934876198,0.29810811856884933,0.27561581676583685,0.2968824688121278,0.28232177830383476,0.2947483248784418,0.2876810972410914,0.3156989171850715,0.2799563062051941,0.31076376404232503,0.28917017770488684,0.30337810194575754,0.2923952948415565,0.2971663926534914,0.2939816932266797,0.32432677432187673,0.28031353294093353,0.3197691981014209,0.2901806645010837,0.3107473316958977,0.29259649877699495,0.30331449013046397,0.2928608747104112,0.3279776068902452,0.27984591329171143,0.3234588810283531,0.28822777877735317,0.3151149194986391,0.2905538627170997,0.308253991351131,0.291261850084814,0.32789761919706867,0.27912364746142554,0.32439713412822896,0.2856699553900685,0.3177587767485678,0.28797445845352815,0.3118126107864552,0.28874033478806865
0.36281656319133126,0.3159376301682874,0.37948620726104243,0.3052632761120449,0.3875265680543112,0.30592229782369007,0.39430852568057384,0.30624507989181465,0.3505341366466338,0.3042317866643011,0.3407540678735835,0.30422754216000186,0.3321989799173942,0.3043618682372381,0.4073119102195333,0.3138963731477433,0.32205891453164803,0.3116233911601305,0.37941982197450014,0.33176338928654037,0.3442130399213741,0.3303159633851388,0.4811255035897463,0.4033016879040456,0.2627999851315577,0.39280804986026324,0.5101257207649136,0.5255213652688242,0.20889529325401002,0.5073643745833688,0.516338235050905,0.6451311968106607,0.2296195852367766,0.4300594674571801,0.5296906362139904,0.6819603111974708,0.23876779931193093,0.41275644606906886,0.5069122134825179,0.6830361182636336,0.24817737386815047,0.4061142212911148,0.4994642896875927,0.6722943265243772,0.25154797768157144,0.4094381425432311,0.23559426102558492,0.4329933187641919,0.2548232531423451,0.4253022270385393,0.259138503503782,0.410771191537603,0.24465141929594555,0.400389758213356,0.23138591624323726,0.39343661101164296,0.26450996904186325,0.40043959368736404,0.2705540163065739,0.3930778754953362,0.2686947918403288,0.3997438445296939,0.26458106331931946,0.4069189044032425,0.2514677870119108,0.39863532981275424,0.25843135089263836,0.38776565365572746,0.2580125952616119,0.39530227039255833,0.2555631389830122,0.4039019107473094,0.2374182943987564,0.3991231232274317,0.24194852742342843,0.38681778094267966,0.245147103759024,0.3952218744875954,0.24508381951527863,0.4035411029141977,0.22291010012921325,0.4023479977233405,0.22946618698642035,0.39972641709439444,0.23472346523751136,0.40811343275142364,0.23648003370183343,0.4150329484984829,0.5172991448455895,0.6474953857053635,0.4923276646481074,0.6576393514979016,0.48541229326951335,0.6748721388236958,0.48346318450353115,0.6911595002683324,0.4796342925060944,0.70411717292854,0.5140314726823402,0.6852355205208347,0.5057353332850407,0.7078346096645449,0.4937829955180641,0.7156574308295095,0.4837501802717179,0.7194846254531594,0.5278827971754252,0.6862539019405953,0.5201183373083363,0.7104779870714514,0.5055465142347371,0.7162901615821714,0.4935363362769252,0.716859724123791,0.5336081950647328,0.6852721730638426,0.5259728764021216,0.7059635822340745,0.5123915034271838,0.7115204373273563,0.5011906287273162,0.7130916529482629,0.5332718582600433,0.6836727439731819,0.5273503366418436,0.6997211647934409,0.516538171913903,0.7052822144556773,0.5068602078462785,0.7070943681147493
0.35261858902744597,0.2405773857298638,0.36877309479678877,0.2324072385340321,0.3765894653035505,0.23291076773939295,0.38316013360461293,0.23314797310263105,0.3406389594243891,0.23163276682442777,0.33118589760965067,0.23161714320194526,0.3229313338985572,0.23170541096691943,0.395758076740955,0.23896066391920423,0.3128609396466557,0.23722303959928528,0.3689118084098637,0.25264095105244055,0.334860548539524,0.2515338406359428,0.46737363412303845,0.3070305062546926,0.255781302408918,0.29898386550520073,0.4953782202120488,0.40007565947047063,0.20267557271591913,0.3863913428871537,0.5011474221719501,0.4911330583518896,0.22441708643577,0.3282816549184644,0.5140417009324305,0.5191623312633495,0.2329174593207161,0.31470419478964456,0.49203946091814393,0.5199670048417188,0.24203362610572485,0.30955957539233864,0.48481538259979384,0.5117926951479264,0.24519743812295625,0.3119999015940104,0.23137573365782635,0.32949417726961905,0.2502418553226904,0.32331395118790685,0.25278507944744466,0.31234276598082544,0.23784432336691694,0.3049238831429544,0.2249528095136895,0.2996606800708694,0.2578804467526082,0.3046369748931083,0.26451640254106545,0.2989305893326722,0.26316182096345736,0.3046095100093039,0.25924809474675087,0.3105988123831855,0.2457051107708407,0.3033425330615405,0.25358500725150535,0.295173431241909,0.2533856663576154,0.30160882415066215,0.2507366399351533,0.30847029339176374,0.23220139293745184,0.30374416659764497,0.23774719485083365,0.29435085322025695,0.24111061533362466,0.3011288254132251,0.2408612608351491,0.30759936196914395,0.21802821078659623,0.3061249633764272,0.22482033923957315,0.3038728809181457,0.22988290671756528,0.31000996147305093,0.2310717499434637,0.314955902371805,0.5026286097445812,0.49274495242518834,0.47807739281464295,0.5004052791516183,0.4712575260985789,0.5136916305189513,0.4694648851024739,0.5261934935719984,0.4657117910781145,0.5360925599550277,0.4986681476762424,0.5216235269753448,0.490886672974731,0.539128674563435,0.47922777261302907,0.5449981007974174,0.469531510448217,0.5478079959961085,0.5123701807121209,0.5223094838310548,0.5047446111034595,0.5409426873733263,0.49037917870795966,0.5450850760972714,0.478875915867438,0.5453089386588273,0.5181012983043751,0.5214724225973204,0.5103085855927384,0.5372492402102533,0.49685236173071257,0.5412045256012084,0.48610935919422593,0.5421323635027974,0.5179197955217952,0.5201859256248739,0.5120631422211964,0.5324089963487563,0.5013481455194665,0.536462319020447,0.4921026524274599,0.5376722564413613
0.31508947492532224,0.2625174614818444,0.32938330457725723,0.2534780334460186,0.3363727744382871,0.2540238921262617,0.3422068452252666,0.25427218683408903,0.30428431046816234,0.2526705937312333,0.2958947018277414,0.2526403937655179,0.28853247058919185,0.25271673314350673,0.35341014454541614,0.26059517251793973,0.2793859957531685,0.2587122243467103,0.32978000658459683,0.27568122649644744,0.29960470341890605,0.27454073733134327,0.41738527864828123,0.3348279940787399,0.22874839946122877,0.32589193407930567,0.4423131858126035,0.4362920853428407,0.18095850426993382,0.421483116567959,0.4472164178471349,0.535579291775582,0.2009873983635832,0.3578276827246008,0.45852268376636013,0.5661534717538372,0.2083743264613235,0.3432896638137076,0.4391198281871528,0.5669986976988897,0.21637186997449467,0.337498898115906,0.4326903262744785,0.5581113680490758,0.21918299345451692,0.34018912018193054,0.20737980523553906,0.35896296928751237,0.22387929725225106,0.3525375275772162,0.22580276665705643,0.34081475900495917,0.21261524087238406,0.33274293206695416,0.2018626144557266,0.3267826361566707,0.23164135491948823,0.3320386116585751,0.23730776169463688,0.32534367100920464,0.23594374281809127,0.3318537016420022,0.23274560900714034,0.3384778371555568,0.2207093827372973,0.33063801311134183,0.22774832591980032,0.32170495859923,0.22685094036662673,0.3294806310347359,0.22428973079290376,0.3370314515635292,0.20873170454137788,0.3309585431524005,0.2135777815560899,0.3210882326006747,0.21584623085942195,0.3289891198562812,0.21515987310226664,0.3360621093558113,0.19622956137598785,0.3333641352052449,0.20196044665538956,0.33106079190385823,0.20611855395033996,0.3377797971793066,0.2069012314484165,0.34294819899888607,0.4480873950746468,0.5371490267128203,0.4264517921787216,0.5458723603923253,0.4206967672617708,0.5604627369651245,0.41915067621380203,0.5739896684857666,0.4157821519851305,0.5846809123539803,0.44565989879415724,0.5689430199939922,0.43828924952866355,0.5876745020920777,0.4279418426501544,0.594074407523883,0.41943247115831533,0.5972609702755769,0.45759276044946623,0.5695938634555314,0.45066024660052656,0.5897117250366904,0.43804801235935636,0.5943189090994344,0.4279113148644988,0.5947112806512477,0.46243262842302796,0.5685788792955108,0.4557134906613109,0.5857040631485184,0.4439084715712246,0.5902114650321589,0.4343678420267952,0.5914333925399505,0.46200324934655773,0.5670811102340196,0.45707916130200865,0.580360887059267,0.4477657985842983,0.584917371660007,0.4395420429853727,0.5863837592883526
0.24891874521065785,0.27824527415662764,0.2601127275200363,0.26847801454212183,0.26564026781966593,0.26904221690972485,0.2702125250394111,0.26928981271997077,0.24037286540897637,0.2677026972363144,0.23383279730749046,0.26766621636427285,0.22805915497317125,0.26772352777035013,0.2790541325828921,0.27596585620354236,0.22075267681382768,0.27400833475376,0.2606003287618803,0.2921280239170781,0.23707395764830366,0.2910496431935343,0.32978260176554103,0.35456646316511226,0.18085929506729548,0.3450277906754204,0.3494888930832822,0.46196917955313943,0.14235852785371314,0.44649646081121946,0.35298044410014007,0.5671124524727732,0.1587833644530732,0.37859137825274597,0.36173018360462805,0.5994898629591686,0.1642286508108138,0.3635962033448429,0.3465733081713558,0.6003535947972164,0.17063619518163195,0.35735123558090076,0.341519497793729,0.5909896880735864,0.17307657349651007,0.3602481065607785,0.16437239098810277,0.37907458518242276,0.17786516361040242,0.3727989532919812,0.1807353643286471,0.36144113204646006,0.170174325787919,0.3528448601345253,0.1611196214679435,0.347052742473525,0.18361166025878117,0.3508697786982007,0.18786448438945594,0.3441199613211684,0.186210482664166,0.35124830615810243,0.18333325988480134,0.35826406953131734,0.17473222469924427,0.34927557336997783,0.1794985233036751,0.3399034354026562,0.17842014207851883,0.34875263697074915,0.17638250331830277,0.3571281579018645,0.16552243808088662,0.3493241267327672,0.16913429098601546,0.33922090067574145,0.17010712136404552,0.34853743933567366,0.16910884190544626,0.3567589811347965,0.156114619913359,0.3513760550601974,0.1599398366532353,0.3480100031898935,0.16278303306932043,0.3545124662064948,0.16320985499466925,0.35971085877251785,0.3542120539252173,0.5686841590682388,0.3368564093493844,0.5778389702521167,0.33208583781290735,0.5934285068045091,0.3308348112819144,0.6077901173979672,0.3283987058990825,0.6190995828305476,0.3516599195861606,0.6020404071044665,0.34605461820701394,0.6223834759138168,0.337867837499611,0.6291909997966236,0.33106133951759825,0.6324518453975562,0.36132258987348703,0.6028430301893472,0.3558173253740099,0.6245798351305571,0.3457173079243091,0.6294432490033033,0.3375909138006766,0.6297381250773143,0.3652929920470797,0.6020041896322231,0.3596895757850122,0.6205004746569233,0.35013825307983054,0.6251177414183131,0.34250547686338645,0.6261675213137762,0.36504107756806264,0.6006763912498296,0.36077037624375347,0.6149083652426394,0.3531846965356714,0.619628050625537,0.3466278508921806,0.6210685402215655
0.2219149733279519,0.24727043126057024,0.23180546710453678,0.2384845257504494,0.23673726547833007,0.23897552650280945,0.24078088812921275,0.2391858300767349,0.21426975172958915,0.23784839057948765,0.2085006328895865,0.23781345694911368,0.20336768056427326,0.23784659711185685,0.2486460999959694,0.24509370739474562,0.19677592127024604,0.24339010808761313,0.23238443894830216,0.25958814239687034,0.21158114038452747,0.2586767879214333,0.29401766543443586,0.31488983375807195,0.16128583728439205,0.30637797789962373,0.3115059681484854,0.41025521369746076,0.1264705720474071,0.3966647448639027,0.3144054454836335,0.5036361996802156,0.14158514897804447,0.33609497626776724,0.32206169458399975,0.5323904763206702,0.14629495589970465,0.3229445698070117,0.3086964741101421,0.5331308665447793,0.1520330354003118,0.31737339654247154,0.3042099321211763,0.524846605627523,0.1542897129264182,0.31998936402413675,0.14682658505403132,0.33652170459861896,0.15908491301714578,0.33084651021149203,0.1612937440593057,0.3202750127327694,0.15157178353986253,0.31279167157216203,0.14332844590643903,0.30782177782506315,0.1635797956040736,0.31176968743580297,0.16756423639458493,0.30568815566501806,0.16571817938089667,0.3120886127666725,0.16282655284349465,0.31839454242765536,0.15552764798634966,0.31040784118340603,0.16043825900223277,0.30226210614641624,0.15925457981192997,0.30998701959920794,0.1570721140156768,0.317427882868864,0.14713556502450642,0.3103724591861243,0.15091202264905912,0.3013044919026324,0.15168403175505257,0.3093435935924427,0.150578972496546,0.31647734502453645,0.13855184422962338,0.3120782223509418,0.14271812684885674,0.30966329869184733,0.14532156893352113,0.3157783215212162,0.14562490920436758,0.3205162536233263,0.31526228798701905,0.5048592276391454,0.3000242953962694,0.513062665547735,0.29580994238441943,0.5269591935313329,0.29465516140685416,0.5397298137270519,0.29248934881794125,0.5498017719879547,0.3133097484063964,0.5347547735076211,0.3082311639050469,0.5527554572221861,0.30097254861423184,0.5587809626237217,0.29497207614082666,0.5616914486811067,0.32181514314961274,0.5353699718934145,0.3169584521403532,0.5546559480844397,0.30808204073074635,0.5590098246887832,0.30097551540411094,0.5593115171350264,0.3253132403143294,0.5344981906711355,0.3206049447761925,0.5509534901143465,0.31227347109249265,0.5551810052275717,0.3055651393470837,0.5562625051973749,0.3250801234001497,0.5331999930254188,0.3215884076325315,0.5459059704095751,0.31501528873529183,0.5502277985271247,0.30923312721525464,0.5516640541919867
0.08238193615298095,0.0727468154427431,0.08603086116004192,0.07013012252054066,0.08786227101008931,0.07027147538314739,0.08934896162601316,0.07033224513549784,0.07955014994319301,0.06995953392212899,0.07743064329083589,0.06995098844436284,0.0755333426879488,0.06995751074731246,0.09226985871840432,0.07206471896090026,0.07306571062858691,0.07157328807855215,0.08628125640550618,0.07636575936591466,0.07861593433780104,0.07611286251384793,0.10914223223885597,0.09257745343942755,0.0599407140115393,0.09006368452106454,0.11560889299256978,0.12061634092172685,0.04685000239378252,0.11663920335405409,0.11663079678030666,0.14807096073505419,0.05274866824254067,0.0988721635506203,0.11943086819747482,0.1565228566360392,0.05445717029034467,0.0949361199303542,0.11452650886684418,0.15674000691209825,0.05650141402210201,0.09330091897460109,0.11286356957366338,0.1543068211039915,0.057361784214815796,0.09411285398985401,0.05476463450857972,0.09886026521940465,0.05909000156510462,0.0971837124044411,0.05976584130351029,0.09410892799906272,0.056233250600418866,0.09189069735099593,0.0532304236270933,0.09042025618688845,0.060713686792763906,0.09145115832357388,0.062052032348906036,0.089755978545002,0.061523566703317475,0.09163532454561264,0.06056853502005833,0.09349224941341229,0.05781541790375142,0.09108837384896491,0.05938222108276146,0.08873138091907631,0.0590670670138601,0.09107459562726818,0.05835999537014862,0.09329788707806301,0.05479877931477939,0.09116491634096155,0.056056679998285945,0.08855825332224052,0.05637911891559031,0.09103073342650066,0.05601839689972904,0.09318322522146363,0.05172020653354007,0.09177094030342801,0.05306985580669812,0.09099772644698673,0.053926586171378764,0.09281343127716453,0.05400617950079403,0.0942161161447251,0.11707114847194017,0.14839876090632004,0.11134455146938806,0.15083146527905966,0.10976106531253137,0.15491702896905307,0.10935014378536559,0.15866639029434992,0.10855428318392685,0.1616051634771471,0.11635557178069901,0.15734135407385566,0.11437189146431774,0.16252086500813187,0.11169991499376544,0.1642555110240597,0.10949205034762792,0.16511285571090298,0.11947938539168555,0.15751077347209005,0.11761464073996514,0.16306457747879846,0.11436542181277809,0.1643486802303418,0.11172891938662301,0.1644715035626883,0.12073699011199969,0.15722153398118013,0.11901059007955908,0.16196266362546471,0.11595649916590361,0.1632320940610581,0.11344942092456196,0.1635730076147042,0.12059642317260832,0.15680018633298665,0.11930868213003402,0.16046437944929287,0.11690871141032967,0.16173277823767102,0.11473976852016428,0.16215273889349738
0.3285515375642299,0.07677997328248368,0.3430916418515217,0.07399143599243081,0.35041613855796505,0.074137220763307,0.3563098996533406,0.07420173992540334,0.3173232859898399,0.07382991439819098,0.30895493203546626,0.07382356042148902,0.301404395666707,0.07382985998735338,0.36801186758150223,0.07602817873936482,0.29159785219649015,0.07551947368169679,0.3441770132079931,0.08059646429906978,0.3137185362298445,0.08033312793638313,0.43542684584697244,0.09765312530472106,0.23934798813373423,0.09499030727776725,0.4611424446270768,0.12723090498925663,0.1861964293513489,0.12305944371381691,0.46506029979822366,0.1561928386312412,0.21096304252708176,0.10432649362338559,0.4761064069273088,0.16510395542223127,0.2177712735066602,0.10008201904953534,0.4566742014094262,0.16533202147085588,0.22563180949291448,0.0983950110297481,0.45005927502702475,0.1627681465292533,0.22904602916473266,0.09930172531881133,0.219606466272961,0.10411897068877929,0.23612001255484735,0.10228393496247701,0.23853578168199244,0.09915713758636234,0.22472678122142717,0.09688433644332514,0.21337779709496574,0.09533284768305358,0.24176659388575217,0.09629061747473146,0.24712661398862257,0.0945880963205796,0.2451298164257316,0.09662257194928028,0.24141035935335822,0.0986397267946783,0.23075351169588051,0.09595911037818067,0.23700286545962768,0.09363967310167168,0.23566843015720063,0.09613558286146326,0.23280287999272958,0.09847563579977402,0.21912523389854077,0.09607216400741618,0.2241551495463134,0.0934546037060483,0.2252110572736307,0.09608257461434364,0.223705161456077,0.09835481351205896,0.2068667698630178,0.0967377778294253,0.21201122718084003,0.09588766290276328,0.21617853969847237,0.09754099665972475,0.21722730410037985,0.0988015083518089,0.46674181789440367,0.1565652747689644,0.44384412640408055,0.1591163450267851,0.4376990030754436,0.16341596196171862,0.43600907863110017,0.16736740999249852,0.4326992964473026,0.17044274680754085,0.4639349258194573,0.16589837783378542,0.4561281200634595,0.17139533547834948,0.44577816622982036,0.1732498623758098,0.4372313533719476,0.17416564513780636,0.4764270490644,0.1661063844202815,0.4689983219228464,0.17198426629323438,0.45621897488055596,0.173364729699632,0.4458580472426641,0.17350912397132506,0.48150684375829506,0.1658343785974706,0.4746005939309193,0.1708637295037005,0.4624838990231674,0.17220698798847694,0.45255931468871463,0.1725623753970855,0.4810376204526797,0.16541435111379327,0.475776240356338,0.1692827440238011,0.4662414124204777,0.17062946061958947,0.4576495862598775,0.17107475891450769
0.12869540779304514,0.0014322127910238618,0.13438316051767596,0.0013796491561152845,0.1372588150477283,0.0013822616101660291,0.13956103523746893,0.001383452316682255,0.12430535752260911,0.0013770584537311401,0.12105029510703805,0.0013769927479195963,0.11808896887506581,0.001377219731632202,0.1441485586186347,0.0014174895049030175,0.11426599487846052,0.0014085253387991295,0.1348370567203221,0.0015033177494077736,0.12293485358525123,0.0014985559376692915,0.17064789300106234,0.0018204634725067015,0.09387389963239295,0.0017708065590141186,0.1806673299190071,0.0023719734853649365,0.07282848061628887,0.0022943477605242525,0.18213429156392227,0.0029119918560820963,0.08274416102586911,0.0019456052058724124,0.18641966081122482,0.003077851582294111,0.08545315149437702,0.0018652988417048536,0.1788585248833946,0.0030821097246127144,0.08852292979656647,0.0018348374922296487,0.17627489537364072,0.0030343248068829816,0.08984328286259978,0.001852318393782487,0.0862200446049745,0.0019406480799462715,0.09231851707058718,0.00190523028076254,0.09282006633272606,0.0018464201983428119,0.08774306104008942,0.0018048006947134238,0.08339517350898333,0.0017762816676329786,0.09406367656316038,0.0017926473736365452,0.09644602947598606,0.00176163039868808,0.09579107564043593,0.0018002211236220539,0.09425742728547844,0.001838562436959207,0.09024418977138522,0.0017875527501287859,0.09266636980728252,0.001745249477788187,0.09213047563245615,0.0017940646130536338,0.09084579748281296,0.0018390940567071519,0.08619736155402127,0.0017908354485384511,0.08813110583989672,0.001743021115342487,0.08848786311357691,0.0017943047830097224,0.08779299294738974,0.001838706358608163,0.08185872728038306,0.0018040774799746994,0.08388205218149962,0.0017844130717445908,0.08542856264543523,0.0018155057830658817,0.08576103924176327,0.0018403904785771136,0.18290613163951133,0.002918600981640499,0.1739436583958019,0.0029656862395450794,0.17147684213807887,0.0030457961624956215,0.17077625457792603,0.003120067622562437,0.1694561285856956,0.0031781191015216145,0.18159463445179083,0.0030924754644256216,0.17868351585959386,0.003195866207408701,0.17462998896504459,0.0032304497794619917,0.17123474902508073,0.0032466999649564117,0.18651941108892406,0.003096603772962238,0.1836599031282131,0.003206666755147741,0.17862403874279337,0.0032324705431000353,0.17448424002270227,0.0032346612627651935,0.18853996244573384,0.0030917699440478103,0.1857082872454346,0.0031854558372332357,0.18092702125172944,0.003210058888108022,0.17699259456679728,0.0032160447664317123,0.18838175688334716,0.003084142660167819,0.18616877669814327,0.0031558476489816777,0.18237442211048113,0.003180337320703097,0.17899609916883277,0.0031880930859298456
0.1271997894682723,0.2564727643967638,0.13281341436306854,0.2469257389414144,0.1356560053557086,0.2473574214439864,0.13793039554014133,0.24756107266057323,0.12285389845743877,0.24657830782837603,0.11964688566931016,0.24658453896273838,0.11671209118552686,0.2466796393823268,0.14246361095944146,0.25363199225751853,0.11296121084711085,0.25223224556012847,0.13331067522863774,0.26912293509552826,0.12155332749913551,0.2683600546940334,0.1687628454390458,0.3257293828107525,0.09281946079768304,0.31685013733730955,0.17858472936015612,0.42445745186513456,0.07192061460979203,0.41053657339708566,0.17996879160559767,0.521082059348849,0.0817805933842928,0.34850778852665126,0.18419049964600587,0.5507051544242095,0.08456150966688879,0.3341187683620915,0.17674851414623802,0.5514624893177767,0.08754173264404828,0.3286586209255563,0.17419679214673764,0.542917970702847,0.08879406989149445,0.33181556767861137,0.08525977638732422,0.3470508726838979,0.09154109914692131,0.3407279450412366,0.09235176692436238,0.33025369049490005,0.08725209794660019,0.3228183339619513,0.08289372772543026,0.31769271172909563,0.09359580072806513,0.3207940017480404,0.09586384310608398,0.31547339945644837,0.0951718039684561,0.3223544875133989,0.09367095651183165,0.32933357981954364,0.08951903426744086,0.3199251517314189,0.09207708804354095,0.3125038505403813,0.09142512344135434,0.3210700873809041,0.09003029717569325,0.3290463023434078,0.0851934931057044,0.3205697817384128,0.08695786269248344,0.3120966287691411,0.08723979506421972,0.3212454464243182,0.08658561834767675,0.3290438421544363,0.08054162500186983,0.32307542370947734,0.08224811092965753,0.31996479707173076,0.08387022393052722,0.32448682605625717,0.08432737820102683,0.32785563137763196,0.18063648145549144,0.5221887007454082,0.17185198298862753,0.5307149897633685,0.16943547247170593,0.5450722492916154,0.16874123724953588,0.5583017339967277,0.16741640516747647,0.568615854439597,0.17941763850476708,0.5533381615882598,0.17655589989909318,0.5716085331650932,0.17264828003765934,0.5779137958443195,0.16935614092134643,0.5810685647251702,0.18427138608834048,0.5540191902927425,0.18154453836896184,0.5735815240583357,0.17668750467348224,0.5783202916581582,0.1726218468740823,0.5788700027349141,0.1862783989723092,0.553052618343694,0.18361316985862502,0.5696662744685116,0.17900310751016277,0.5741983458637578,0.17513804680536754,0.5754479202064671,0.1861487177756213,0.5515431109203032,0.18401397933229424,0.5641593632760338,0.1802917603016258,0.5685288202133578,0.17692665347118144,0.569893620128062
0.17522008776937786,0.09083518555671283,0.18293982043550078,0.08742212156501904,0.18685994793181937,0.08756409671271191,0.18998666161830652,0.08763377802954338,0.16922550132957698,0.08733439534253813,0.16481292912349407,0.08734216864247968,0.16076345843972092,0.08739303414788237,0.1962248318826207,0.08977973702663183,0.15561592856733442,0.08935882247111886,0.1836658358022279,0.09529362633724103,0.1674802514890219,0.09505206872170184,0.23255739506191536,0.11529918093806624,0.12786519093271673,0.11215815389226098,0.24599488927662855,0.15025848746364973,0.09878530742462749,0.14532383391397474,0.2478745164881035,0.18445596776686193,0.1125194872675119,0.12343237967030411,0.25367259313474194,0.19492778056085547,0.11638534273331438,0.11829316484448119,0.24343275484982274,0.19519405712744847,0.12048583972405368,0.11636017570694851,0.23992695390054836,0.1921729059303287,0.12220716615327262,0.11750153740332571,0.11767285723431319,0.12290776401143859,0.12577532032231,0.12054375288706397,0.12634708654128063,0.11690244368055734,0.11948376121756137,0.11424887891786391,0.11358780503012639,0.11243051204889092,0.1283495434133581,0.11357485743615477,0.13157090195696786,0.11161268094925476,0.13067260932494296,0.11408548258272878,0.12857504392095004,0.11657168227312686,0.12306334165827983,0.11325930000381658,0.12651693503385392,0.11063126792605514,0.125574173781219,0.1136520479463182,0.12371162525794757,0.11648461988617816,0.11743308216702693,0.1134733262898107,0.11991608276251876,0.1105505012696376,0.12018279512729471,0.11369638216664603,0.11923433729863331,0.11647840981184468,0.11126073164354615,0.11433419249077618,0.1136398580455624,0.11317099560200117,0.11613215421666338,0.1147662352139741,0.11716401830865864,0.1160446539646927,0.24880380909199354,0.18489622634702288,0.23660878668411608,0.1879150505507717,0.23332411445152956,0.19292319711807596,0.23233282190390914,0.19763665781321568,0.23047079225481068,0.20132321490615898,0.24695277515941136,0.1958457294795736,0.24328102279379887,0.20230095185087385,0.23786658183886805,0.2045468430786159,0.23324610668756968,0.2056942078468488,0.25377696412263845,0.19603401607815793,0.25009529794835966,0.20293970439317874,0.24328137606983152,0.2046421070464947,0.23760140401685895,0.20487340733235893,0.2566939201647387,0.19563749926295737,0.2530714939651852,0.20151725474602236,0.2466539036357881,0.20316929155508892,0.2412790516762663,0.20365704649687622,0.25669288241639276,0.1950802771448329,0.25377833306726494,0.1995921745307443,0.24862120954261674,0.20120926361114796,0.24395176150129205,0.20172821168493213
0.18381339348150547,0.027865831935554926,0.1918759069608179,0.0268079704048825,0.19599942943934,0.026849699788027866,0.19925953957698558,0.026871194819595615,0.17750011985152597,0.026789200280585075,0.17288260690814614,0.026792093716256855,0.16862219676108203,0.02681065372722259,0.20580988602275346,0.0275280266038953,0.16324847294202322,0.027411671969112223,0.19271249288470957,0.02922460639873151,0.17577426772869686,0.02916167307853,0.243990743195068,0.0353534174914903,0.13422956080018508,0.03439034771493651,0.25800881386967556,0.0460757568831305,0.10331201681145019,0.04456745395425013,0.25994304832003734,0.05656055658725628,0.11829290924265795,0.03785916123609969,0.26603596788525397,0.05977126338988558,0.12225621421654634,0.036287524458479284,0.2552970185596382,0.059852800494663586,0.12651755061020464,0.03569224493696137,0.2516216952299725,0.05892556160720414,0.12833743991851104,0.036045863485511025,0.12356951610631371,0.037751202379861966,0.1317798701201447,0.0370729477904523,0.13269257035791568,0.03593902085634789,0.1259714587744225,0.03510456670295336,0.12001620260927054,0.034518856092749385,0.13477342964414113,0.03487573358662074,0.13834408710866092,0.0342955515834568,0.13725110454940911,0.03507443076061996,0.1348718086105288,0.03583605656909882,0.12949733221611218,0.03478676810009536,0.13307458918761572,0.03397820166010917,0.13197848054610847,0.03494923166778116,0.12980266940589394,0.035835424040423225,0.12384441451739321,0.034852404440761806,0.1263421889737556,0.033967575616095175,0.12668973985206852,0.03498297017828079,0.12567646081224862,0.03586033122495035,0.1175974832997241,0.03511037546110231,0.1200879404079922,0.034705854769270794,0.12233178436055156,0.03527061314068055,0.12292760406036042,0.035733479678305057,0.2606899272612796,0.05674178809055897,0.24816167792113128,0.0576255685372477,0.24470191533010346,0.05913574935403003,0.24361491863946677,0.06058925647695071,0.24183643255392162,0.06174192508250555,0.2588555885061035,0.060105544945878366,0.25481530086215376,0.062090892684911074,0.24886224453266304,0.06275877730592974,0.24383453170695427,0.06306431710909209,0.26594408422310817,0.06016987464426338,0.26205815557408374,0.06229634412705184,0.2547396728277364,0.06280392540807611,0.24874000313839198,0.06284010867473715,0.2689837708274963,0.06005759095528175,0.2651544358453782,0.06187720304922373,0.25830067417151154,0.06236840424509853,0.25266420892792224,0.062490388166226395,0.2689451926568474,0.05990162120275341,0.26589760980024363,0.06131031728033064,0.260425692264116,0.06179570971805649,0.25554601680032707,0.06194499961758159
0.32736707012517136,0.05123684332509009,0.3416500358187017,0.0492786323726833,0.34901669419702996,0.04935426213301837,0.3547768757796701,0.04939351123891916,0.31607026445133984,0.04925330712446215,0.30786420396331554,0.04925914058116122,0.30025556098701484,0.04929626550420884,0.36645558014440743,0.050598204531822843,0.2907273659119081,0.05039958941197699,0.34325558507547077,0.05372414477702913,0.3131628834038259,0.053621962731029316,0.43450486456252374,0.06498360530550068,0.23911524602065276,0.06321437018862873,0.45937119360538625,0.08469398650777081,0.1835954252757333,0.08193614542642315,0.4627433540992104,0.10396286756861364,0.21081166386383005,0.06960702606994747,0.4735935394775676,0.10986503836452723,0.21772508550239536,0.06671787186676689,0.45447840519581917,0.11001501050164998,0.2252199297593259,0.06561414162856659,0.44794341943619553,0.10831098940760008,0.22849595599719227,0.06627373258906746,0.22002562936516412,0.06936284159559788,0.23579111143085557,0.06815991040892469,0.23885178374371202,0.0661989356049646,0.22765669817132805,0.06474722961698069,0.21709396740994905,0.06375969379007874,0.2406160039915537,0.06408841913275543,0.24692126927891128,0.06302903523468883,0.24502443157763223,0.06447503248125483,0.240809323714244,0.0658972573860037,0.23030795480534913,0.06391734597467635,0.23703854821699652,0.06241315094562156,0.23535053044434262,0.06420426755972541,0.23158608282372017,0.06580806584461169,0.2193474747435378,0.06407433032905877,0.2242638638655988,0.062493342871402666,0.22470116754793137,0.0643555954726465,0.22267837006145555,0.06589556367202418,0.2075551365552381,0.06460645020300096,0.212450831253418,0.063858299323661,0.21647587608632032,0.06465739438381499,0.2174234704579208,0.06526438768025816,0.46468640385063037,0.1042695223295999,0.4419661525225633,0.10591388928852302,0.43558897205102126,0.108743115787573,0.4337129524454792,0.11142628862317254,0.430614065529161,0.11353831374797631,0.4606230001304344,0.11046792007976594,0.4538203472507707,0.1141934390967972,0.44311489916772545,0.11540465781505668,0.43406422174008286,0.11592858268810506,0.4733830499788883,0.11059689177277204,0.4662554286859678,0.11453153820092825,0.4532070172935927,0.11545474508119699,0.44267887342790346,0.1155178751519017,0.4788703702235422,0.11040487851668011,0.47178434389814367,0.1137717888004411,0.45942086846749136,0.11467111471590591,0.4492752828759392,0.11488428933905794,0.4788429975194444,0.110130907205503,0.4731673250383108,0.11273237946272685,0.4632075770221692,0.11362610525976055,0.45441265299245187,0.11389357528402339
0.06867392339635217,0.2406609994146672,0.0716535139390069,0.2314318131927203,0.07320189917747442,0.2317859338665546,0.07439904710214473,0.2319671224309291,0.06629665768017522,0.23132890035537432,0.0645789477175553,0.23135865760134824,0.06298161975180751,0.23153710660974416,0.0768563816682048,0.23761516107771463,0.060984543872187595,0.23671970414251872,0.07201128933742137,0.25231864141693844,0.0657180263883679,0.25187381309997986,0.09111464351555226,0.3051816048097786,0.050163840979746535,0.29687532776328157,0.09630971134869323,0.39774936865652205,0.03847447165779758,0.38481669951485437,0.09700542750679568,0.48822193898435956,0.044226802092440266,0.3269502488697684,0.09927954013777864,0.5159263695363303,0.0456643423814582,0.3133501483177677,0.09527550130807994,0.5166391831084597,0.04721197139731633,0.30812987716691576,0.09390812983467006,0.5086470103250207,0.047902726735101125,0.31127503857820793,0.04614587036894669,0.32567758341656033,0.04943486831191877,0.3198798894393879,0.05003246998804184,0.31051767415782044,0.04780768467755193,0.30352536373259437,0.04569868785174105,0.29865668152798275,0.05034341143993826,0.300961063762713,0.05171793893986906,0.29586641542359465,0.051339806028809575,0.30261063543810107,0.05045208278954484,0.3093577083695231,0.04822508930903548,0.3002164902347219,0.04966347224610389,0.29316919975502975,0.04930279295286932,0.30158061907063455,0.048477710873295096,0.30916191513775954,0.04596629990875497,0.30094324720210763,0.046998163498643095,0.2933685260693312,0.04709232401669334,0.3021593266542415,0.04668351871659665,0.3095528214356644,0.04353112914705836,0.30339486640056784,0.04450671248971903,0.29972939718173564,0.045357549350733335,0.3029587668757616,0.045583266675186584,0.3054778358317627,0.0972564329153072,0.48959319066581647,0.0926030451766423,0.49745564075029874,0.09129896305373102,0.5107146004557566,0.09089838977689664,0.5232257558465176,0.09023210148147992,0.5330826026833848,0.09655141737974518,0.5187353401953305,0.09511097319590715,0.5360241678517469,0.09293153963562088,0.5418171006695635,0.09108391062870631,0.5445378387325649,0.09921233571479941,0.5193199047606848,0.09774592932846272,0.5377095049027723,0.09506534920556414,0.5420744299966521,0.09286888983338626,0.5424640893242496,0.10036198421705539,0.5183437537318034,0.09895076911738862,0.5341279038838627,0.09640642141725515,0.5383576649538078,0.09428085683439037,0.5394269608859599,0.10036482761406672,0.5169438595202536,0.09924041534060439,0.5290844002208405,0.09719818216802326,0.5332668897800384,0.09536461458037145,0.534530372997346
0.37888628287051707,0.16673145836221426,0.39500416854066944,0.1603174329103007,0.4034451198554327,0.16056249930038866,0.40998520211520095,0.16068625619142585,0.36559147877165027,0.16025084290801672,0.35609755612813304,0.16027268620868731,0.34734135590572385,0.16039449303872996,0.4234381065871354,0.16459241159073365,0.3360196416072253,0.16398214720069837,0.3970210191155818,0.17479878217075584,0.362510782113244,0.17450991139040758,0.501797734296973,0.21139878333176343,0.2764145635707022,0.205646613816466,0.5303657387946525,0.27552992884115257,0.211879795018443,0.26685809921195563,0.5340704845625859,0.3381999944222834,0.24435055148578608,0.22645791341588814,0.5465744060607189,0.3573843018570175,0.2519540990936526,0.2169923566112752,0.5246218218392334,0.35787820388260566,0.2603056727742734,0.21338983487018048,0.5171014887112914,0.3523416011769819,0.264149791492998,0.2156151423934405,0.25471711965626526,0.22566650275588182,0.2592987942243623,0.2212950418630201,0.25672780707695964,0.2145739930495539,0.2488471792848669,0.2098137632852603,0.24388208037733003,0.20604204430565787,0.26607355226365986,0.20775996951591763,0.27568248079264307,0.20435316060779357,0.2740069832959448,0.20927999625437393,0.2692948830588557,0.21395554887346763,0.2650403315835582,0.20747222427412998,0.27288945352165617,0.20310683605443253,0.2698000237451108,0.20928224733149517,0.26476517887227274,0.2147667480718885,0.2632963731035193,0.2079728795310819,0.2687353448029388,0.20327558831257908,0.26703957314641913,0.20926418636389457,0.2632933748122781,0.2145750531498261,0.2603457213787094,0.20951816544886367,0.2681488695177756,0.20630798550974797,0.2701983205609455,0.20985197924569055,0.2694406809194495,0.2132732631032105,0.5363066387254259,0.3391337726225501,0.50989197844202,0.3444851064460332,0.5024658773245155,0.3537396509458457,0.5004025294394023,0.3624728616895694,0.49666808631060383,0.3693398247985277,0.5315631992060776,0.359106428205393,0.523718527112917,0.37140013622139584,0.5112821861475221,0.37551547165342863,0.5008399944090705,0.3773408072702813,0.5462436897776224,0.3595091877828866,0.538129266656603,0.3724988450837661,0.5229676693206571,0.37561865474659034,0.5108195926417373,0.3759094625002755,0.5526597474822389,0.3589589041280061,0.5443804183429536,0.3700840151896188,0.5300687175940761,0.3731034686933406,0.5185104952269565,0.3738689919664527,0.5527531704299607,0.35817094860962767,0.545998020263542,0.36684584075072213,0.5342997824546508,0.3698855277732197,0.5241839761341697,0.3708381783758633
0.36516416247603645,0.19565625198597258,0.3805511984673286,0.18808778601388168,0.38860864587842914,0.18837119314783862,0.39488220594432993,0.18851481598514672,0.3522604526624527,0.18802005880248912,0.3431027551279469,0.18804613017064703,0.3346924737802194,0.18818513140500137,0.4078114502447923,0.1930853049315165,0.3235970865562296,0.19238308230330542,0.3825267433198712,0.20510161079883144,0.34939227711075743,0.2047933759838902,0.48298928498187593,0.24799765581217273,0.26639486645603366,0.24125929728889792,0.5104336598754868,0.3232516159169463,0.20400080959730205,0.31325725366483265,0.5138877087705149,0.39678779836836087,0.23599962091465684,0.26564331974380473,0.5259401239825388,0.41927664117479885,0.24320126224983415,0.2544989767726549,0.5048473095694551,0.41985813402219385,0.2511246249787155,0.25031158953824517,0.49760866040396756,0.413363783851549,0.25478599558648996,0.2529549621778608,0.2451379901021442,0.26478456142750767,0.2527728016788545,0.259480189569569,0.25235550175069094,0.25125866499803123,0.24421625237803843,0.2456579578011951,0.23715881791629134,0.24107060998424973,0.25869394002406004,0.24422613607279087,0.26788518735522704,0.2402294168300096,0.2662688886871374,0.2459206675239171,0.26152348178260354,0.2512431265854424,0.2550936918785987,0.24386041527293606,0.2628838859606646,0.2384331486972494,0.26032301738603153,0.2455669229709193,0.25558127462311253,0.2519290738012581,0.2508161500565136,0.2443414765425213,0.2566932499996854,0.23833158091140452,0.2559560934094287,0.245327966137797,0.25283603102259616,0.251488716416824,0.2454638009943615,0.24600241308579743,0.25315804036788797,0.24240960044534962,0.2558887648072554,0.24705997709992059,0.2556855194520556,0.2513540757646586,0.5154751065216172,0.3979374259416565,0.4906055239407759,0.40426932907160007,0.4835887385500688,0.41501002646118135,0.4812588025007129,0.4251901126645542,0.4777106309679529,0.4332264199721997,0.5116539106367791,0.4214696455159409,0.5036261427727591,0.4356193969275283,0.4915533457730025,0.4403713567221068,0.4814735670011145,0.44265845137188947,0.5257475275389071,0.42192452793822977,0.5177239734377441,0.4370118966454188,0.5029366887261509,0.4404622226565936,0.4910092665449644,0.4407058010926697,0.5318362316603377,0.42113851764450766,0.5236383560218472,0.43394069561808096,0.5097304652978231,0.4372746063681408,0.49847719937200247,0.43808318728093953,0.5318367354798097,0.4200111228987106,0.5253596323472028,0.4299258891717131,0.5141399391189285,0.43331393869923157,0.5043886506428137,0.43432123318488064
0.25890916635074573,0.373309480950106,0.2698041501724182,0.3588093089982922,0.27545228329136545,0.35933649106205956,0.2798862877693703,0.3596125587361191,0.24974465112283456,0.3586670284168599,0.2432278376567562,0.35871242465012876,0.237275333162983,0.35896825439051805,0.2890127586025166,0.3683312421461659,0.22930297293794671,0.3669717567552796,0.2710507122274824,0.39133093620896153,0.24761646778840468,0.3907362748410319,0.3420481368417903,0.47306445260235813,0.18877302726514913,0.46020689209756616,0.36145797838980737,0.6166442742308383,0.14450391436178503,0.5976223152786297,0.3638781597515758,0.7568926859589105,0.16759960260755238,0.5068470114458817,0.3724217696995393,0.7997600268678748,0.17270582202664558,0.48551912885886217,0.35746257097097156,0.800872381022424,0.17822702697942716,0.47750730873265007,0.35233176702397406,0.7884899287086561,0.18079416414058141,0.4825512988550989,0.17381798001358903,0.5054906305715932,0.18586013369274948,0.4966831169838015,0.18784896686340505,0.48035335967968307,0.17966072983397408,0.46882462014240156,0.17174263071076354,0.46094351188011135,0.1885343335539198,0.4666803363859202,0.194328660287021,0.45897053300646196,0.19270240025283297,0.46975796669840925,0.18919389946350063,0.4798147846257598,0.18131275821568188,0.46570150573296637,0.1870111631265179,0.454827936349378,0.18559607705167686,0.46819659986499246,0.18273480125785202,0.4802204219359364,0.17369376003750256,0.46670376669986546,0.1786114602370128,0.455599701602841,0.17895306517125062,0.4689266005838481,0.17714169142596242,0.4803475606769816,0.16539174659133232,0.4699405474198273,0.17089642671961883,0.4643096865088357,0.17367104043091022,0.47320348222773057,0.17380490934769793,0.4807898664284824,0.36551948510662335,0.7588617109670815,0.3476383600998231,0.770903486516086,0.3424982477629726,0.7914832098909423,0.3408457653134671,0.8109827957929242,0.33834060840669955,0.8264359079007825,0.36232190724176966,0.80395346730622,0.35674456004914323,0.8308888976418556,0.34826036811585087,0.8399644540211806,0.34113247669430374,0.8442852967916027,0.37231928011091436,0.8048993490801883,0.36673278669550563,0.8334913611875356,0.3563468290917676,0.8402806461078712,0.3478480096887064,0.8409099843404397,0.3766627629301053,0.8035079984623364,0.37099625628205807,0.8277883641974851,0.361205970762081,0.834408189372212,0.35315067829713526,0.8361815712589405,0.37667181185264526,0.8014856109141552,0.37211374956562454,0.8203386958786036,0.3641792391348684,0.8269220283393608,0.35716460519543464,0.8290174598912664
0.25846802870484803,0.1722395239520285,0.2693325968597767,0.16553726881343994,0.27490506500138573,0.16577854870144332,0.27930764825449256,0.16591493486356854,0.24930683558529593,0.1654540050276868,0.24275780866060184,0.1654748108414236,0.2368133543149846,0.16559235017876778,0.28832386296477985,0.16995397829250541,0.2287355376643979,0.1692746684739994,0.27037302634513655,0.18056317345307094,0.2470276217019672,0.18026856853466555,0.34107178157971013,0.21822211513497908,0.1883031355225038,0.21229984833695267,0.36041884792087914,0.2844556533208375,0.14414527659040433,0.2757760082405975,0.36281799319630215,0.34915138517644306,0.167608073967375,0.23382962333016516,0.37133672789995975,0.36888243002076726,0.1726156825539039,0.2239906350756518,0.35639787190161687,0.3694212465554753,0.17797915605579087,0.22028888901408672,0.3512918054147965,0.3637219937622237,0.18052960213151398,0.22260617029469273,0.17416529897967753,0.2333237718509881,0.18640776030514974,0.22935205009078524,0.1888868005527094,0.22150231379380705,0.17975029871477086,0.21606668687292285,0.17154472448983646,0.21229448476029456,0.18965316813101712,0.21525852962220404,0.19497139853797624,0.21206939017414614,0.19349750527644388,0.21713486275427682,0.19024842690642046,0.22178992039304643,0.18153667332350854,0.21472309065466103,0.187227294179427,0.21004243105678025,0.18603333246163686,0.21616505513903814,0.1832638503016062,0.22158782028415777,0.17294323415288648,0.21514904240498137,0.1776077357947142,0.2100722482197134,0.1783593080078114,0.21625296645721037,0.17685501552595584,0.22135151217502133,0.16379172674236284,0.2167208405711835,0.1685353310362231,0.21512587229422905,0.17144945203975967,0.218999131216436,0.17166973319851664,0.22186261914870722,0.3639547299988136,0.35018540709862395,0.34631069912726214,0.3557299673157157,0.34138499056782745,0.36522792936870707,0.34006598780176106,0.37414662514262154,0.337587901572286,0.381174639879146,0.36154293994132003,0.3711929291465058,0.3558761048583247,0.383377597266349,0.3474385748804454,0.38741462766525553,0.3404072675592832,0.3893236826680234,0.3713308420934716,0.37152236353751733,0.3659634393306599,0.3845388588987721,0.3558076419334053,0.3876596498976778,0.34746942685511384,0.38792963910658423,0.37550122704666283,0.370744766514508,0.37030583859544597,0.38182842880015283,0.3607598689616326,0.3848906933152223,0.3528617311069137,0.3857332477099501,0.3753717393039244,0.3697033409651013,0.37131299063643075,0.37836296382718687,0.3636917767430179,0.3814299028952128,0.35681081620407124,0.382455440368675
0.06636454724069056,0.17440475128367205,0.06914471326057726,0.16761611718724367,0.07055597744522445,0.1678587657819369,0.07168004762462248,0.1679972169278885,0.0640179898888599,0.16753250752376614,0.06232347932588566,0.16755297219270632,0.06080214601411661,0.16766837322691716,0.07397836265333169,0.17209335174034557,0.05869265361095823,0.17138537815991078,0.06938028955581989,0.18283686518701417,0.0634008787689306,0.18253722741397552,0.08748442176722208,0.22095809755533158,0.0483136001793963,0.215037351464412,0.09244019464787834,0.2880480127002988,0.03697118479216807,0.27973922031466775,0.09304938148729491,0.3535283323865908,0.04312165803012572,0.23683320881630113,0.09524257850920262,0.3734658445872858,0.04437054703093331,0.22681266178239243,0.09139479503357058,0.37402528516280575,0.045714029797861454,0.22306511032149542,0.09008612353556152,0.3682717583988413,0.04636052419969196,0.22540593466621922,0.04483757783448521,0.23644230080852388,0.04778723057200497,0.23220871346029745,0.04819670978516641,0.22436779046443397,0.04601489121732827,0.21894517301976302,0.044069374611446374,0.21489771019399662,0.04857676424975729,0.21822765108443506,0.04997584552694953,0.2148446060196478,0.049700772229151306,0.21979070857269947,0.0488726330822344,0.22435063625664586,0.04668454890065752,0.21771138329980763,0.04807274103047852,0.21281768726193634,0.04779896978609787,0.21898840052902172,0.04704616728405552,0.2244286920059592,0.04464815808889574,0.2180954925505907,0.04579943455005411,0.2127696992548226,0.04602550668468179,0.21894499518507304,0.04562729811224961,0.22413256988794567,0.04240834423730509,0.2196157465969341,0.043612134088527946,0.2175050403410551,0.04440112040624485,0.2218554514010123,0.0444793265446384,0.2252677023937322,0.0935527785598665,0.3544095169550741,0.08891659759322233,0.36002966770154743,0.08762734908313666,0.36968505171895255,0.08729574842168092,0.3787288759170796,0.08664221712606177,0.3858332623453779,0.09278882152376908,0.37551064257113687,0.09125375030444448,0.3880865646634444,0.08913508547402595,0.3922727111882186,0.08736883757307672,0.394247332867482,0.09535307059635185,0.3759886622178253,0.09379168462865792,0.3892663747151926,0.09118617622007219,0.3923550896884577,0.0890707292031952,0.3926341533558239,0.0964442742936233,0.37534284870133716,0.09489938376699669,0.38664085071138915,0.09242081312662428,0.38959490378555856,0.09038993323521909,0.39033209697351756,0.09641862301196358,0.3743909406446047,0.09519893069304511,0.38306927351603126,0.09320347163059843,0.38597607728103,0.09143908972976994,0.3868515164210675
0.41156849105854887,0.3283687662573451,0.42879323426781857,0.31558883264558657,0.4374839017949727,0.316041791991885,0.4444248725856052,0.3163046510973789,0.39705702148063166,0.3154307463052454,0.38649786428954974,0.315466031135201,0.3770715183043299,0.31567207393786134,0.4586253426393181,0.3240330075609638,0.3638575717351458,0.3226432231016696,0.4300923247367663,0.34424861383512834,0.39306488018670577,0.34367818433596325,0.5421997002790436,0.41601169941465,0.2994487043149008,0.40495121874644224,0.5728946312584695,0.5423624516081323,0.22913079454263532,0.5273095825741766,0.5766265741567832,0.6656124656643793,0.26778952834284764,0.44598289153242415,0.5902523773213525,0.7030664112249673,0.2754042757611065,0.42706169765527247,0.5663453713450551,0.7041506084525659,0.2835717456255056,0.4200073329545398,0.5582388782526082,0.6933464965415682,0.28754343284843525,0.42440176233897864,0.27746070647436344,0.4450082575651401,0.2977001125093501,0.43734408343458386,0.30188623342884136,0.422557086882111,0.28737995445688047,0.41215988375101714,0.2740815963007336,0.4047986182957219,0.30252552593174803,0.41095963291482007,0.31150288450174674,0.4047791214955202,0.30968172699708396,0.4142317471531681,0.3044333819735227,0.42272189536888893,0.289593002711245,0.40977171889143227,0.2992016880027322,0.40062370176216733,0.2976137223250673,0.4122349863525869,0.29270469389384823,0.42235683903327553,0.2757566716526159,0.41033045546154645,0.28372985353862046,0.4007537662813467,0.28517343300406495,0.4126005320398566,0.28235123373583715,0.42226205934405175,0.26061492889204285,0.4130559896551373,0.26884782094834675,0.4097220368206408,0.27355996609819305,0.41825264669173406,0.2735090107931863,0.424617489153364,0.5789697473050229,0.6674619058610584,0.550698007032985,0.6780425128418703,0.5431729131997834,0.6962262537729503,0.5410352058199928,0.7132518796209772,0.5369491710896096,0.7265615750337259,0.5750015033553514,0.7069329074382896,0.5654764330726851,0.7307550096641696,0.5520508536784704,0.7385971017548231,0.5409595565925899,0.7422879979895782,0.5908132711174635,0.7077696987705939,0.5810969192964864,0.7329966523357127,0.5645943898050789,0.7387055832904237,0.5513562889309497,0.7391423425213629,0.5975345919095091,0.706588970489949,0.5876323033325919,0.7280400351642151,0.5719922367041435,0.7334392837865277,0.5594402722668732,0.7347115980929552,0.5972778881792933,0.7049128122903071,0.5896208707273802,0.7215320187100867,0.5771909112261524,0.7270227503367804,0.5664315559607852,0.7287227579908301
0.05382779450794933,0.2759848582342428,0.05608387555912785,0.26524307895160937,0.05721688419802127,0.2656223383437097,0.05812394277511369,0.26584899350578284,0.051934523451195855,0.2651061680643863,0.050550448737536516,0.2651363209285605,0.04931628407156996,0.26530751906406197,0.05997594389268204,0.2723654105878474,0.04758025598430978,0.27116087617815565,0.056238337191355535,0.2893371872118758,0.051401282648986704,0.2888520139903395,0.07089750289566342,0.34966759198892067,0.03915961297124906,0.34054677267303773,0.07491650165343933,0.45588896765184134,0.029965022554796765,0.4437992925672508,0.07538669545185835,0.5594240759464808,0.03507944830735058,0.37484166198599844,0.07716910267393287,0.5908392476778619,0.03604697409714619,0.35893086356548576,0.0740358792167821,0.5917809348300755,0.03711400323534987,0.35300769813340094,0.07297756023259984,0.5827174124499206,0.037630287285727135,0.3567066298553509,0.036342769987164354,0.37387395635371495,0.03832705257999804,0.3669777603757882,0.03847604559257788,0.3551676648990037,0.03705498379603011,0.34690835598809733,0.03580102729531842,0.3402559371503929,0.03903853410441464,0.34498010954624514,0.040208167043074894,0.3396931197624583,0.03998826336663392,0.3477177212029838,0.039322519388362905,0.3548822192278875,0.037862031800164814,0.3441582113031055,0.038951892761308525,0.33653496981054676,0.0386433423572837,0.34653779828400705,0.03800018162833235,0.3551556946664924,0.0365252163063,0.34471154774738727,0.03735628861493185,0.3368263681289335,0.037435536572383854,0.34658927244840493,0.03709650566793857,0.354823320488894,0.034996354176989014,0.3470281016051911,0.03586534068093117,0.3433989782012323,0.03639636783427796,0.3503187683083405,0.036452639527361885,0.3560904767478721,0.07578991545510622,0.5610722449227553,0.07204796207452645,0.5698228528703891,0.07101116822222585,0.5849440488649537,0.07075451260010489,0.5992905781667217,0.07025570596252105,0.610594070891796,0.07518959672553359,0.5942817826473761,0.0740006422265451,0.614194318544995,0.07224665973386864,0.6207766043748572,0.07078252751893965,0.6237552224850884,0.07724282154788342,0.5950644583565002,0.07602317828408985,0.6161041009573134,0.07388254960225794,0.6210812067471896,0.07215102607209098,0.6215492796365668,0.0781210926124562,0.5941826007208534,0.07691317261805511,0.6122136671611718,0.07488345479834384,0.6170352681583506,0.07322300316898094,0.6182477899383799,0.07808974546346746,0.5929129335270267,0.0771233181003456,0.6069706187372367,0.07549819079789713,0.6118083243510313,0.07406348432505358,0.6133433280911947
0.284447142367902,0.2920588685430908,0.2964133327362947,0.2806933464857897,0.3023882743526437,0.2810936959425778,0.3071966258393746,0.2813422937600925,0.2744819919258451,0.280541251257899,0.2671540016577008,0.2805725865397898,0.26062190252918527,0.280751710738902,0.31696465335386503,0.28826466525491384,0.25142890117282946,0.2869374053324895,0.2971425048006108,0.30619666971731674,0.27158036869383106,0.30567856098845236,0.3746080180251409,0.370043589300516,0.2068935102795412,0.3605659721653157,0.3958053070516704,0.48245036917989365,0.1584004893430648,0.46986952837165946,0.39823129070555696,0.5919800066963701,0.1856076587783079,0.3966807549688786,0.40765259196164,0.625114685081404,0.19064583618616948,0.37984995202467514,0.3910908946034251,0.6261680819699937,0.19628851325857377,0.3735960207317071,0.38550434317868415,0.616607018612624,0.1989808231362289,0.3775199172699319,,,,,,,,,,,,,,,,,,,,,,,,,,,,,,,,,,,,,,,,,,,0.40022179043754824,0.593776471234474,0.3808666576670486,0.603084744993199,0.37538664382958903,0.6189273870742694,0.37407238451253666,0.6339134856385108,0.3713847769101363,0.6457967041183356,0.39711974381307197,0.6285246417659867,0.39111023603749184,0.6495842417873384,0.381875428792456,0.6567219975333429,0.3742086262838802,0.6601253115046593,0.407965497327083,0.6294006094926425,0.4016980564454532,0.6517795439923147,0.3904588733203158,0.6569873395694702,0.38137290639541926,0.657405922128879,0.4126197916298071,0.6285731106669229,0.40627573027817715,0.6477794394987899,0.39565075302348574,0.6527251456787279,0.3869968630889791,0.6538742892619838,0.41248273361445714,0.627328953378051,0.407428195837596,0.6422989261831907,0.3988167505914267,0.6474410734285488,0.39128856760847414,0.6491062871148736
0.15097732897827207,0.0033790121426961212,0.15734874233056437,0.003247636458676766,0.16050518658524915,0.0032521847093462623,0.16306630977407646,0.003255282236309642,0.14569005139243354,0.0032455988211790424,0.14178357225599367,0.0032458314669167538,0.13830967991492615,0.003247779278782263,0.168217211390891,0.0033356520646561356,0.13342298261554292,0.003319224572855567,0.15767037009046453,0.003542640793100121,0.14409547770450618,0.0035365207263530567,0.19876520252396546,0.004281736693854396,0.10978464135059675,0.004174918913726656,0.21003422362971008,0.005581130441954112,0.0840586473004976,0.005435390870923821,0.2113324264587445,0.0068480285089815495,0.09856112596958892,0.004592081868403655,0.21628805071644855,0.007231418085835421,0.101197530350125,0.004397676412668304,0.2074993834329111,0.007243406495581456,0.10418838798955943,0.004324911291237892,0.2045512262418437,0.00713285101525308,0.10562174300933572,0.004370719713943543,0.10184853332781905,0.0045685157560795275,0.10578648239346768,0.0044733747781949195,0.1059724966923504,0.004337096575452172,0.10313649407400002,0.004242262435567871,0.10039300909377816,0.004168541293839438,0.10794394702277622,0.004212992263111949,0.11143333427963124,0.004149160155070452,0.11059607224739805,0.004251462806074498,0.10859721869713175,0.004343000954692975,0.10549847088160953,0.004205525076854037,0.1082060897444861,0.004115400290838012,0.10737795898097337,0.004238762150607542,0.10580680652663,0.004345130007657112,0.10284601617821945,0.004215098528452575,0.10461719989961538,0.004125019052711207,0.10475898873411799,0.004242889625159173,0.10394694594817562,0.004344267522604434,0.09975138214046099,0.0042461744875856074,0.1021126717494967,0.004189834208232099,0.10360855242581038,0.004261767581404338,0.1039420884897635,0.0043279409852754695,0.21195032152706755,0.006867846852155118,0.20185763376081609,0.00697859841203464,0.1990089791577644,0.007159120375659363,0.19826322749999672,0.007332417602741443,0.1969906675328123,0.007470886861982067,0.21088623689708239,0.00727451266156426,0.2074653435693099,0.00751368042910266,0.20267440221366326,0.007593690424975564,0.19865690755967663,0.007631169176370624,0.2165687477996512,0.007281526480103238,0.21319384970792837,0.007536535885540065,0.20728989141836981,0.007596863734035737,0.20244851157014151,0.007601923646344779,0.21892034131922086,0.007267125231988638,0.21554342870017207,0.007483224505307035,0.20995138325368942,0.007539706544876575,0.20531983431244977,0.007552358975372843,0.2187998838815436,0.007247135716666366,0.21623866655592533,0.007413281339578932,0.21178978064381118,0.007469445942253508,0.20781046787222682,0.007485307188107049
0.37419780667803854,0.30762273274894797,0.3900594354114206,0.29566732829491393,0.3978375625812405,0.2960768055528081,0.4042057671969819,0.2963693444420482,0.3611087302486507,0.29547136969199617,0.3513745279244131,0.29548622819758424,0.3427552977661628,0.2956560879319204,0.41689758873538857,0.30370375365819774,0.33064379251552073,0.30215207702512326,0.390689469775356,0.3225271646270005,0.3570039806944607,0.32197276869772157,0.4924908919632955,0.38986588783110643,0.27206183687248725,0.38031401550259436,0.5205105725139412,0.5080759853651977,0.20837449709251574,0.4947944592874299,0.5236947681015046,0.6233926060245712,0.2444396910519007,0.41830407856766416,0.5359790973026639,0.6582880476076203,0.2509149574348564,0.400682686931604,0.5140634999180824,0.6593814020577748,0.25829965418109285,0.3940468445666486,0.5067796618395004,0.6493259566429612,0.26186251868088123,0.3981928259237774,,,,,,,,,,,,,,,,,,,,,,,,,,,,,,,,,,,,,,,,,,,0.5253898933157943,0.6251418091223544,0.5002980291175229,0.6352227745029346,0.49313937238644817,0.6518175061173319,0.49142824970487264,0.6677152387423261,0.48830505903628824,0.6803396618830325,0.5224078348221567,0.6622109342923725,0.5139700336660687,0.6840630683060751,0.5020335910785669,0.6912247232738129,0.49192016016394857,0.6945690930786563,0.5366450210283382,0.662799389003941,0.5283070757832089,0.6858901338324918,0.5136641695539401,0.6913619232409961,0.5015497959527497,0.6919210951184998,0.5425558753111226,0.6614265209778863,0.5339838913171886,0.6808252166192136,0.5201254673029249,0.6859292097725124,0.5086425505809824,0.687135594997319,0.5422868566775823,0.6595449903449473,0.5357789657221297,0.6744088990259415,0.5248358119415816,0.6793957126010799,0.5150721332344734,0.6807992142344345
0.2100618357278586,0.250499242157831,0.2189958862909841,0.24076235885709668,0.2233584882507911,0.24109146101910212,0.22694235842535815,0.24133654461877185,0.202726539069859,0.24059931021181596,0.1972564269454227,0.24060767671662078,0.19241811583377982,0.2407399696188866,0.2340720409953638,0.24732464457646905,0.18562126869664688,0.2460192145110433,0.2193137237132374,0.26264585559949627,0.20037539805259683,0.2621972852479892,0.27648421636573106,0.31755644429383206,0.152747697207513,0.30985788509561585,0.2922071308317157,0.41371423555051917,0.11767902421299728,0.40287061685363224,0.2939656933822807,0.5075763639430508,0.13726383480258741,0.3406083450358752,0.30081405201138384,0.5359937670634074,0.14083858315045136,0.326315801670505,0.288505161138973,0.5368815985568499,0.14502425831657303,0.3209202112983865,0.28443635528771266,0.5286931471148513,0.1470298299879323,0.3242947212093452,,,,,,,,,,,,,,,,,,,,,,,,,,,,,,,,,,,,,,,,,,,0.295186892655331,0.5090655232395777,0.2810031457573431,0.5169510914958959,0.2769014646855977,0.5305187734543736,0.2758548495850277,0.5435210682289991,0.2740246211477684,0.5538254205199457,0.2931419283033746,0.5391590161558325,0.2884051744015104,0.5570925602859091,0.28161576083334067,0.5629356801063549,0.2759266463444151,0.5656131187613573,0.30105943831078474,0.5395833511389613,0.29637466704258564,0.5585028073375868,0.2879864079584049,0.5629454606683097,0.28122081322036363,0.5633689315054023,0.30441540677773754,0.5384745339364487,0.29968040656995976,0.5544503159421983,0.2918259510260437,0.5586443308906937,0.2854556965190585,0.5596630019498866,0.3043147133277327,0.5370433509830764,0.30079347882404206,0.549506182954935,0.29462099913073936,0.5537342531131288,0.28921723946166106,0.5550231662054539
0.11856428914095087,0.15204573464096002,0.12360572551860362,0.14613234128639224,0.12605697971739188,0.14632935029938615,0.12808406725833654,0.1464795744396791,0.11442320470729954,0.14603695974464628,0.11133038496506319,0.14604249049138088,0.10859945127487156,0.14611992094566503,0.13209370978757307,0.15011683903842352,0.10474810159401503,0.14931979168357865,0.12378435037129493,0.15941883986322253,0.11307024049448447,0.15915559300625434,0.15602678226986602,0.19276604818972248,0.0861973477098053,0.18815901959780545,0.16487613580064717,0.2511221966364242,0.06679865917665957,0.24451846119590806,0.16584764237702052,0.3080646433068008,0.07748683356648906,0.20676663292037886,0.16969124758709908,0.3253065793758802,0.079504426932581,0.19812447163649846,0.16275073999194314,0.3258462801315879,0.08186365555630015,0.19486981789860178,0.16046376602552054,0.3208787875051871,0.08297950902747908,0.1969043698353093,,,,,,,,,,,,,,,,,,,,,,,,,,,,,,,,,,,,,,,,,,,0.1665602370466411,0.30900465569684943,0.15851695815591976,0.3137608833337595,0.15625343170064193,0.3219613596602047,0.15557534385315316,0.32985044540972275,0.1545265254579171,0.33615122942996706,0.16533411530516678,0.32720751133221126,0.1625664673602765,0.33813202346199145,0.1586661185826102,0.3416103625301062,0.15544354757829287,0.3431399477541761,0.16981081808158918,0.3274991628647581,0.16716152986550017,0.3391130635034635,0.1623460341777323,0.3416052847324576,0.15852739731862717,0.34158833490087015,0.1716874458375432,0.32681337410909556,0.16889497719603178,0.33652367277580486,0.1643730921878065,0.3388297080910185,0.16083897050014245,0.3392167411653113,0.17162919619556202,0.3258931007634272,0.16955964326289674,0.33336420986424947,0.165988962357604,0.3356955864888547,0.16297684310161556,0.3362282069351652
0.18122028065016488,0.2925888375357887,0.18893323276153579,0.28120690404220366,0.19267315764615214,0.28158244314366215,0.19577519540529478,0.2818746998608664,0.1749007537661992,0.2810278159517995,0.170172684759945,0.28103930713178055,0.1659988612693433,0.2811853896174087,0.20189383578497114,0.28887888370192727,0.16009847867907084,0.2873399142344771,0.18920085207279771,0.3067822338584446,0.1728034305298849,0.3062841909799819,0.23845969158773514,0.37098024530472784,0.13175572676728292,0.36216279454832434,0.25196243662751916,0.4832292565954147,0.10244996269699697,0.47051831423626994,0.25343518320357744,0.5928042404870643,0.11846350139898813,0.3978811664499673,0.25927292764694,0.6259695290855588,0.12153396628343228,0.3812970083425788,0.24866967569388473,0.6270123594029663,0.12514687774571737,0.3750299802568331,0.24518935000123393,0.6174583033669353,0.126839619239691,0.37895436730754756,,,,,,,,,,,,,,,,,,,,,,,,,,,,,,,,,,,,,,,,,,,0.25451739170610527,0.594556817457836,0.24221870232586698,0.6038053594871834,0.2387063863964727,0.6196591051664313,0.2377038150841455,0.6347529191587847,0.23609327135291858,0.6468079238630398,0.2525739058635524,0.6296593676203315,0.2483511269330823,0.6507504307384749,0.24246781106643217,0.6574686195232794,0.23762210236377537,0.6603853608276263,0.2594108601627719,0.6302540648549627,0.2553553418918336,0.6526572326477555,0.24810143162964313,0.6574911431535019,0.24238032295776418,0.6574411416118675,0.26228982354891067,0.6289667774592345,0.2581062315304458,0.6478124502471768,0.251235324264866,0.6523193781944188,0.24585221116907363,0.6530610983106445,0.26222015792756803,0.6272169528669014,0.25908308431675925,0.6417079501082298,0.2536151452053424,0.6462675402295966,0.24899386448232175,0.6473210589499407
0.30064798137446674,0.11823942281625018,0.31344946384137434,0.11363980445465445,0.3196578851619988,0.11379123763596413,0.32479792904684307,0.11390928470397492,0.29016112958525503,0.11356774902856182,0.2823185783700379,0.11357268001475698,0.2753872407353847,0.11363167574244924,0.33493937584425176,0.11673933710424725,0.2656029862189202,0.11611848701343645,0.31388274962221907,0.12397917416637215,0.2866688364624555,0.12378042390888509,0.39557599768405866,0.14994001936965376,0.21859550164356167,0.14637502757579543,0.4179373832641097,0.19528136431138346,0.17021159847619935,0.1901725103998835,0.4203766411369954,0.2395525184108816,0.1965706151035181,0.16079467713876713,0.43005112418458447,0.25294689359609884,0.20163067381204705,0.15410936284186533,0.41246845530224274,0.25337399856578613,0.20766176191603591,0.15157817269512155,0.40670574319101827,0.24951661412058765,0.21046281472562584,0.15316510679180262,,,,,,,,,,,,,,,,,,,,,,,,,,,,,,,,,,,,,,,,,,,0.4219587572795047,0.240231159289149,0.40163653530091775,0.24405167256313617,0.3958087872896062,0.25046581042561655,0.3941840498063609,0.2565880746879352,0.3915445951179022,0.26145809090718475,0.41883808183436033,0.2543847024354601,0.4120315023647763,0.26300523416977584,0.402201689040282,0.26569058251651606,0.39412036102503284,0.2668046146457837,0.43021951402945896,0.25465509102434286,0.4232064886100589,0.2637450118618465,0.4112298918632429,0.2656822035474927,0.4018975021405076,0.26566259082796456,0.4350653247253593,0.25418184611240074,0.4280862392146928,0.26190069326205684,0.41664841513154405,0.2637365587426548,0.40760389720361306,0.26402691226436537,0.43500099980461726,0.2535234296925504,0.4298447156547339,0.25948451002642153,0.42076307712099953,0.261391337218129,0.413007302805841,0.2618586686541453
0.4542704181995413,0.04165390563673231,0.4736151397622612,0.04003361637851066,0.48299641918116093,0.04008688787097363,0.4907608311592161,0.04012852224427399,0.43842415628821507,0.040008676895860816,0.42658415300463454,0.04001062947646105,0.41610352808950807,0.04003145156088866,0.5060795372487896,0.04112539953550342,0.40133442408694137,0.040907856588194465,0.47429125349449514,0.04367646568082208,0.43315320517483724,0.043607348245795645,0.597731910500659,0.05282491311733071,0.33038281556201526,0.051573736691807606,0.6314309271058576,0.06879424702005739,0.25723627521550596,0.06699572437614258,0.6351939419403001,0.0843890838001026,0.2970174889665467,0.05664793532519572,0.6497362237907337,0.08910740013021048,0.30463944815372945,0.054300659168175655,0.6231409660814767,0.08925834963045953,0.31381988044327613,0.053409351836757005,0.6144639517796738,0.08789973229414917,0.3180698916242924,0.05397053590896778,,,,,,,,,,,,,,,,,,,,,,,,,,,,,,,,,,,,,,,,,,,0.6370249125340928,0.08460538271194551,0.6064049677804932,0.08596517551483795,0.5976767383086385,0.08820823349861663,0.5953182401575358,0.09035795290540809,0.5912626883418375,0.09207725563206046,0.6325907302448772,0.08961065002584935,0.6225277407341021,0.0926386780627726,0.6075882304068986,0.09358432786731789,0.5952235542747139,0.09399245639498673,0.6498513166011369,0.08968322855692303,0.6396650941204801,0.09287842753292806,0.6215170607944165,0.0935643710569021,0.6073074514337782,0.09357841135218808,0.6572508346247947,0.08949584612299934,0.6470677777617129,0.09219255584302292,0.6298814138318085,0.09285272399699986,0.6162334189462962,0.09298148983069707,0.6572292405906227,0.08924519093511012,0.6498645443602894,0.09132450642400475,0.6362673689426319,0.09199921771175,0.6245411300406509,0.09217127336751733
0.43850348883291573,0.037852320862838525,0.45720194262879044,0.03637928899813546,0.466269566799955,0.03642734951073254,0.47375732928688313,0.036465232991707945,0.4232244538478845,0.03635739502835809,0.41180805777630786,0.03635935922513172,0.4016821726313477,0.03637857986969301,0.4885747835187397,0.03737175727577228,0.3874607984205394,0.03717671134932491,0.4578519314841831,0.039690871351313654,0.4181405724948582,0.03962935816776243,0.5771044933041608,0.048009131939184053,0.3190601453942282,0.046875561936824,0.6095084497781421,0.06251580215690061,0.24838915563893213,0.06087907437044834,0.6132102079243249,0.0766842537123469,0.2868391406627134,0.051473426140915116,0.6272146099896164,0.08096918161173283,0.2941270639737443,0.04934387485641677,0.6015028787508004,0.08110837254684546,0.3031431528270563,0.04854022760366979,0.593163978706242,0.07987396091949238,0.3072684881807449,0.04904797543671792,0.2983230591862143,0.05114926246371536,0.29034700706512806,0.04990674481584029,0.2862119321092831,0.0483605065659472,0.28530041993100297,0.04723892647168722,0.2838125524721762,0.04631482529685704,0.29801649361357857,0.047117348032115786,0.30990287323234716,0.04628338331315589,0.3093988965639036,0.04736410692769851,0.3051482013449252,0.048392085034620544,0.3059585253316145,0.04711322974643331,0.315446671148824,0.04603703090542511,0.3125800088626021,0.04736278064981662,0.30703015438680115,0.0485759926005117,0.3132091544237442,0.04726910745292796,0.31895846613025974,0.04621958845691747,0.316091558307849,0.047464272061959835,0.31146783905446207,0.04858803294871018,0.31866161287798156,0.047649179528625484,0.3260472595921612,0.0468466478921729,0.32601012906405247,0.047605059277834115,0.32429535888496125,0.04836613212045295,0.6151212433636761,0.07688519519617976,0.5852747372688015,0.07811317422745243,0.576854592027544,0.08015007001822429,0.5748061108860535,0.08210734166304878,0.5708698929613504,0.08366823127799955,0.6105756591819301,0.08143334326561988,0.6008887108971761,0.08417894024153119,0.5863144466194422,0.08503553179522781,0.5743477221033333,0.08541082392983422,0.627327065564094,0.08149367555745524,0.6173929987461964,0.0843962717902848,0.5995084155708493,0.08497921097474886,0.5857702292978316,0.08496089825195907,0.634463111101443,0.08131236417310023,0.624398691849083,0.08375383702620619,0.607515459815324,0.08431117044306234,0.5944821806585973,0.0843930554922446,0.6345162014818247,0.08106891652162532,0.6273602947949803,0.08296509037194437,0.6140397928609368,0.08355060496849229,0.6028815371692018,0.08367205285722075
0.19818908015906872,0.1518243973343453,0.20663538475955415,0.1459128761888796,0.2107389132759829,0.14610257389138373,0.21412252926720995,0.1462546081330996,0.19127526188479274,0.14582994517521977,0.18612600229646173,0.1458388939659031,0.18155278121940802,0.14591727918429562,0.22083465269420197,0.14988931654897417,0.17514863694767277,0.14912593234373986,0.2069590334839367,0.15919961695594223,0.18900900575903273,0.15896421140102493,0.2608803509390647,0.19256822941559967,0.14426211623449967,0.188022350848352,0.27544158468766466,0.2507356425570175,0.11228429818074694,0.24416125640166614,0.27711747654343444,0.307557512199292,0.12964224796917093,0.2064099975048187,0.28343770047131506,0.324739761510708,0.13293221640172015,0.1979117760523884,0.2718183759298046,0.3252988229286644,0.13706884703703384,0.19469144900509794,0.26805642182895345,0.3203491182818435,0.13893530107217208,0.1967209085922105,,,,,,,,,,,,,,,,,,,,,,,,,,,,,,,,,,,,,,,,,,,0.27783558910239514,0.3082854106414708,0.26445007850820124,0.31321141051297097,0.2607972566071152,0.32136999441900077,0.2597739388134747,0.32927534658867225,0.25791198469393906,0.33553221727459165,0.27598482929345447,0.3265670760082755,0.271570424415833,0.3374481152799342,0.265043746825812,0.3409352162494841,0.2595492389182059,0.34252805339116793,0.283493425453572,0.3268304465340782,0.2790912258264891,0.33831690957542515,0.2712354087813529,0.3410195395616944,0.26488354983035917,0.34132010944876856,0.28673316743087457,0.32615683583538,0.28245173814144414,0.3359018308897838,0.2750247322318966,0.33855393352865754,0.2689190494857052,0.3392558661978695,0.2867246853981771,0.32526595516288337,0.2835487312656084,0.3328584090583159,0.277679287924286,0.335471693937603,0.27243174524777963,0.33624842992893667
0.3775455918981189,0.11606319688666475,0.3936340545884906,0.111543345455771,0.4014543791565952,0.11168758335598183,0.4079035329968043,0.1118037487183489,0.36436211771102583,0.11147914066895921,0.3545705870030804,0.11148646354419064,0.34585867391365366,0.11154674763631332,0.4207249666432289,0.11458277532031069,0.3336794695212901,0.11400319476177562,0.39429213294852156,0.12170021888547546,0.3600778343455323,0.12151976686564181,0.49696437895372997,0.14722194002904798,0.2749053258667344,0.1437328492383402,0.5246117942093493,0.19167208377955045,0.21414861167635346,0.18655596837002913,0.5277645218490565,0.23507466521216203,0.24698746616287454,0.15778574699987447,0.5398032209819765,0.24820082354875442,0.2531849362002802,0.15129280369249057,0.5176877307138084,0.24864186986269374,0.26112735758474626,0.14883192645493173,0.5105282082039458,0.24486821486951402,0.26473130340137985,0.15038312065395734,0.25715735612059837,0.1566724334494707,0.26692956265933887,0.15323277434076,0.2672231820225311,0.14842456536705706,0.2600326891855953,0.14502525029766491,0.2522892621316414,0.14253207053843298,0.27175259822702713,0.1447285783350277,0.280622180570659,0.14215770332442718,0.2791096123373542,0.14558701944041966,0.2742476701495293,0.14875981660156573,0.26484271674630966,0.14448383056098807,0.2719249895396666,0.14108460645899012,0.27007968400161997,0.14531024204688947,0.2657889905532675,0.14898560677065836,0.2571230750913892,0.14477154223529862,0.262130805573981,0.1415423179995431,0.2626004556741465,0.14559630721136538,0.2602366847895468,0.14902406778491742,0.2479165994552278,0.14571350050528667,0.25460825635685624,0.14361314524433957,0.25876149696617423,0.14606654496209684,0.2594481506772651,0.14825524775627097,0.5299998797550639,0.23546313237226565,0.5038710671330965,0.23916132081523414,0.4964595086180756,0.24551672142261882,0.49459180301025807,0.25162438142869537,0.4910955137134354,0.2564325722089195,0.5256688239168411,0.24946403317128696,0.5173463292311363,0.2578484796993215,0.5048695373290488,0.26053145382976933,0.4943907659060876,0.2617603687446962,0.5399109009819445,0.24970456915497607,0.5314015512068927,0.25853108083176474,0.5162791091355097,0.260649329379147,0.5040384806524535,0.2609386602730739,0.5459690162875993,0.24924205453601045,0.5374402249425576,0.2567610008888647,0.5231264864383129,0.2588266338954536,0.5114234126694448,0.2593768956628446,0.5457750232305266,0.2486270421774425,0.5393280295647608,0.2545467817406233,0.5279218389009068,0.2565889087725562,0.5178400699723762,0.25723172076678535
0.2395885220483425,0.030021795312937558,0.24978737906549378,0.028852635377480187,0.2547469296874993,0.028889630967370877,0.2588549396029545,0.028919668854577175,0.23120119611867337,0.028836030538845155,0.22499847351851834,0.028837807023636062,0.21946777844325638,0.02885313891091761,0.266984896775085,0.029638964016976518,0.2117287524830223,0.029488268694547633,0.2502243056893515,0.03148007755987548,0.22849898056083448,0.03143343953995413,0.3153069497111236,0.03808382447328391,0.17446971324022256,0.037178334881117325,0.3328049568769672,0.049578405782145785,0.13597231306786903,0.04824796691023368,0.3347841597107085,0.06079861783865162,0.1567949335519837,0.040811940401724055,0.34242907977302434,0.06419453204719462,0.1606477493634451,0.039134708169026505,0.32840080681234923,0.06430990708724425,0.16573125523750434,0.03849814778572381,0.32386206654615024,0.0633338804605586,0.1680458462484259,0.03889973217278889,0.16406173200547525,0.04056134075116639,0.15975685636466627,0.03964573813697155,0.1570247169782554,0.0384139400536747,0.15628269837797173,0.037493989169422114,0.15558463459009023,0.03676072683653424,0.16372805674033375,0.037404736691158826,0.1702667931029353,0.03667756852463976,0.16978981412714625,0.037576072178602093,0.16737156959555158,0.0383961963824055,0.16752224627540924,0.037375392927148976,0.17235922686987928,0.036474872786476965,0.17055155355820606,0.037591109945885146,0.16776653732190444,0.03856209888523657,0.17093372657637412,0.03746303833374049,0.17370646942554616,0.036615796266075855,0.17185816286133718,0.03767492238065628,0.16949817223394606,0.03858510142207886,0.1733642147053238,0.03771162385054847,0.17700370594097245,0.03703834552663366,0.17671476002237232,0.03770036023108611,0.17577103485836462,0.038336118255032914,0.33586231123253707,0.060916317603169345,0.31931987066609924,0.06189461718920336,0.3147954890712509,0.06353556677888657,0.31360428535486723,0.06508652976679025,0.31126680090217607,0.06630935366069302,0.33342863559770664,0.06453631830912569,0.32795905424500854,0.06669021788210412,0.3200167726527719,0.0673945764544999,0.31344919978837077,0.06772858853663075,0.3425014987150437,0.06458749518886382,0.3368635157666091,0.06686948990358678,0.32713754163124126,0.06738158811536636,0.3194244327748973,0.06741948959485242,0.34633049760172335,0.06445068468332388,0.34069832365933306,0.06638828605644911,0.3315065695516219,0.06687996528145318,0.3242029211469671,0.06698967909977177,0.34622387999847887,0.06426833499017698,0.3420850674561014,0.06577453056134973,0.33479014745540037,0.0662687462772208,0.3285039985915163,0.06640158969222104
0.15715641471357955,0.23663696958464872,0.1638178429994318,0.2274199934453212,0.16706640891482924,0.2277106273402051,0.1697638629576217,0.2279495179789646,0.15163108703947284,0.22729067239695,0.1475749157664442,0.22730398840336483,0.14395496408156083,0.2274227753408118,0.17508207202049975,0.23363120569097703,0.13884639315472155,0.23242879627607674,0.16412653361666685,0.2481311311886699,0.14987044700842855,0.24776507083405191,0.20676304573125467,0.30020914207047317,0.11439584041609539,0.2930436283957352,0.21820364148902824,0.39079036695475794,0.08916130530633254,0.3802900838796646,0.21947545464451673,0.4791955931863257,0.1028407722946638,0.3217872668164402,0.22449425041019686,0.5059771978094778,0.10535632250552847,0.3085383782668227,0.215295797358994,0.5068924043339326,0.10866695857477425,0.30347621868055824,0.2123324650895378,0.4991982748780781,0.110182775012839,0.3066274571624163,0.10708651339565092,0.3198888271498015,0.10492973179902168,0.31299766400834267,0.10352034087018273,0.3033343049185997,0.10280019622650145,0.2961812170437196,0.10213322527503292,0.2903089694906037,0.10729530192448627,0.2944179033140424,0.11150520327333001,0.28935591064150734,0.1112112489465539,0.2966669916342814,0.10958921207686417,0.30332074781457574,0.10947191745479487,0.2940694430848947,0.11257947787122816,0.287846991981457,0.11152535947181065,0.29698937622969757,0.10974217067027615,0.30489988151680786,0.11140696133693695,0.2947755067063691,0.11309938865170831,0.2888397577521886,0.1120849088228494,0.297425447620828,0.11072259785179882,0.304768093854435,0.11278940897526808,0.29688611226908795,0.11491455002777073,0.2924490816914925,0.11491730392698175,0.2978766339774572,0.11456111343115664,0.30290216527309594,0.22027347994850963,0.48023079213627334,0.20935780472403623,0.48771486993662044,0.2063821482673307,0.5005804689255484,0.205635157989142,0.5127925821177737,0.2041677203336708,0.5224595947635943,0.21845325022602693,0.5085502656785476,0.21498593486975426,0.5255714601512759,0.20982262775469598,0.5311089158550878,0.20549011929736172,0.5336554258952076,0.22434850859521374,0.5091714814875598,0.22072822487992905,0.5271135204596038,0.21441286992826145,0.5313417048697379,0.2093140353046611,0.5317720826480977,0.22681453744828026,0.5083628030144236,0.22312228126070763,0.5236381540611554,0.21714799965600465,0.527577095524151,0.21234168381597468,0.5284764637902795,0.22668899089417796,0.5072154380382965,0.22394110729278374,0.5191308898954082,0.21925213490282325,0.5231307363236771,0.2151568524016381,0.5243097407245169
0.14071711837855078,0.05525849081482356,0.14663000297758438,0.05310641344016108,0.1495324696726473,0.05317381621407255,0.15195231040280863,0.05322972102057623,0.13571962577747418,0.05307604668028783,0.13209069480728047,0.05307898721507875,0.12884989535702085,0.053106118953613536,0.15669786442081665,0.05455658645943611,0.12425148318835699,0.054274901415340894,0.14695581395178994,0.057942341603398784,0.13418678676861928,0.057857325935533443,0.1850181134699652,0.0701038131869213,0.1023606662340632,0.06842996897341729,0.19524672207517477,0.09127159283809994,0.079779342526466,0.08882175058770941,0.1963659753086683,0.11191788012042275,0.09206096397208874,0.07518273605872833,0.20084485820854073,0.11816918858348002,0.094310733925257,0.07207253370957671,0.19263165340997884,0.11839312828014942,0.09724942902505779,0.07088227971398575,0.18998954888268474,0.11658971864709493,0.09859866184955376,0.07161423468927629,0.09570912762892694,0.07474944241086204,0.10158352064019636,0.07327905375623497,0.10214183653318272,0.07085626529205782,0.09750266085556997,0.0692245413162217,0.09327317373467092,0.06803867430405224,0.10271186155842879,0.06892118552677483,0.10562321496058732,0.06786689337177439,0.10532048146272348,0.0695274467144782,0.10381781531483333,0.07106188619319614,0.09875148350185974,0.06879647913525884,0.1014437188439105,0.06736628356368707,0.10118857335670813,0.06939391438790493,0.09990087464368444,0.07114403061722294,0.09440444193596828,0.0689705293462266,0.09658192984282886,0.06738443346252175,0.0974240873352123,0.06932875923926074,0.09685421959681748,0.07096862057131505,0.08952929229068882,0.06951595740843945,0.09193764234255049,0.06883424703498141,0.09383743157537117,0.0700591551681231,0.09412680442903718,0.07103555996198259,0.196980250368066,0.11213381671209417,0.18741565441988264,0.1138691393230826,0.18464969523538777,0.11685283371595677,0.18385046831523713,0.119712783129279,0.1825487273816602,0.12200666876863765,0.1953154214765373,0.1187495349549995,0.19223123603933046,0.12273676154958342,0.18768325178280898,0.12401900794580581,0.18391497340056634,0.12459923305815863,0.20062759263801433,0.11888348302728695,0.1976382162194775,0.1231377309681722,0.1920573117344818,0.12409639727822666,0.1875581737834318,0.12413345927637202,0.2028741731633656,0.11866756375835362,0.1998554889615459,0.12227219169809411,0.19460918603810892,0.12318655510548124,0.19040766976225712,0.12339292954572652,0.20279883276161695,0.11836880715586988,0.2005368381248432,0.12115838294569804,0.19639419956030923,0.12208605887730799,0.19275970238321297,0.12235920381152442
0.24627286137225624,0.18559792341044581,0.2565880726934096,0.1783774861680205,0.26165871265344415,0.17860243980692342,0.2659002052066573,0.17879092666453117,0.23748837784575733,0.1782693658707062,0.2311350052677067,0.17827825346678572,0.22546830860253245,0.17836394385713664,0.2741461556580288,0.18324943069387326,0.21737874048839878,0.18229259588190852,0.25718183640240216,0.19462444818088556,0.2347856691469957,0.19432318631115916,0.3236862762713529,0.2354700651523142,0.17895685373361256,0.22984709693876682,0.3415435493732565,0.30656187346243036,0.1395105174468289,0.2983383597256561,0.34351729931018765,0.37590379992579437,0.16105573854537478,0.2530776584864195,0.35132840597220744,0.3969079968365531,0.16496765111903283,0.2427541119817374,0.33697483098319936,0.3976670062693339,0.17013312939971484,0.2387201033965663,0.3323620564938343,0.39160712034148143,0.17249332562065126,0.24100860847609806,0.16737243847171146,0.2514717527869587,0.1654871676127796,0.2462894260595598,0.1633236034547846,0.23877177073089434,0.16107585576490607,0.2334055827687245,0.15933041181102942,0.22878653471658436,0.16840289565361452,0.23063850027738897,0.17446696855109556,0.22763507464186367,0.17418181155023188,0.23363865306656748,0.17201165884997402,0.2390990553655737,0.170428497876754,0.23032212513053227,0.17515164191400343,0.2267834509304605,0.17413228283345275,0.23399495693885503,0.1719328715023568,0.24020473922939056,0.17223036482249232,0.2310762471127685,0.1751085182997954,0.22721996135722017,0.17470064014513448,0.2338952587661398,0.17339162979127165,0.23959273150852398,0.1735048273677376,0.23313110005510676,0.1766511696744152,0.2301690141054374,0.17713031414933053,0.2345155286057841,0.17682390871750298,0.2385462643446084,0.34498558117643385,0.3765478960868433,0.32804330525710207,0.3823773154479464,0.32303115198546173,0.39249768365141957,0.32170286517732155,0.40214600558979874,0.3192895631656164,0.4098193902206365,0.3416201354445724,0.3987885888934043,0.3362680072775097,0.4122650355627656,0.3282767322648853,0.4166375000981465,0.32166394538938337,0.4186997424002366,0.35090151123616586,0.39930569861619764,0.34526728339643575,0.4135200048579476,0.33551911473583973,0.4167484277703271,0.32773558517415013,0.41704347850498646,0.3549190239257222,0.3986842069139172,0.349233585838705,0.41081145540527647,0.3400326177786727,0.41389258568606657,0.3326397841871811,0.4146303579825526,0.3548795843919907,0.3977916071662522,0.3506573835796958,0.40729478927863894,0.34329600989534353,0.41049964769732156,0.33692472137406293,0.41151841930815136
0.36410607570099834,0.3161537454846493,0.3793390430516138,0.30386970627996085,0.38682261218008884,0.3042510790570929,0.39308592070231757,0.30457275935029865,0.35110792551963477,0.3036746711861523,0.3417104547014938,0.3036872836703028,0.3333400806203476,0.3038237165538639,0.4052305030408088,0.31216787836677906,0.32133669386250363,0.310518269511473,0.380211884351086,0.3315479142534816,0.34708969225493014,0.330998118971888,0.4784711745737515,0.40112786716440113,0.26445430648263335,0.3916162452517797,0.5048038227382893,0.5222281576406211,0.20646250911560068,0.5082925272648465,0.5077489334382221,0.6403365141310822,0.23814285234188287,0.43222740350058453,0.5192451322941958,0.6761215263818058,0.24408382190531608,0.4148504729306634,0.49801436918630365,0.6774212812808824,0.2520014392181779,0.4078215528588564,0.49124678750534806,0.667098966551067,0.25534044695082364,0.41142255336803224,0.24652395900437124,0.43016311896304166,0.2529334339870267,0.4224006677157787,0.2526255331745,0.4094401632511522,0.24578171627365258,0.40121132265874077,0.23842092787573232,0.39442052827001084,0.25359978042147496,0.39315519132866517,0.26195628122905457,0.39041169106803947,0.2649626241299082,0.40080668245014045,0.2637433802945259,0.40977802419691245,0.2489669430618456,0.39297626255056944,0.2571903598607819,0.3895284454932961,0.2601016685782138,0.4018076032453763,0.2589147806512147,0.4117831366084212,0.24452189198334268,0.3952513663713194,0.25168165348399646,0.39033581793155847,0.25597911462286305,0.40198130366560214,0.2560284619021291,0.4110463841698227,0.2402132689598802,0.3999432352542503,0.24855497010266162,0.39735358747710275,0.25351647299535135,0.40526776021838035,0.2545791793074942,0.411231111221575,0.5089418993954972,0.6416752215352366,0.4844406589111928,0.6515892287722586,0.4773719774850452,0.6686045353860062,0.47538687923999134,0.6849738548449338,0.47195254359011873,0.69790633432022,0.5048994895791376,0.679135340177987,0.4968092019786607,0.7018330540910034,0.4851615720486756,0.7091625675719059,0.4754866131642955,0.7125248229243234,0.5185637150560523,0.6801410185310949,0.5101085196899405,0.704196965658699,0.495963700517976,0.7097779775058188,0.4845692239382184,0.7102901583454861,0.5244373517933807,0.6791990716303152,0.5161738516274949,0.6998804730476657,0.5026474099001058,0.7052168175696342,0.4915884677054676,0.7064535348269055,0.524328082817863,0.6777587209845394,0.5179346728148587,0.6938610225078959,0.5070226427126142,0.699302281092523,0.4974164627284566,0.7009477023057438
0.027308035516584287,0.08834265197064697,0.02844778306574499,0.08494732010224168,0.029008086596233006,0.08505648268748947,0.02947930613763745,0.08514865919207808,0.02633131329368501,0.0848787800198428,0.02562645410174462,0.0848820497710953,0.025000106654728092,0.08491390213605084,0.030383081400433345,0.08727420532937852,0.02409420542391098,0.08680004290569178,0.02851949001900253,0.09267258542957997,0.02602471651905514,0.09246749166775448,0.03587463128108046,0.11214304664372014,0.01982043374179622,0.1097460626603882,0.03784685878139637,0.14591378574300398,0.01551705096724249,0.14207821512015667,0.0380696703940107,0.1789260533907324,0.01793194227754158,0.12085790357311658,0.03893247799893793,0.1889864960898034,0.018355574015239177,0.11660277952896281,0.037336589188338425,0.18936667394729792,0.018978652045298767,0.11465785251116774,0.03682904015674826,0.18646785934853666,0.01924328678498551,0.11553636955478809,,,,,,,,,,,,,,,,,,,,,,,,,,,,,,,,,,,,,,,,,,,0.03819717426733431,0.17929424677859382,0.036314982783215856,0.18206261769920964,0.035782186399125095,0.18689845510775943,0.0356350389200851,0.19149091772604865,0.035361962986255144,0.19510604338203752,0.03787849928394644,0.18992382016389517,0.03725069669228431,0.196207700166324,0.03635513732184134,0.19817617354960054,0.03560389984106832,0.19903413688142815,0.03890581446375547,0.19016497817364553,0.038271659378006036,0.1968141143297598,0.03720212975748881,0.19836419810149772,0.03632736591169005,0.19850777620416593,0.03934374693614241,0.18984013669963615,0.03872098568378798,0.19551510866055524,0.037709319661413235,0.19702412657334223,0.03687227438450728,0.19741657985291186,0.0393280300187712,0.18936325179238536,0.038853371660567494,0.19378187725404253,0.03804405713785067,0.19527216337151856,0.03731815509749626,0.19573850471646784
0.04806009338262778,0.23302581083540216,0.05004546357472734,0.22450429004818495,0.05102554922041496,0.22483082910066682,0.051860540900201646,0.22509853360798845,0.046323215742334736,0.2241664676582751,0.045074400394335724,0.2241678780754536,0.04397503320120572,0.22422500912973592,0.05341875681545609,0.2307644908048251,0.042370609870192165,0.22928875482556588,0.05018274263512058,0.24472014749263113,0.04575869901433639,0.2437477106408215,0.06306567988587232,0.29645327879335,0.03480892933993005,0.2910821720552445,0.06653967342577266,0.38510232129908717,0.028029233748514834,0.37427203917619795,0.06692686863737511,0.47222825978889493,0.0317770110664303,0.33496473816937505,0.06845015573715917,0.49910560915292357,0.03232051927939385,0.3196242349833451,0.0656269436882261,0.5003929353776628,0.033442467499032756,0.3124553958558396,0.06472424466780982,0.4926172505212784,0.033939988686102866,0.31807475433446714,,,,,,,,,,,,,,,,,,,,,,,,,,,,,,,,,,,,,,,,,,,0.06709483549744491,0.47405165444410113,0.06381153875619468,0.4815219931398935,0.06290573045172733,0.49414698532965734,0.06264469354702508,0.5062149176852326,0.06219053555515011,0.5157168798996751,0.06657507875987156,0.502082981499629,0.06547524398283733,0.5186397405382869,0.0639208997814396,0.5237919395400256,0.06262780691812696,0.5259726643032598,0.06837756408058727,0.5026603000532905,0.06728944570533173,0.5202820156472463,0.06542532270001719,0.5244096289957834,0.0639085817748924,0.5248052418557992,0.06915665416876593,0.5017282890548959,0.06809212942210488,0.516793632671375,0.06632022468437433,0.5208822305836757,0.06485699680123214,0.5219455019652018,0.06914122092168479,0.5003972948489418,0.0683410865795742,0.512174314923622,0.0669343142409457,0.5162478195404021,0.06567086679280976,0.517518880174823
0.4389537480329933,0.037946649567759255,0.45709772760731315,0.03659664629391514,0.46606703923042275,0.03665619590072327,0.47369927716124455,0.03669995407310532,0.42311460084683167,0.03653093731043173,0.4117078592064922,0.0365339766535073,0.40168070409828444,0.03654352503219605,0.48788072278814476,0.03763571909290604,0.38708054915816803,0.037394639715108265,0.45840444664236113,0.039876916331851676,0.41792645681408536,0.039711668115508754,0.5759928944875158,0.048351396789101476,0.31891331843080295,0.047489254401224784,0.607782978860964,0.06277498039282038,0.2597746670668033,0.060796568282663575,0.6111994009732041,0.07699768344244803,0.2901634596962226,0.05717055728005645,0.625135887780121,0.08139597448589211,0.29529086721497566,0.05527691803684331,0.5992869931744913,0.08161905688827091,0.3055137772229637,0.054037571356961085,0.591049457266775,0.08035362624932911,0.3100026489591351,0.05466698135348058,,,,,,,,,,,,,,,,,,,,,,,,,,,,,,,,,,,,,,,,,,,0.6130313426169441,0.07729599332161968,0.5829326871996904,0.07856338444144406,0.5748714585394905,0.08065209153247316,0.5727563155595673,0.08258144978103463,0.5686900426670647,0.08409959716447656,0.6083729907111839,0.08189599274416183,0.5984851515119207,0.08457806806426557,0.5842361422930996,0.08540207371960795,0.5722461614814406,0.08573010759703883,0.6247328453867705,0.0819693553732859,0.6155351122479803,0.08484216516120599,0.5987878820989089,0.0855303656758992,0.5849770026460541,0.08559722524648596,0.6318279473219193,0.08179725145092984,0.6228388888518956,0.0842407458109459,0.6069512721323995,0.08491503169303354,0.5937410667391176,0.08509525248440952,0.6317307906591411,0.08155344652653922,0.6249300962598019,0.08344532850944908,0.6122980981278132,0.08410218523832458,0.6008219161291107,0.08429406730470634
0.29485958727698625,0.295994615248123,0.3070469786705126,0.285675775813787,0.31308062292698324,0.28617569691795297,0.3182050733965359,0.2865145338893672,0.28423037272894563,0.2851092499225572,0.2765642318037127,0.2851482136062619,0.2698328617923857,0.2852293393107999,0.32771779154342084,0.2938898993077998,0.2600555482668099,0.29200972064121655,0.307951495497067,0.3111799697515735,0.2807233284232324,0.3098818417513331,0.386891570992758,0.37754049257181127,0.21460199743139027,0.3709597388383743,0.4083271034238547,0.49009245075123675,0.17569905939699818,0.47408675779260334,0.4105086862009203,0.6012252343755933,0.19487667959634658,0.4513255231437341,0.4198891340625243,0.6356035765321978,0.19855094350443217,0.43707125827311494,0.4025042512325181,0.6374284963375892,0.20520620329359343,0.42944137992493464,0.39695562238124577,0.6275669724215827,0.20821743499264422,0.43192669798355515,,,,,,,,,,,,,,,,,,,,,,,,,,,,,,,,,,,,,,,,,,,0.41145025332285445,0.6038865777039163,0.39146227666302036,0.6137288182150457,0.3861340861076318,0.6299452278957395,0.38460249120483714,0.6452373881828624,0.3820136474886168,0.6572158844405971,0.4086324943200915,0.6395755844084842,0.4019497391194181,0.6606546804919488,0.3922554964484241,0.6672067892643877,0.38412796242170394,0.6698515572689059,0.4196202088416219,0.6401404060762805,0.4132626485412246,0.6626665512734382,0.40180109947286496,0.6680647373627392,0.3924061822651363,0.668592906553953,0.42437642176005297,0.6388658804033172,0.41803840969242506,0.6580693501978634,0.40717613270939446,0.6633580457679462,0.39822881522395587,0.6647167087183642,0.42434583882392585,0.6371107637221182,0.41955250253260934,0.6520622193957079,0.4109268356884213,0.6572777500857844,0.40316476226760695,0.6588201423296453
0.02441659098521417,0.3638006095861892,0.025418153897531316,0.351198794602885,0.025915903521322847,0.3518360042186005,0.026340626122266,0.3522614422687795,0.023534033729308734,0.350450043157979,0.022898047364816702,0.35050918760280075,0.022342026996279372,0.3506016653973497,0.02712483892991748,0.3613951246247812,0.021530268430682287,0.35906738876850774,0.02549971328731043,0.3825608255311102,0.02323833521065433,0.38094552183687896,0.03201564486852799,0.4642772883447503,0.017765112082284377,0.45582129796718185,0.03379036811956844,0.6022883811992835,0.014799401023677234,0.5800327859871882,0.033968873580668316,0.7389852615211611,0.016588029432589576,0.5539549092512487,0.034748139913373416,0.781263720442435,0.016955255309316433,0.5495461215532205,0.0333068894992897,0.7836819243305693,0.017246931037679786,0.5383709796804199,0.03284747807985031,0.7715654096146544,0.01749499705859257,0.5389197023160671,,,,,,,,,,,,,,,,,,,,,,,,,,,,,,,,,,,,,,,,,,,0.03410214419355743,0.7424936181131214,0.03242702166237253,0.7545230813937452,0.03197165268608921,0.7745914805832576,0.031841853071512105,0.7933968300559746,0.03161642261581086,0.808121270257782,0.03381429321507621,0.7864982909181152,0.03325932351893733,0.81246413773964,0.03245220454124075,0.8204956662374779,0.03177571966900465,0.8237116884910038,0.03472438715837417,0.7872174414297147,0.03420447212637242,0.8150047648863762,0.03323600917400363,0.8214666113030031,0.03244730341905977,0.8219147883824534,0.0351206372931987,0.7856487355189523,0.03460762495209095,0.8092150405344468,0.03370304590506573,0.8156637373609144,0.032966154172833446,0.8173492966165431,0.035120277494593184,0.7834854269614624,0.034735888619679814,0.8018040693329084,0.03402694326148751,0.808181218607679,0.03339242481483562,0.8101514176817364
0.15010896415394612,0.30695957139056135,0.15614838306684226,0.29637261751949434,0.15916950705482538,0.29692535228951866,0.1618081788181872,0.297302284103356,0.14457758931475392,0.2956824927634452,0.1406495326357886,0.29573694951041957,0.13722644980142482,0.29578624413585164,0.16658992614871565,0.30505937748612294,0.13215102717297883,0.3030734632817075,0.15677331846123588,0.3228990636534932,0.14273589708291898,0.32149070117900497,0.19648935690013059,0.3919814338993832,0.10853847951035912,0.38525887329725506,0.20732483542000527,0.5083730485498117,0.09364420449521048,0.48970657469973966,0.20834047833781522,0.6233001475069093,0.1046268221215842,0.4722433841105834,0.21316433696781448,0.6589215974450016,0.1051822367693845,0.4857890333906963,0.20435793668680327,0.6610156253780564,0.10890971751448263,0.4773053168713981,0.201537741106119,0.6508610779509221,0.11165195153744613,0.4737177151054385,,,,,,,,,,,,,,,,,,,,,,,,,,,,,,,,,,,,,,,,,,,0.2087887874404636,0.6270376204447824,0.19879121247265882,0.637154021490191,0.19618224123372555,0.653721668815352,0.19544789066564075,0.6695159188510398,0.1940072389941407,0.6819355470461844,0.20749086895756644,0.6638648256456557,0.20400308869725353,0.6857651626418219,0.19897501809167067,0.6923526598479162,0.19482273265644814,0.6948415294906757,0.21306104370109485,0.6644727442220266,0.2098117766466394,0.6880585017840967,0.20380959933448672,0.6931632825772437,0.19899637056113803,0.6931625070472467,0.21544185332232255,0.6630577412719394,0.21220241842148801,0.6829519275778317,0.20659363856157248,0.687850950568659,0.20208876838725637,0.6887729587938006,0.21541931357392738,0.6610699609484687,0.21308775747697062,0.6763627338998691,0.20874725122922344,0.6812623385381941,0.2049305205009737,0.6824182175280454
0.17779453663262365,0.07580705744271243,0.18474306382772415,0.0731996726694915,0.1882640791779241,0.07333709503486946,0.1913883678149008,0.07343047015840168,0.17111634747359497,0.07302007703082801,0.16642638484301783,0.07303358996066978,0.16238341604518203,0.07304308553299102,0.1969522319639985,0.07535900533033385,0.15622590877381093,0.07486400222290912,0.18557856642724546,0.07976083773594943,0.16889863725423584,0.07941031580838359,0.23232187854948025,0.09683722356962231,0.1274498158767346,0.09522250927965117,0.24502592467523227,0.1256008568076234,0.11104965182239439,0.1211216289017577,0.24619315096494926,0.15398094316413435,0.12472577266636932,0.1260200031046382,0.2518760813595993,0.16278021342928492,0.125598753400078,0.1288013197010019,0.24150043694166046,0.1632792039586302,0.13009253405710974,0.12640509466308858,0.23817074752129583,0.16077668359222294,0.1326061888996895,0.12551095421369166,,,,,,,,,,,,,,,,,,,,,,,,,,,,,,,,,,,,,,,,,,,0.2471876643320992,0.15489164398745342,0.2352120247628703,0.15739695435178103,0.23188698311346073,0.16152228359440043,0.23101962574413873,0.1654313341141116,0.22936686085375005,0.16849569779563228,0.24521122165689468,0.16401627830192655,0.24143140000421903,0.16945317000039747,0.23550069080138766,0.17108129543917036,0.23046480904809868,0.17167617568244814,0.2517961703919988,0.16417499685314732,0.2480514043325175,0.16994414976318167,0.24099880653022915,0.17127835550687615,0.2352250911378195,0.17136624642848763,0.2546210724244344,0.16385777528702583,0.2508444077482565,0.16875884369390667,0.24423803980455275,0.17004686479391512,0.23879602617889087,0.17033862912579326,0.2545972854834614,0.16341519540232796,0.2517594705402119,0.16720150996202304,0.24662120628522355,0.16845878121370744,0.24200625473164092,0.16880530374511277
0.20079248473138464,0.020958728833785085,0.20847897551325537,0.020240960473746336,0.21241998324610445,0.02027891882024751,0.21604218703690187,0.02030490095082974,0.19307707354230852,0.02018945976531305,0.1877671088836813,0.020192411602883337,0.1831829710873095,0.020192770856249997,0.22227417035053504,0.020840577520336506,0.17612124016583702,0.02069575868048175,0.209561841541954,0.022054898599371046,0.19057673694447608,0.021954673532255102,0.26181490219701165,0.026771534394689538,0.14364761317382493,0.026243036270334072,0.2756484434435035,0.03472781440671843,0.12553516117103997,0.032826294614720516,0.2773709433908128,0.04249635225153145,0.13642946991761185,0.036001793066709434,0.28386181438210367,0.04498383580664103,0.13416461041578218,0.038110067310083186,0.27211760886743963,0.04511775619067682,0.1453329403294721,0.037951873318388625,0.26833552130472743,0.04444137646734993,0.14905367857899246,0.03735036729441893,0.12527113428390022,0.03589292770779352,0.13962462516664217,0.03633830254972238,0.14684232368357314,0.03729100936719226,0.1460174805617059,0.03836253137184359,0.1426013640126858,0.039116622399460656,0.13578629043861332,0.03793401329387473,0.13529391463785337,0.0395290088423847,0.13649962753936307,0.04039413399348137,0.13771050435809268,0.04093635493422502,0.12521640664446407,0.03797752433987716,0.12476642932193094,0.039641099203873195,0.12843293408677306,0.0403186444312099,0.13138392746993072,0.040622930377224475,0.11675574831114757,0.037884628372550154,0.11549557955531858,0.03941509406978994,0.11933763279790054,0.03998948557007698,0.12222269358248695,0.040183283722616536,0.11074450392786311,0.03770908757543692,0.11016340264032431,0.03882265050171468,0.1136555943143213,0.03932019820353702,0.11695208835032557,0.03953109151858404,0.278204928375701,0.042832735913088796,0.2648721635608532,0.04352562142473638,0.2613529416215997,0.044642551730497006,0.26031855217464994,0.04571342807241562,0.2585317874010772,0.046566308809227464,0.2764652071350792,0.04534494338422457,0.2721312722464952,0.0468548637622006,0.2652861664170121,0.047282696444345504,0.2596202126708021,0.04741978554240796,0.2838854349795307,0.0453811600968929,0.27945407748042905,0.046990158248975226,0.2713456403046664,0.047330233776927265,0.264938207344245,0.04731992635084055,0.2870670998036707,0.045283933222620365,0.28259887835963055,0.04664568890334985,0.274962433100865,0.04697795356778164,0.2688508505939913,0.047029984050764834,0.28702005627071975,0.04515044328040638,0.28369587721440476,0.046192771396266624,0.2777218920998651,0.046522926895771574,0.272518393083825,0.046593042557452384
0.30496906429068543,0.37589748012921737,0.31664033970726,0.36304919369751465,0.3225951309899034,0.3637307818150776,0.3281106196372732,0.3642140584369502,0.29323780897098495,0.362092915353067,0.2851357596559288,0.36212979808407136,0.27813374813905867,0.3621094858554023,0.337570944701673,0.3738814320413282,0.2673179410125819,0.37122860746315917,0.3182356663835248,0.3955488783530297,0.2893016161098603,0.3937371107052205,0.3972964535401132,0.4802061196683544,0.21770109892975453,0.47000415433809767,0.41798822639760286,0.6229330531245474,0.19145045089915785,0.590591352469792,0.4206486041576951,0.760571327855521,0.19903364311536959,0.6700090781569162,0.4305723063167663,0.8066590026034383,0.19266379240306122,0.7102227177006498,0.4128128551127538,0.8089506615016753,0.21095875033204373,0.7075969167015581,0.4070616842577276,0.7968794959940099,0.21854694868584054,0.6973802220358922,0.1867344442990805,0.6569228357481295,0.20817113792905917,0.6732248246746341,0.21842053902442293,0.6926999163171476,0.21779803425303085,0.7112629770139224,0.21437291741547798,0.7246443406632258,0.20275295959654505,0.7011477840991205,0.20209931177448331,0.7243531987189687,0.2021876972897492,0.7385308967600712,0.2024379854194234,0.7493909307852213,0.1873635676718491,0.7023721007125261,0.1858583327225365,0.7256435597717897,0.18520209745857688,0.7405309385741992,0.18461424190912185,0.7520332428941668,0.17522677770860057,0.7014606042991208,0.17358808325617753,0.722906279084944,0.17246665218838642,0.7367380159213753,0.172215257833553,0.7472914659570815,0.1664352501260705,0.6985388505647715,0.16433964718372082,0.7148219526821626,0.16386805777346047,0.7250523670110524,0.16468745187361944,0.7326271059226617,0.42292255309521004,0.767895014747878,0.40243721310218317,0.78022857623876,0.39676572795778065,0.8006750913085007,0.3952608867496264,0.8198197231840116,0.39260459639774964,0.8350182591969398,0.4195501788233006,0.8134014152794666,0.4134034668503175,0.8404821299239634,0.4030704613823252,0.8482641485959679,0.3943939437171988,0.8507597612756366,0.4307122531742004,0.8139986660733157,0.42417641243926824,0.842733639504714,0.411910737870178,0.8490549000945068,0.4021943310562022,0.8491590745070378,0.43555598190622324,0.8123542664383414,0.42906517765997765,0.8369655604875059,0.417574985677098,0.8431718372331368,0.4083357556479157,0.844398410760839,0.43554026975904614,0.8101633965811906,0.43071000322472397,0.8293348738583345,0.421760079199053,0.8357281181356914,0.4138885559574364,0.837529848454129
0.13048898586238905,0.22114172192116824,0.13545981733842827,0.21358347778772221,0.13796296244613102,0.21398714738515792,0.14036577862469385,0.21431464631502592,0.12543958768780816,0.2130030957355967,0.12191604466722768,0.21300648498089675,0.11888525557612879,0.2129757371884841,0.1443603694117375,0.22016236979215192,0.1142053587714251,0.21839241505072515,0.13602305622531297,0.23270324127505923,0.12362254155353625,0.23163582117925188,0.1697084741598984,0.2825153288563543,0.09280119976648288,0.2765044149650654,0.1785349048927749,0.3665040419330691,0.08193322831000563,0.34816640794489245,0.1796686233939866,0.44708499115295847,0.08341366071475229,0.3953308660147454,0.18386537785430912,0.4745081435703237,0.08073684227393917,0.4190234376956254,0.1763224461571259,0.4758018918767595,0.08846229797217939,0.4172338462958624,0.17387535260986708,0.46874555304344023,0.09179575587809055,0.411185441062234,0.08029878627333321,0.39178243100763194,0.08938581110724489,0.39814352032569317,0.0932165483972891,0.40877408038294455,0.09261271658266362,0.4198267936537525,0.09095154632975778,0.42754110030402936,0.08653665694558121,0.41593178210920595,0.0859548356608357,0.432028985191369,0.08627052817345905,0.44085073647859946,0.08681311817168634,0.4468609166157512,0.07978819484383608,0.4164668286378594,0.07906724586476196,0.4330453394933001,0.07948450079327976,0.4419287261280487,0.08003090338693022,0.44752094593242747,0.07442388910274837,0.41541410109513105,0.07364387693323218,0.43053411837001593,0.07390324555716705,0.4385343794897305,0.07430417681032263,0.4436604557729988,0.07073335280070231,0.413242153908582,0.07012240841310252,0.42441209313796313,0.07080737802528406,0.4303825107890176,0.07183293415549903,0.43416075060374243,0.18039061362811326,0.45155778166947735,0.17171691098248246,0.4588033591888272,0.16949040331327833,0.4709818958906899,0.1688483494285702,0.48225679690235246,0.16761401365066556,0.4910960884075274,0.17940302325904495,0.47883613993711754,0.17643616722817237,0.4943372551345534,0.17195820982642854,0.4987844341376195,0.1682652786377616,0.5003765059118044,0.1840998524728339,0.4791318777950502,0.1811920596324034,0.4956571041238667,0.17597509949090515,0.4992231841709442,0.17183957082767234,0.4992824086120118,0.1860319092324866,0.47793033792517925,0.1832630999126082,0.49196041584038186,0.178377691399149,0.4954992072216931,0.17443136678861798,0.4962420459338443,0.1858445794388794,0.4763185596113117,0.1837898468147283,0.4871383234139205,0.17999519301708192,0.4906321461488283,0.1766238334272581,0.49152704667072933
0.05573212156747965,0.3169245951723819,0.057849862092286125,0.3060523725794947,0.058903416739206765,0.3066380163878577,0.05993251716279505,0.30718230590806445,0.05357542378359145,0.30520513536239513,0.05204942693771921,0.30520042918432405,0.05074773163696514,0.30514811050257673,0.06162556546945247,0.3157103761971886,0.0487290108962948,0.31293383126671676,0.05804660991986254,0.3334585001819161,0.05275294377718371,0.33194273535010643,0.07240399336251627,0.4048395061403085,0.039529777011570365,0.3961609883500832,0.07617233586809823,0.5252450193934615,0.035008089965237014,0.49899300686437914,0.0766545720586751,0.6405178446714432,0.03482885581773024,0.5790823948174584,0.07843673680413367,0.6798955881035839,0.033440108129445645,0.6156413879136602,0.07521493047043401,0.6817064152807313,0.036586149428838206,0.6136683978559583,0.07417602922061359,0.6716299873733691,0.038097366437383394,0.6048905246361371,0.033467528572153696,0.5729635622735054,0.03745507058883547,0.5864795554963917,0.039048511335167096,0.6028070395252139,0.038814354286961936,0.6186991019510153,0.0382676916748528,0.6303088927922293,0.03609931013054351,0.6120764079591148,0.03579258664404008,0.634258527705497,0.035786520930454986,0.6467170827683975,0.03580691881461804,0.6555852244888792,0.033183663428281635,0.6128332515112433,0.03300887177523154,0.6360862270316863,0.03333858004459319,0.6486398569047669,0.03358990562522173,0.6573382257546216,0.030992156991673573,0.6123259355283288,0.03078045162699183,0.6333380693668131,0.03125031376185512,0.6445281592423929,0.03175294783659506,0.6518055126434111,0.029582372383484854,0.6101639974276466,0.029398637647363106,0.6265057501878543,0.029883535917310574,0.636012680482895,0.030568124313086156,0.6422780554014648,0.07708826887135753,0.6468514091063191,0.07329868440766575,0.657252012577618,0.07230502825523498,0.6749407836463536,0.072078932625817,0.6910084766325088,0.0715812912313857,0.7036083171689892,0.07651179712144401,0.6859176936684596,0.07528175925627631,0.7083366743558432,0.0733410589701757,0.7147239092470187,0.07173476232834711,0.7169355125460678,0.0785293252232179,0.6863828543116313,0.07731225260725687,0.7103562255370142,0.07503272668624811,0.7151097157173966,0.07324229206649324,0.7147572029535851,0.07933914412042407,0.684714964776961,0.07812184596243679,0.7048152515813172,0.07601766871493693,0.7096201592604121,0.07435477469373013,0.710421210846974,0.07924776542675344,0.6823938677391738,0.07833446374713386,0.6978710355088604,0.07668165077104033,0.7026973713178958,0.07525420212143114,0.7037658740029211
0.3861840505035584,0.01172810107990135,0.4009069870387703,0.011324813713011634,0.4081149119742317,0.011346931596147402,0.4153168749806176,0.011369946050090347,0.3712589998409951,0.011292446395421075,0.3605694266176469,0.011292014781788694,0.35153440700501176,0.011289655726162782,0.42700334425736697,0.0116910823381438,0.3373778300735299,0.011578484900243926,0.4019550089998394,0.01233863708709506,0.3652749027989858,0.012282456922962603,0.5012659845267661,0.01498281890146192,0.2733711982963725,0.014657923129001094,0.5273403393880601,0.019442275032673755,0.24329179928632377,0.01852651316441597,0.5302317330390172,0.023699024655026234,0.23878950186252837,0.021923842243098124,0.5427520679990895,0.025155485407097496,0.22712219592923613,0.023308784801525692,0.5204238392238401,0.025221251839674476,0.24984847810407448,0.02330039519577009,0.5131792910097716,0.024849601011070706,0.26136418069801665,0.022939427267672514,0.22831739709974605,0.021702335533573362,0.25506580482330965,0.022268849728892703,0.26361991914896454,0.02291224857576565,0.26239845710038373,0.023483630928277686,0.2598974751700813,0.023910378255885406,0.24421521219802378,0.023320751428414895,0.2427268355310678,0.024126974202579938,0.24322432539059555,0.024557089227971646,0.24423605529133954,0.024866756263643597,0.2249016375915238,0.023350680962571056,0.22265252350621537,0.024166495562437693,0.22460801258455218,0.024546361869408898,0.2266831187795797,0.024778718197151932,0.21053899557175548,0.023304935474795698,0.20818831576612404,0.024032235936481735,0.2112746550344726,0.024381389136050004,0.21509587303673078,0.0245860795856831,0.20128522994232398,0.023188573921440893,0.20010942869975837,0.023731114109763324,0.20401200810713904,0.024010271804124884,0.2092579615493164,0.024167401395339988,0.5326290909639585,0.023926949996466024,0.5067763211333064,0.024320379715524334,0.5003596293565878,0.024969204297715927,0.49882268189442497,0.02556461622979557,0.4952627477997483,0.02603000316580605,0.5293962585811818,0.025363282363432323,0.5209583308971543,0.026190676434612335,0.508148179940353,0.026437448287193105,0.49746818838873336,0.026532532955648627,0.5432650304840753,0.025382369689046305,0.5350925979115001,0.026269000415746886,0.5199303713005934,0.02646037752986099,0.5076916665139953,0.02646278382217199,0.5489326011407593,0.025323010773870214,0.5411255496501008,0.026071612201902832,0.5270455551171016,0.02626276332089612,0.5155025979902426,0.026307304736306464,0.5483204624387704,0.025240385475764036,0.5425109410898111,0.02581305155465908,0.5315668266167645,0.02600291894726936,0.5217505577107431,0.02605488856296232
0.04006354273235293,0.2390483728834879,0.041593732637654784,0.23080798387588153,0.042333936184630966,0.23126196391819803,0.04308545110839027,0.23175786868708356,0.03852203409247733,0.23014120894720186,0.03740341201601315,0.23012599448091883,0.036464982231885525,0.23007229081271133,0.04429690642913416,0.2383566998393897,0.03497629762348324,0.23597301203133797,0.041674727196823455,0.2514700974076651,0.03787832551691383,0.2503351661783829,0.0519650045129868,0.3053556596562401,0.028336301170667298,0.29879118375037955,0.05466746214617896,0.3964428571479316,0.025312626924880642,0.38170524923616006,0.05490275447988795,0.48301683234118076,0.024525924593769323,0.45785757929665344,0.05624452117774393,0.5126767359291323,0.023078352866766762,0.4843097977041126,0.05392911276243956,0.5140098327502749,0.025509070124104655,0.48489976411752467,0.05316091036954921,0.5064454870372849,0.026795668107875734,0.47728369676977594,0.02344319872515376,0.45273706194950397,0.026166280245459812,0.46387091776818906,0.02692900844212728,0.47699492393454274,0.026797159286775157,0.4882882862545823,0.02658226274867078,0.49604260515451093,0.02489510419083277,0.48708298339961376,0.02454247962266917,0.50385585651565,0.024630559734206973,0.5117489932630296,0.024777735167425045,0.5171264954041956,0.02284615571031283,0.48696341959137956,0.02256854627013896,0.5042192293145936,0.022813082441466247,0.5104801143256277,0.023098191922880963,0.5137306114286139,0.021329653748165055,0.4850080775263734,0.02091700922929967,0.5011002637265705,0.021285509457029006,0.5071721571291359,0.021744100925732868,0.5100434629186062,0.020394225942611265,0.4818190800898266,0.02012460951564993,0.49329369464963013,0.020556888298790533,0.49813767113940177,0.021079920524061654,0.5000691910500045,0.055282465527928565,0.48767378037942344,0.05257666745779395,0.49568368721169986,0.05186770999499318,0.5088057302211139,0.05170374408357536,0.5209654110468529,0.05132999775113243,0.5303753508013136,0.05488644961586925,0.5169254605829618,0.053999713216056004,0.5337834290017326,0.05268103526517233,0.5387278285195759,0.051579456284385934,0.5405915440097212,0.05635023791340304,0.517181728069635,0.05549634178573334,0.5353342852311147,0.05392463432054754,0.5391649707158322,0.052659933121667994,0.5391678021921876,0.05695706433717456,0.5158148422973181,0.05612290670914722,0.5310688737432974,0.054672229994502115,0.5350233891272913,0.053488390914560036,0.5359219109574063,0.056918534040283214,0.5139238691281248,0.05629337690747503,0.5255659183230779,0.055151791166479114,0.5294428135019157,0.05413210930051104,0.5304500640240782
0.20784582493086454,0.15334559836333136,0.2157674539046476,0.1480527683939514,0.21958607748178072,0.14834486225967805,0.2234829082846898,0.14866865754902098,0.19983882927307595,0.14760793130534625,0.19401892729651254,0.1475900099505135,0.1891474691443476,0.14754983221042225,0.22976166413567192,0.1529109933996138,0.1813591485198019,0.15136775889511453,0.2161251979169289,0.16131231869180362,0.19645080323610556,0.1605867581105718,0.26943495625948966,0.19585815193662298,0.14677434913714402,0.1918304969642935,0.2834495639523261,0.25444192263664767,0.13116586546637082,0.2474807114045276,0.28447976294006017,0.30985872353920885,0.12575657050006447,0.29714991584980444,0.2913979105490938,0.32887197324220735,0.1178393923440085,0.31498120376548944,0.27949601701495186,0.3297186361678191,0.13018735954738136,0.31538462799360273,0.2754638050534068,0.3248758986032588,0.1367481955092843,0.3104198314718032,0.1209049884282065,0.2960704206196495,0.13476212618985858,0.30264782424178394,0.13881711362154425,0.3107415924451921,0.1371188850428404,0.31796435858568195,0.13519974330540802,0.32262642951909054,0.1272108815507018,0.3172736598832092,0.12590646132449074,0.32866294727793516,0.12733851828649262,0.3331408641814138,0.12904266009446244,0.33559066495095563,0.11662904968792606,0.3170990477638253,0.11604192324661265,0.3291269650598208,0.12017588090139897,0.33262901575656245,0.12438391287978613,0.3334305604604804,0.1087497289157945,0.3155850323331175,0.10776199072917687,0.326511706592688,0.11209408607255111,0.3288201708395219,0.11621186818405499,0.3285934172647936,0.10385161036544431,0.3132429534369487,0.1028615259620534,0.32068581318922224,0.10701285452259744,0.322416943411924,0.11100170280285859,0.3219233069584702,0.28641393572478807,0.3128221164329912,0.2725440177579482,0.3179468489376494,0.2690625881318193,0.32641546407362676,0.26823911055257543,0.33410420965781495,0.2662315882917051,0.3400313829341328,0.28476614126924316,0.331699212275355,0.28000236747282964,0.3423883074931563,0.2730410342152212,0.34551568078365824,0.2672959949928274,0.34670810476730657,0.2922516282556377,0.33180894424663493,0.2877728593932228,0.3433351120434078,0.27951801677114574,0.34571768351427973,0.2729461173480355,0.3456774815561414,0.2952657220204223,0.3308880772247968,0.29088276018873843,0.34053577220048625,0.2832601625831054,0.34294566162845463,0.27714161073705434,0.34346174821154346,0.2949142600194472,0.3296617964113428,0.29174909278438316,0.33701006047175597,0.2858734792864987,0.33937839173095,0.280664420251423,0.33994831503267836
0.37174443358396797,0.31219463391074315,0.3859259168794886,0.30141620435494415,0.39274100391480726,0.3020124530792165,0.39969543609057073,0.302676323991973,0.35742462840703,0.30047940407700036,0.346996095398646,0.3004236891131016,0.3382887068134683,0.3003269521580844,0.4109128108527359,0.3113409376785085,0.32430832802546955,0.30814405742474754,0.38649362098789997,0.32841027693236685,0.35132125213391463,0.3269314144304381,0.4817820483990714,0.3986887379520437,0.2621899562034322,0.3909337080301138,0.5068546232615478,0.5182174520682263,0.23434487237571192,0.5079521918436294,0.5084774211226746,0.6309482996201486,0.2228119927467596,0.6099718622386535,0.520923161499531,0.6695462460614333,0.2089682076693764,0.6446054671247912,0.4997416086756241,0.6712556107370141,0.23125690402185992,0.6448643198331704,0.4925174908984123,0.6614098891211025,0.24285418075227105,0.6350394543497626,0.21453332695498048,0.6101766763625787,0.2387483880133913,0.6225231123625444,0.24582131358452977,0.6388208240190438,0.24268570683817908,0.6534735636927517,0.2394791086544151,0.6631406522872426,0.225166830116101,0.6531620529476965,0.223803644439775,0.675017406211014,0.22644954215469298,0.6834458476169522,0.22921670743390476,0.6881252143105592,0.2058891757776972,0.652305324440878,0.2069013608685294,0.6761642469723285,0.2146191442787466,0.6818035874244389,0.22124497387217198,0.6823472767225909,0.1918967680113539,0.6487215210196873,0.19140207911932114,0.6706482683252398,0.19974100349827045,0.6748532689412627,0.2065300770152032,0.6742956755547751,0.18299084443576763,0.6437514997135287,0.18158966174089017,0.658948520348722,0.18938600870532354,0.6627272275330027,0.196590025127419,0.6621579981009573,0.5127359068475346,0.6367338302208962,0.4877552888629887,0.6469643795299315,0.4813083931648245,0.6641642791593685,0.47970637883149914,0.6800960470441363,0.47615071288484867,0.6925460734327316,0.5092020704268023,0.6748322155876479,0.5011789920009827,0.6969773852737946,0.4887515793302617,0.7034798146135581,0.47846668915023766,0.705928413318992,0.5226086282913147,0.6752725117182815,0.5147761489136687,0.698935347159975,0.49999392161269585,0.7038659242439043,0.48831780845899453,0.7038733693408501,0.5280786527046374,0.673601900991041,0.520139845344498,0.6935038777590125,0.5064148947488322,0.6983678434126522,0.4955534776936715,0.6992934020872607,0.5276046791231375,0.6712758259009065,0.5217557760005962,0.6865395565769449,0.5109959571973133,0.691407614568641,0.5016562400113703,0.6925207305199493
0.4699228056638808,0.034276813587471686,0.4878248706841249,0.033092792493319534,0.4963956150289904,0.0331584018259082,0.5051328027979815,0.033231717007089275,0.4518222844476747,0.03298757666882616,0.4386158091204767,0.03297978420725344,0.4276124389573998,0.03296787221580448,0.5193155527190709,0.03418532050704698,0.409845925323827,0.03383089748494206,0.4884577120318621,0.03605649109384004,0.4440496466667319,0.03589438407455784,0.6087315349747453,0.04376390683985942,0.33029522183463583,0.04296128871118034,0.6405424022016125,0.056917487241666724,0.2951547102322229,0.0560834313077889,0.6423401176239967,0.06929880736439538,0.27916823890193254,0.06765731274815281,0.65814069073076,0.07351112139579365,0.2618263111784868,0.07134990017785921,0.6315115820245214,0.07369800514075722,0.29028713091669883,0.07137213264724383,0.6223654698899731,0.07261812532881141,0.30445301234849925,0.07035883656391523,0.2677648815115759,0.06761785512230803,0.2991033735647938,0.06894490131351672,0.308574642354035,0.0707366044908707,0.3041029409063898,0.07235684644706845,0.29899753600763657,0.07338863440169431,0.2813912873906985,0.07222423114758353,0.2808154885493303,0.07463961274294129,0.28617541509992755,0.07561407373122112,0.29143749291793714,0.07617493608525139,0.25644658498713985,0.07219379209831406,0.26023978234517353,0.07475339513251895,0.27221413953480084,0.07542382290664779,0.28194743027521213,0.07550829221570006,0.2391896031824985,0.07190094819855751,0.24315119806563165,0.07418515984853936,0.2551162158020751,0.07473857348626253,0.2641734163423132,0.0747654776432729,0.2290943727102395,0.07149152322729689,0.2324142322125265,0.07306597939677559,0.2430974890256298,0.07356177374934415,0.25171631000180783,0.07360222742446257,0.6478544756250861,0.06991103121575248,0.6165413294109703,0.07106678941176557,0.6085108365118164,0.07295416203918882,0.6063784525608813,0.07468258360780011,0.6021740318949681,0.07603024368832378,0.6440704165627831,0.07407545909565905,0.634075305028655,0.07651638610689848,0.618851766444758,0.07725451816507736,0.6063181053249241,0.0775581670341282,0.6611808120576067,0.07412008102045513,0.651176734648422,0.07671300839883624,0.6328932463601497,0.0772814439753328,0.6182425467293812,0.07730705435094973,0.6680944787766471,0.07393767408391158,0.657636877520855,0.07610604628603328,0.6406880976712804,0.07668324060016421,0.6268882940675077,0.07682665545563216,0.667409968700219,0.07368555452483694,0.6591795252925937,0.07532514906882383,0.6455523147836583,0.07589349803234009,0.6335122940539538,0.07605846327997269
0.26221361831004175,0.3177929543520873,0.27219801840974595,0.30681130553224994,0.27697424190873393,0.3074209719241194,0.28184131007846136,0.30810376315097165,0.25210965790152984,0.3058152619666569,0.24473988799611443,0.3057316477078502,0.238599775905329,0.30561255008711297,0.2897509852861149,0.3169572885560122,0.22866732369358736,0.31365422420136274,0.27253526281573504,0.3342812746419983,0.24776415294026607,0.33278369608945724,0.33960755389242137,0.4056739745065294,0.1839202627674658,0.3986110790688993,0.35740409864345923,0.5279226633302814,0.16428028949220067,0.5213176387708588,0.35832004893467084,0.642606294371571,0.1549734886644329,0.6279969360391664,0.36710879784640205,0.6815570382338295,0.14551315296779796,0.6621481411441105,0.3523225370030024,0.6832700263894909,0.16151496232292417,0.6622686942351391,0.34721865701068017,0.6732697409607561,0.16927903914459372,0.6528022150829159,0.14877592926421232,0.6273996411447734,0.16626854680407166,0.639494448700027,0.17234329113583755,0.6568470673998482,0.16955490808295295,0.6725926461434925,0.1659439847373969,0.681409985545772,0.15593580725564068,0.6701331522942591,0.15640341841379757,0.6925670185357174,0.159877385321398,0.7008774527675603,0.16334088248491216,0.7055657735191629,0.14229480494223062,0.6697559345456449,0.144919167348863,0.6932388937353846,0.15188529895814953,0.6998799035430452,0.15800823938596956,0.701455174095966,0.13302756627913803,0.6667919947688807,0.13516513368565455,0.6876890349485624,0.14243926496400308,0.6924602171295106,0.14851869101900508,0.692365912692357,0.1276233986344544,0.662780919400434,0.1293173487143992,0.677411356957748,0.1357632879622655,0.6817813814132209,0.14150038705557344,0.6819104665714747,0.36168742647215546,0.6481718621998138,0.3441274370109323,0.6588509488592572,0.33957481389636596,0.676340883652773,0.3384081348792412,0.6923440806379867,0.3360943374694714,0.7049047390637349,0.3594521280930847,0.6867081483494517,0.3539406816464389,0.7095321308176236,0.3451693448971544,0.7161997907882052,0.3379105574857133,0.7187255838186412,0.36896721750496414,0.6870748264856112,0.3634237044608105,0.71126183178732,0.353025661286555,0.7162906823984686,0.3448178949884694,0.7162587624293203,0.372746747020216,0.6853596802188282,0.3669018720926845,0.7055432388239623,0.3573022230631771,0.7106544991667799,0.3496598229457507,0.7117509701824762,0.3722766507007523,0.6830373518973972,0.36797828363782487,0.698468398492217,0.3603681745840888,0.7036285425613716,0.35374228560765836,0.705032418940328
0.33887892268476993,0.09237640998427313,0.3517875757804619,0.08918856285219098,0.35798913706496915,0.08936687079073846,0.3642018886132357,0.08956777179391573,0.3258515284569665,0.08889310217715984,0.31634301628179756,0.08886658432442193,0.3084080209728578,0.08882938637913704,0.37429480195187365,0.09214009105123545,0.29554659493477187,0.0911780802560364,0.35222639990150795,0.09715633501066519,0.32023807770113727,0.09672428003723936,0.4386730524853063,0.11784627864101255,0.23738567566866267,0.11606971382018567,0.4619794292708105,0.15347815322417924,0.21051022642529293,0.15241382072265228,0.46333502611168453,0.18693637364395232,0.19957688283291755,0.1850339165027133,0.4747221141767849,0.19813628905605601,0.1868849892907835,0.1947098031347682,0.4554346998976876,0.19863230056729567,0.20684236880568638,0.1948849595705969,0.4488253571127107,0.1957355151376997,0.21672888394609902,0.1924951867311756,0.18765606063192455,0.1849575363326539,0.21124012174034223,0.1883297755543656,0.21774292906978943,0.1933323046408525,0.2133887145502411,0.1979675085771167,0.21001984420011188,0.20061834548203428,0.19589072705979363,0.19708685324099143,0.19746536295239872,0.2033284043755423,0.20287005312098683,0.20523637664653918,0.2062246040780464,0.20624253766038195,0.17887350645677855,0.19699936985996447,0.18317630793116654,0.20350561804231243,0.19202803451451295,0.20340908868125931,0.19638106783955334,0.20221551538768148,0.16733545344448228,0.19606974950937514,0.171062101394246,0.20210715330114257,0.17994095400585314,0.20194323138889472,0.18444559468212007,0.20067462023197108,0.16039028877182063,0.1948291808905325,0.16308534982331588,0.1989927682810469,0.17129211312127426,0.1992392566464688,0.17595228810243876,0.19833629275637585,0.46739104082476074,0.18836423782020711,0.4453388853795565,0.19140324940027856,0.4395651651794427,0.1964706760983078,0.43812543413326804,0.20114587202046177,0.4350000349107441,0.2048380763098722,0.46454730468559813,0.19959639777401686,0.4577000651821848,0.20610130364965126,0.4468171192221472,0.2081490800829231,0.4376561061821228,0.2090452740782868,0.47658989353445974,0.19977356766991589,0.4701769606011675,0.20672665808497434,0.45717325243165435,0.20836384915709205,0.44642376072830053,0.20853607294455742,0.48156118893219607,0.19936419330286206,0.47501919495688105,0.20528108129621675,0.4629454391511789,0.20690835097088642,0.45288506046828536,0.20735603944043807,0.4811049991796126,0.19877546049635447,0.47592191767887804,0.20335829988049967,0.4661490458837533,0.20499394438183868,0.45732535712793687,0.20553539005727414
0.05223815136663897,0.11855656386675718,0.054229095135736524,0.11446454836918828,0.05519210004156652,0.11469427424093831,0.05613211189761201,0.11495393301177477,0.050237008345886035,0.1140803736068127,0.04877750885406866,0.1140445327755012,0.04755160481675319,0.11399487243869967,0.057667859742265355,0.1182545758382511,0.045563383404300495,0.11701774882251181,0.05429971664578893,0.12468611377132974,0.04937381679319228,0.12413147035281816,0.0676139961347624,0.15120371307720568,0.03650582166448166,0.14924242002061205,0.0712364111761737,0.19704596207229855,0.03208759339733684,0.19630864089523975,0.07144787310429189,0.24008866575705717,0.030444964297084317,0.2381924348574081,0.07322588512830337,0.2543109967241756,0.028372765211697164,0.2510168235984402,0.07022612289753782,0.25493169475734306,0.031335107819613024,0.25130156533350956,0.06920426140790703,0.2512227866619696,0.03284725551616905,0.2482475669739191,0.028842071379033028,0.23865503250459694,0.032260437482251096,0.24290209611254163,0.03314909521154053,0.2491827430222618,0.03256072428404347,0.254809922068723,0.0320026986864246,0.25817416645400265,0.030016726732983615,0.25408743158048275,0.030024778773764183,0.2623931416361546,0.030954731969342522,0.264886738449946,0.03163447119291906,0.26567225936566513,0.02735554003602375,0.2537313077926655,0.02790045550533998,0.26219665373492596,0.02937287980071188,0.26268990521746327,0.03016831918169488,0.2615073824915899,0.025592951504412185,0.25239712629312866,0.026009630236162214,0.2601464608106984,0.027478640402338064,0.26048957029456504,0.028320101030687134,0.2592513388575361,0.024559024734627653,0.25076361580272744,0.024639998868540788,0.2563008369841832,0.025829671917597986,0.25723509547728335,0.026616493697793214,0.25641324686420564,0.0720269554276028,0.24170815076017924,0.06862370287711968,0.245704291097709,0.06776046020035748,0.25225773279872804,0.06752098228272976,0.25828198855781226,0.06702530887709182,0.26301837126868327,0.07161682536949554,0.2561643834116822,0.070535544931311,0.26451632701620886,0.06886302742254205,0.2671493735012525,0.06746580024134866,0.26824733133987255,0.07349075892693265,0.2563327641615009,0.07247868769640965,0.26527100684040755,0.07047827958414066,0.2673567035348371,0.06885170983188937,0.267516657756918,0.07427344285283786,0.2557259418106751,0.07325258467305036,0.2632774963594297,0.07139500442700807,0.26535736938691157,0.06985996592880443,0.2659122281500209,0.07421369159783922,0.25489164066216263,0.07341958783314442,0.2606859458420905,0.07193289353216696,0.26272838636079926,0.07060336739861589,0.2633538407007343
0.33374737027946744,0.060676318004667704,0.3464690848260757,0.058581193120559566,0.3526356234644124,0.05869866363750113,0.35853452223018917,0.05883200453388836,0.32100070486893884,0.05838427487076501,0.3116977078766444,0.058365711510266066,0.3038648313042606,0.058340152149166075,0.36822603398408493,0.06051879298839452,0.29112757861735494,0.05988784477802346,0.34692085472386797,0.06381119233152853,0.3154936490078232,0.06352889412371379,0.4318151278921017,0.07733134683555185,0.2329113122730623,0.07641527326643822,0.45521266781606995,0.10084704199010326,0.20331983268016718,0.10062435833261567,0.45663935903175906,0.12294966002599265,0.19312593466869307,0.12226250901353276,0.46816081859907505,0.13015947948924578,0.17906171254955744,0.12894297082034825,0.44882083635244896,0.1304728715654853,0.19793734737615315,0.1291477619667096,0.4422513269691593,0.1285773866629124,0.20764206961201004,0.12757036508598515,0.18253292492477088,0.122594828625645,0.2037519195723791,0.12477995753666372,0.21012353716097457,0.12793712802160448,0.2069032218527444,0.13077562588738625,0.20301403146172575,0.13248077165579833,0.18991713514381076,0.1304912432547349,0.19039793951663966,0.13480806313245533,0.1974090710240977,0.135874109870618,0.20207580138970854,0.13593235876329357,0.17319840245465892,0.1303356541180801,0.17706333619564693,0.13466116628695826,0.18680624019544087,0.13484298563408575,0.19204588078260798,0.13416013764117365,0.16219550024494173,0.12966259094244698,0.1648675805517857,0.13356721221489115,0.17449615364935203,0.1336285374311187,0.17991920962980612,0.1328622070255549,0.15581383697300025,0.12882350213063226,0.1566481799782197,0.1316174460145041,0.16460951674729338,0.13188991627900873,0.16961291022235683,0.1312500122295121,0.46044520291989477,0.12369593203531262,0.4384966507283104,0.1257431343153036,0.4329192955018283,0.1290854879777978,0.4312585316969549,0.13218398789331443,0.4280629426540337,0.13461341139518426,0.457829976688817,0.13115387951440372,0.45052749994626917,0.13539200876070606,0.4397854792327145,0.13671235532893558,0.4308233004241835,0.13726495312435613,0.46990517392349834,0.13119776264694097,0.4632577492401104,0.13575208236972328,0.45046350976007726,0.1367955023169009,0.4400944044136599,0.13686116888692607,0.4749203792437156,0.13082186657629044,0.46821941841859344,0.13464362836764332,0.4563630210675215,0.13569759023353484,0.4466228326691199,0.1359711626077232,0.47455036324047095,0.13033029690666093,0.4695592103897285,0.13324726498192407,0.46020520909459195,0.1342716615576043,0.4518393191812578,0.1345664615226575
0.19685783345967647,0.19623273718080364,0.20435688265739776,0.18944862210879337,0.20801093318054692,0.1898259452824755,0.21141438609188465,0.1902543468683663,0.18937492853117763,0.18881513201951383,0.18390934642572265,0.18875646003267466,0.17928827827207205,0.18867458890048464,0.21711649378941086,0.19568485302266506,0.17175033825267158,0.1936827993227792,0.20463846762774662,0.20635559204694895,0.18615486969902226,0.20545716368851918,0.2547510503638527,0.25000923943823294,0.13734279218452045,0.24721988702007153,0.2686490734352917,0.32615887659469794,0.11939643698204096,0.3260278021983203,0.2694565037597329,0.3980583125449976,0.1129737045270496,0.39591038472675005,0.276303143761435,0.4210729185352204,0.10417290916762706,0.4174233535852392,0.264850471462791,0.42200826096460925,0.1154492113489967,0.4183367521336549,0.26095991944349484,0.4158874988763949,0.12111517516020395,0.41322804307568883,0.10670487274000434,0.3974934745692145,0.1191219000695243,0.4044253853988807,0.1226156283609247,0.41440359041685987,0.12103104424081554,0.4231909369676783,0.11925262045837785,0.4284761578930765,0.1105841840106553,0.4234999489638678,0.1110348380332421,0.43620285253601127,0.115429753890195,0.4379117787580674,0.11726210435102057,0.4369535626222405,0.10127936215651497,0.42285083780677685,0.103130917068938,0.436002351171583,0.10858971617172714,0.4350548900169675,0.11057353361215332,0.432022729175722,0.09503214441348845,0.420502780554287,0.09650256806865919,0.4318998992318003,0.10166061991736938,0.43105134051247473,0.10362876295909525,0.42814390026026294,0.09124616870527513,0.41761970172925733,0.09170734059878073,0.4261404363250886,0.09606149819992797,0.42619802351555197,0.09810852527354494,0.42361874966410795,0.27146092321536086,0.4000667665435006,0.25854695359284163,0.406757046729005,0.2553653518557296,0.4175268741536718,0.2545331027293495,0.4275085505200535,0.2526471870289992,0.43533120315097246,0.2701541771493855,0.4241287899258225,0.2657818753173062,0.43794144019039977,0.2593835640815043,0.44213024192169537,0.25406299124796095,0.4438643044254877,0.27730697996413334,0.4242762602445657,0.273245178211458,0.43907260386270985,0.2656390587744979,0.4423503935976165,0.259527898667538,0.44250365982842466,0.2802263698539635,0.4230699046863222,0.27618215812596336,0.43550601033838554,0.2691339316222984,0.438809432261943,0.26338871631635574,0.4396163967888026,0.2799437246629493,0.42150321076622327,0.2770725025256202,0.431007173802889,0.2715910171101849,0.4342709231732747,0.2666777135876835,0.4352091790557871
0.036817530309278035,0.3205131224615327,0.03824374875570968,0.30942673440523094,0.03893977430226771,0.31004950916282276,0.0395598553459343,0.31075075728634155,0.03544039640278128,0.30837865931830405,0.03442636848349845,0.30827666925658803,0.033559235359107646,0.30814007497189716,0.04063572527201417,0.31960761576070273,0.03216051328208136,0.31632446732824243,0.03829150632049599,0.337009312480904,0.034831594647877655,0.3355645671862109,0.04770272550719995,0.40812076286838556,0.025697191955562318,0.40382244753470964,0.050323081668209285,0.5327695027160312,0.022314183909029554,0.5326017722248596,0.05045975559499257,0.6508488827060861,0.02099211270091768,0.6468316539063628,0.05175597109855116,0.6879081069630092,0.019235068968845827,0.6820268066406637,0.04960875830786771,0.6893704961080414,0.02137497211240977,0.6835293944002416,0.04887386683272309,0.6793935442480236,0.02241612177886214,0.6753645697574001,0.01980781897545245,0.6508279733511649,0.02213339257207675,0.6622117754643299,0.022821354713522715,0.6794797130666091,0.022461816664590944,0.694477441506611,0.02205558172828756,0.7032077806639067,0.020452293342896336,0.6934744000061305,0.02055606370221982,0.7140467751056264,0.02138974486635983,0.71793044729934,0.021864655280123373,0.7173797667824449,0.018697627107965697,0.6921199497102314,0.01908020103926001,0.7131618993058386,0.02016039040485415,0.7135803395441522,0.020721761825237706,0.7101313591696959,0.017564754797888344,0.6881588673381293,0.01781962429683483,0.7066206126620584,0.018880720340584415,0.706875524531376,0.019448526913410466,0.703453528869203,0.01693036702130602,0.6834376058760961,0.01697714966557499,0.6976710037319694,0.017847306848977878,0.6990687915770514,0.018378399314312868,0.6959180099931176,0.05097872925667467,0.6532120954639816,0.04850086495090619,0.6640524568611078,0.04784017124605946,0.6819652430193945,0.047654670050033356,0.6983118526777136,0.047310211674473766,0.7110246392138347,0.050690902028017425,0.6927776071446772,0.04984112339153923,0.715597712584211,0.048602459793149345,0.722365913825465,0.047566453283777975,0.725135821130774,0.052003045746879945,0.6931240037702722,0.05115720741415928,0.7172066190976254,0.049683217862378594,0.7223465233098844,0.04850240406153771,0.7225787032170721,0.05251733888737469,0.6913664028854206,0.051656312556779924,0.7116629567606779,0.05027052623069188,0.716841439492186,0.049150586286412085,0.7179932766200595,0.05243586532136415,0.6890502235191034,0.05180751550738393,0.7046954331699694,0.050710129627109156,0.7099541612466351,0.04973863035863428,0.7115355261400081
0.04381908840334938,0.16521635890526137,0.04553455930884212,0.15950156326394638,0.04637591258561211,0.1598245416780655,0.04710112236592445,0.160183173129777,0.04219321122028033,0.15895855914931215,0.040995819907217325,0.15890554939868984,0.03996173404108369,0.1588367489542583,0.04839309304721881,0.1647324067654095,0.03830905430582216,0.16306569250876732,0.04559688257056711,0.173704861690045,0.04147480224808425,0.17297467912805087,0.05683123672669411,0.21029967714144746,0.030608657127670677,0.20818179274730775,0.05996501898841922,0.2746576904482028,0.026557744613332098,0.274601548659139,0.060107924700129156,0.3357853715070397,0.024944197088314874,0.3336179226045633,0.061669222441951846,0.3546904860415124,0.022808684178962816,0.35178841752258305,0.05910144812499184,0.35541252530355866,0.025352767266383767,0.35255561033882754,0.0582146593187903,0.350280367113323,0.026587142175343557,0.3483797939863824,0.023566480828691082,0.33585889610945385,0.02634304452634024,0.3417459799653714,0.02723361693753172,0.3503886834427581,0.02684162793101082,0.35817380869454274,0.02646489973352898,0.3629511330296772,0.02444997007318496,0.3575886656127102,0.024542857979057614,0.368264375242472,0.02553590773136991,0.37056109903162116,0.026115546872790343,0.3704696174088091,0.022358815696961336,0.35688077272429136,0.022784691766936996,0.3677618657748543,0.02410547378004536,0.3680094012130139,0.024746008255508014,0.3660531300024554,0.020994710465522783,0.3548253985973798,0.021293195755550776,0.36460187389026777,0.022581514599193137,0.36472853874490596,0.023214188749577168,0.36274026854160346,0.020217730911604177,0.35238971670270963,0.02029711132077142,0.35986516165359134,0.02136733639618716,0.3605295192076734,0.021959001324043312,0.3586986861366968,0.06067379281016826,0.33670882694119453,0.0577622832236736,0.34229828884420893,0.057019013250672906,0.351575412808241,0.056785333288756346,0.36002024975708613,0.0563655171717621,0.3665633390645751,0.06040986014310818,0.35711149955614824,0.05935279028845352,0.36877896915840985,0.05788360060499312,0.3723689377203731,0.05665074774324322,0.37389285712440345,0.06194739673802882,0.3573064689491314,0.06096118006338494,0.3697064440418979,0.05921485946603385,0.37249080011606767,0.0577820859721782,0.3726807321472241,0.06254368965748959,0.3564092965375648,0.06155633279200297,0.36686811250525303,0.059915743382281464,0.3696334414458907,0.0585696512837677,0.37031471200755683,0.06243773796125363,0.3552153373833461,0.0617041918799684,0.36328425141825066,0.06041283432016496,0.36607455836545927,0.05925225449872058,0.36696995595524234
0.1694349466938729,0.2751156856840383,0.17610415446186709,0.26558809363559527,0.17947986494105828,0.2661260705640534,0.18221495640484087,0.2667073812026851,0.16312602461043252,0.26469584080781466,0.15857676277332394,0.2646086083541354,0.1545244578451403,0.26449892669152464,0.18725414259435275,0.2742146965716591,0.14831460625053547,0.27154291472805153,0.17647311884209868,0.28919803315582077,0.16051202856065094,0.2880159834247483,0.22009020127258097,0.35010056378163923,0.11849216994875462,0.34667281080358014,0.23232478673693732,0.45738891905335016,0.10285983866143937,0.4578109120243379,0.2328899125604117,0.5595020905708572,0.09654341518437594,0.5574411097594147,0.23901492547686026,0.5907187478624307,0.08838294078272138,0.5870118249541364,0.2289890836904024,0.5918958861499227,0.09803693223612324,0.588274326738901,0.22554661080796606,0.5833803991918515,0.10271577022946776,0.5813943504930862,0.09064426714619701,0.560300743453945,0.10143164624582615,0.5697557069871424,0.10440251067862216,0.5844617425974755,0.10287976944755173,0.5972001582884952,0.10150522241494558,0.604963107776211,0.09373226792413741,0.5969311154941379,0.09400267232704392,0.6141805834534523,0.09777281025037604,0.6178874628976442,0.09999866127317598,0.6179121070437509,0.08561200932718421,0.5956023744171923,0.0872453856955924,0.613125144652907,0.09215787126309047,0.6136723142390399,0.09475499959582244,0.6111559600259042,0.08041538242970743,0.5920743497547096,0.08145153847039704,0.6074892414124048,0.08630010591306536,0.6080532750703003,0.08890441266275051,0.6056217193211051,0.07751393193443028,0.5878933204165528,0.07766473078345812,0.5998519466449614,0.0815635957469425,0.6011500020655556,0.08399915760521688,0.5985743628166359,0.23481514523376787,0.5607529005120545,0.223688015514628,0.5698832306638216,0.22076811888405973,0.585094275680881,0.21991962791647457,0.5993046466665212,0.21843328928168046,0.6105960989218469,0.23377174305521042,0.5946066552934558,0.22974778714376054,0.6140313277255327,0.2241086769992451,0.620033416029437,0.2193852786440592,0.622512564970849,0.23975943879394812,0.5951014506360991,0.2360168268177717,0.6158632527169006,0.22937350927637928,0.6203871268954271,0.22397746512245525,0.6204968302900891,0.2421023532316767,0.5937917468360401,0.23839214310851092,0.6114520374920046,0.23216040203056995,0.6159227116090945,0.22707645752577388,0.6169102594815645,0.24169992430100448,0.5920187157035339,0.23892119973098114,0.6057192962311748,0.2339020172577974,0.6102908070660206,0.22941937196350243,0.6117190374735452
0.457798053281333,0.02521506412717374,0.4758420897247844,0.024341714864495975,0.4851255305649104,0.024391171602554072,0.49241002469362904,0.024443395192922573,0.44069726876053306,0.024260498088110254,0.42851049111901934,0.02425259791801446,0.4174779859969966,0.024242787444559644,0.5060703393233297,0.025127072646174857,0.4009510264485318,0.024888711008798914,0.4770461020083541,0.026502546839948828,0.4338863591844169,0.026396466240281278,0.5951367562821458,0.032082423433183925,0.3203239397613143,0.03177587253138053,0.6284011323525258,0.04192540192471597,0.2781807480817673,0.04198471495163791,0.6300309621064808,0.051310381699968266,0.2610916023839501,0.05114312358542879,0.6468464404677717,0.05414782957976024,0.2392688374724944,0.05382757588670899,0.61946285447582,0.0542548145357625,0.2651450972540892,0.0539413255874529,0.6101338165035243,0.05347704418421345,0.2776402896140606,0.05331054700385869,0.24577637675948433,0.051391299680208155,0.27438992989206906,0.052297891010096874,0.2828915123669821,0.053639007631048785,0.2783577821882504,0.054833415344397236,0.2738328727155565,0.05555898401729515,0.2539609492592575,0.05472659373028802,0.2541676017748323,0.05630282307852354,0.26436932602147734,0.056645904797116335,0.27049771585469073,0.05664344271687468,0.23219945021018545,0.054602629185305285,0.23607509371992733,0.05621450690571285,0.2495816237079408,0.05629850447822911,0.25699837206488696,0.05605530035131639,0.21790494654318843,0.05428641521614569,0.22051603052679786,0.055726154484965186,0.23387677932524795,0.05580180568514121,0.2413190457311308,0.0555696331119326,0.20997129917619556,0.053909183090058606,0.20992647702618578,0.055033684457128224,0.2209073965175308,0.05518224590083584,0.22769274577295606,0.05496243153621884,0.6351902578846573,0.05138270231910542,0.6051191464869637,0.05222586121920833,0.5971396483572762,0.05362325509824053,0.5948429394094631,0.054939810676005056,0.5906127204257048,0.05598409922173895,0.6320229762502035,0.05450115004628355,0.6215907018562903,0.05628616618938056,0.6064957966145824,0.05683944502064319,0.5937558789791096,0.05707354184103096,0.6482765784550061,0.0545373003959806,0.6384934291181976,0.056439153799995104,0.6206735738777187,0.056860599787768085,0.6060664846791854,0.05688018886308883,0.6547137775430495,0.05440664680127984,0.6449902595607967,0.05601825361318184,0.6282501940089531,0.05644063981282704,0.6143685444743945,0.056540469597123784,0.653702411733838,0.05423144469320984,0.6463612170921865,0.05547497847688167,0.6327755825615277,0.05589919330893935,0.620485661839828,0.05603068353284845
0.47484669066968715,0.24421012087794514,0.4936773422732453,0.23575765619543068,0.5035900239975145,0.23623882380414948,0.5110521344521253,0.2367255293942487,0.4571419384369569,0.23498384389815602,0.44465235888354115,0.2349058876445779,0.4331051332964863,0.23481442411934023,0.5253545030624859,0.2432983414487191,0.41638361400022483,0.24106726820429766,0.49526418424326174,0.25663557585420216,0.4503979332717116,0.2556449332545866,0.6182289462496326,0.31071182216669535,0.332743367052105,0.3077631461712054,0.6529569783710034,0.40613903697678694,0.28904471434352713,0.4066450965575641,0.654752959026199,0.49721424745036824,0.2709464580991143,0.49507836187894205,0.6725672879825277,0.5245455555860371,0.2484455719136046,0.5212646778921312,0.6438599433755188,0.52558403322343,0.2753292049308248,0.5223503152037183,0.6341369564709906,0.5180717132406266,0.28809050079056614,0.5162010333001851,0.25538249302087734,0.4980434395614472,0.2853518147738511,0.5065675313759621,0.29446562888815503,0.5193454489581245,0.2902400142581627,0.5306169584204017,0.28601448747696,0.5373155617662275,0.2633883582003678,0.5304745531849051,0.2641557759436456,0.5455316491946994,0.27531178158754815,0.5482334122642523,0.2816181240828568,0.547701071392046,0.24073262388167038,0.529307795058951,0.2456536202474439,0.5448013689043733,0.26013417548610396,0.5451979424002984,0.2676463597508038,0.5425977540136255,0.2261800619184436,0.5262086480571734,0.22973459964445242,0.5401672169589969,0.24376151837492815,0.5406469566561403,0.25115351085394916,0.5381919521437054,0.2184332921025018,0.522536483999392,0.21903066387198578,0.5336106715188251,0.23078383630486318,0.5350255003368585,0.2377207134877411,0.532810346376893,0.6596154480980789,0.4980527402827899,0.628332728374277,0.5060851288166915,0.6204736585222582,0.5195154476200115,0.617984316653443,0.532218226179542,0.6135003387331488,0.5422730006107246,0.6569557381432413,0.5280008700453753,0.6456848555654325,0.5452821891832494,0.6299771991502908,0.5507317944148167,0.6168004077985294,0.5530308478278906,0.6737401864558077,0.5283751372469597,0.6633171618296478,0.5468476819685941,0.6446307286557323,0.5509731886554756,0.6293270009753094,0.5511362021283044,0.6803185380867406,0.5271204660786042,0.6701144912101985,0.5428154526405732,0.6526859941379247,0.5468929892169608,0.6382957181720744,0.5478175040737516,0.6792154501182867,0.5254262682904461,0.6713786938588339,0.5375051652681232,0.657298875515536,0.5416498522807613,0.644642910354561,0.5428960331640736
0.4561962136408926,0.137861578517383,0.4742727035679251,0.13308331591912967,0.48411289913292094,0.13335652448094787,0.4912062070905927,0.133616212073504,0.43918058307144114,0.13266001479280326,0.42731666321189654,0.1326158128812027,0.416110577051385,0.1325680264418928,0.5050286907326187,0.13729405735066788,0.40044037577478453,0.1361007146896619,0.47617977589039484,0.14485499207821037,0.4330078646320082,0.14432101729695695,0.5949030743854984,0.17540898330160148,0.32005566809841374,0.17374777806037547,0.628401834350093,0.2294095336997821,0.27811704353879685,0.22963739635179461,0.6301744708410051,0.2808441506000442,0.2607805143575811,0.27939545664444043,0.6473892468162817,0.2961957348947118,0.23922233367849263,0.29429920377508767,0.619726129285789,0.29677653733582704,0.2649543946322903,0.29492620195324665,0.6103608839584052,0.2925423711791369,0.27714265150432243,0.2914311457988146,0.24569258651493903,0.2812655777483584,0.27496558017423794,0.2859790900482035,0.2844223940585883,0.29315673090093486,0.2802182445840693,0.2996594346031033,0.2767817321628282,0.3038381222944569,0.25378455259743554,0.2994578076432609,0.25596275127201945,0.3083694882896092,0.26670842993896166,0.3103038911974324,0.27331506327622723,0.31040201355776637,0.2318329991470754,0.29889886101547347,0.23761964437087046,0.3077964868267306,0.2516344811681126,0.30849942469526576,0.2595976763251611,0.30739957392566836,0.21807963581467105,0.297145776375547,0.22211240074166344,0.3050793712422038,0.23596240568128188,0.3057309490389407,0.24410706102732077,0.30462342803375875,0.21097609720566687,0.29506383038492984,0.21204187460362675,0.30108973742565753,0.22368986571611074,0.30212537176267573,0.2312574334128887,0.30112074522462606,0.6356593400341076,0.28114760429536084,0.6050207657990302,0.28567328298515066,0.5969430606244516,0.2932715883207262,0.5950136105136681,0.30041948522012507,0.5909415858144829,0.30610587538402323,0.6321146870917582,0.2980987595660525,0.6216536065436984,0.30792110636453873,0.6065963988386659,0.310976344237607,0.5939400403468558,0.31229545043462625,0.6484696937845406,0.29828705077538975,0.6383241005946477,0.3087128620746731,0.6204314523718606,0.31100626251447544,0.6060241024035276,0.3111660518256745,0.6550061499267162,0.2975934610064734,0.6448031749018022,0.3064328845471438,0.6281498164872443,0.3087268297479962,0.6146142983875496,0.30927344298561066,0.6541131803487136,0.29667747798648697,0.6467131219527454,0.3035754820970096,0.6333155344525566,0.3059373916864655,0.6214256574859126,0.3066863509685084
0.04792949968080391,0.17724106929726355,0.049810524788847566,0.17108148144984606,0.050868008522570195,0.17143440412746955,0.05160696234451699,0.17175101465915782,0.04613285164934354,0.1705574069640086,0.04489629451980293,0.17050229431658995,0.04371136917689238,0.17044660728723326,0.053060359934333695,0.17644010068935448,0.04208544072746327,0.17499312051296126,0.05005249487278233,0.1862082920949779,0.04551720106751218,0.18555688694000264,0.06254924891044905,0.22548528551972621,0.033627862375800475,0.22338996822846569,0.06609664939315467,0.29499880886975327,0.029238623947201184,0.29531567156912164,0.06629035233866659,0.3611905553883791,0.027435042072430967,0.35931176607843596,0.06812607475604707,0.38086582655410195,0.02516471679124504,0.37864966490680857,0.06520221028621352,0.38161075789976534,0.02787581395202427,0.37949540728725195,0.06421336537591814,0.3761775250455768,0.02915797614589954,0.3749939059924228,0.025910302082830204,0.3615149831181506,0.028925747237303037,0.3677380611836925,0.029925181154995935,0.3769930073044075,0.029575512683952605,0.3852095549370783,0.02930127458615391,0.3907103407109041,0.02675552542806542,0.38493231058211763,0.02696832534604509,0.3963807512775476,0.027971331423288382,0.3994561042482234,0.028701190319508536,0.400245333049692,0.024435813929427376,0.38431480797080103,0.02503101130394094,0.39582393702124313,0.026494989007811887,0.3971283443931677,0.027439823726667305,0.3960021915524467,0.02299723561396123,0.38217541737278427,0.02341336996822397,0.3925350820814112,0.0248855577101653,0.39383716390695256,0.025862743447421926,0.39286259186060624,0.022264132129668122,0.37963183000218914,0.022328817862007858,0.38759861955703084,0.023526914246314597,0.3895826468454714,0.024426139454163717,0.38900706010631453,0.06678673725823117,0.3616935738729277,0.0635819557897964,0.36763136623637666,0.06277034928215577,0.37739947358610676,0.06257595858476361,0.3865590442864795,0.06213543571878212,0.3937860018865222,0.06649812455324587,0.3831715917837263,0.06536245054541437,0.39584315780219337,0.06373543710810521,0.3998479167858454,0.06237515875131506,0.4016035361933724,0.06821919398907361,0.38354398740998014,0.06715161334628157,0.397073455894798,0.06522645946888757,0.4000244341619194,0.06365961839220406,0.4001050157450287,0.06887667292879383,0.38277793001645016,0.0677926514587267,0.39416691517663743,0.0659925735612084,0.39705207767925127,0.06453657318625872,0.3976640045829744,0.0687566839412737,0.38170476040718254,0.06794698653799029,0.39046024640950144,0.06652389746206838,0.39336695523944876,0.06525948341693022,0.3942237649791857
0.0970172378889694,0.1699439893152197,0.10078956723695151,0.16402484969202138,0.10295969382741574,0.16436092216793244,0.10444642624516384,0.16464801318209213,0.09335929197392372,0.16354591685838576,0.09087104396686772,0.16349595469265532,0.08846170779791637,0.16344630151584977,0.10739316878558618,0.16910979982372545,0.08518495392084693,0.16780772049408643,0.1013439978121381,0.17851813642729808,0.09216322606645778,0.1779316351448849,0.1266735749068397,0.21620706054517203,0.06806624335583658,0.21420567210691957,0.13388521976109233,0.282925977794702,0.05919580452861078,0.2832113760869252,0.13429334426949693,0.3464733386786819,0.05552479771653462,0.34465973490097807,0.1380337930187044,0.36525328250666417,0.05088858761140037,0.3632480249896996,0.13211771708975456,0.36596075967033653,0.056425849486385016,0.36404553883923524,0.1301123079271277,0.3607685366444787,0.05901587641011676,0.35973605686898835,0.05271018941898991,0.3463819316941081,0.05874757255755484,0.3524895411272103,0.06082172707613804,0.36158816335359817,0.05999181666128542,0.3697592814331641,0.05929211288105904,0.37504229346574586,0.0543447231510421,0.36910613258307445,0.05461245652764177,0.3799454372008836,0.05635939804429795,0.38303847007659925,0.05774539041212263,0.38424658990445854,0.04963297001848554,0.36844844293921847,0.05077013878660663,0.3792925301682134,0.053658554663646385,0.3804898488180014,0.05560125350549653,0.3794284315579766,0.04670734109367662,0.3663293700234724,0.047537080365740565,0.37626110699726784,0.05043908858320722,0.3774333841098357,0.052426861031085334,0.3764320719128596,0.04522145237985164,0.3638881156991359,0.045415152989076425,0.37145229892434023,0.04782157973062029,0.3732993541117426,0.049616321127903,0.3727462908047268,0.13522370048877666,0.347081321408528,0.1287258711885535,0.35278584807191343,0.1271231700151949,0.36206505417346907,0.12672614276550861,0.37081500254952937,0.12588306336344318,0.37768256352633706,0.13458756574577543,0.3676911782557298,0.1324331122317478,0.3797499412515129,0.12923558845831984,0.3834235508828638,0.1265451998003028,0.3849448511375874,0.13810025647081173,0.36791303230382677,0.13599868307597968,0.3807634249252708,0.13221730417773325,0.3835248992502396,0.129162255274625,0.3836052363707204,0.13950901983704542,0.36704377928650395,0.13739597687286706,0.37790127394798045,0.13386937854437211,0.3806749197497311,0.1309849319790276,0.3812641481952643,0.139338897900092,0.36589482412061747,0.13776683428841136,0.37422210251598087,0.13494703766211522,0.37701100968376267,0.13242375642596688,0.37778458360876704
0.18364342592012137,0.3442858792773698,0.1907682270689657,0.33223561302433646,0.19495629021927605,0.33291514300046904,0.19775926493218687,0.3334743956808983,0.17669990053924461,0.33132388444905353,0.17200917239608293,0.3312286206936877,0.16738627045526205,0.33113961712796014,0.20335085250106993,0.3424575772843882,0.1612196168365994,0.339977235713251,0.19195404758640083,0.36163596764177997,0.17449929306057907,0.36047592728358197,0.2399006859072438,0.4378948487760936,0.12871187230264433,0.43392746720191117,0.25372525917724376,0.573302832307775,0.11197477817481197,0.5739934128795301,0.25453937844956886,0.7022767834566938,0.10524582713036747,0.6989525683223099,0.261664407203119,0.7400574634154561,0.09647452215922915,0.736906954934428,0.25046823583664934,0.7414881072753248,0.10697652193335229,0.7384715668525569,0.2466726542410924,0.7310197637256811,0.11188180165247565,0.7296671272723492,0.10014636645645529,0.7019846231280945,0.11187025071365418,0.7143131139832278,0.11563726791862801,0.7331905797465267,0.11380614253919055,0.7504479084314264,0.11196084876681446,0.761448640282486,0.10298492716512447,0.7478200441305511,0.10395508084353933,0.769892057448073,0.10738500409892635,0.776548544308723,0.1102030234828933,0.7795821777710251,0.09421664933657384,0.746861636315139,0.09689060632197832,0.769013997805758,0.10227127260995789,0.7725966226811256,0.10624472728313013,0.7714581391498562,0.088865213182942,0.7431838565572687,0.09096692072680168,0.7632685590649955,0.09625157196962193,0.7664977281897399,0.10031506706442514,0.7651981672572548,0.08625147471258557,0.7388336779958105,0.08707825449667311,0.7537278123104572,0.09142018980836773,0.7583763025172896,0.09503743173666244,0.7583488665557443,0.25641725383558617,0.7029902817661682,0.24415318394977795,0.7142395703640854,0.24101952235974974,0.7332710912289188,0.24016129329543254,0.751039850189054,0.23853407897195864,0.7649759577433098,0.25513973138216745,0.7450502640523967,0.25107962759748126,0.7693874861632238,0.24496441264233884,0.776962261189169,0.23980431807479044,0.7801350886071685,0.26174452405957527,0.7454529303372203,0.257784702908283,0.7712844324965005,0.2505876827862751,0.7772348244023787,0.24471179417932518,0.777770478889693,0.26442472879415513,0.7436728590226697,0.260501460958621,0.7655929402594909,0.2538033731122886,0.7716699513053582,0.24824110102951796,0.7733391900450945,0.2641293434069138,0.7413723754216632,0.2612105634196707,0.7584120128164439,0.25585918985733297,0.7645094375241753,0.25099468552126114,0.7665976734782267
0.19480159042177478,0.18326836738540003,0.2023597229044726,0.1768333717892035,0.20688045674497457,0.17719990382911838,0.20984719965858498,0.17749195574706594,0.18743607517247873,0.17635639471239475,0.18246759721271946,0.17629921600397394,0.17750151231390102,0.17625257174081974,0.2157529114754928,0.1822429760719968,0.17099450163403443,0.18095433954929788,0.20371255167834043,0.192483137915028,0.18512476506098796,0.19186873486998232,0.2543684547435766,0.23294649281520824,0.13632678374829157,0.23100844469207982,0.26940188112468816,0.30522084394857035,0.11869306701783784,0.3057981663258895,0.27034150804277757,0.373977646722438,0.11180265896845554,0.3724916378765258,0.27790991376688795,0.39399167267991925,0.10252285208668083,0.39273159653083856,0.2660745111789988,0.3947517466716842,0.11367021339559036,0.39356131088567253,0.26205001115722126,0.3891935878732472,0.11887745357194325,0.38885173280759505,0.10664014969382944,0.37342968168502266,0.11916394405952288,0.38002560650973455,0.12286854742988049,0.39043975333806946,0.12088906301601453,0.39984131827475583,0.11937651555359774,0.40591449117727085,0.1093113495812508,0.3983755089016106,0.11076350247032826,0.4100927100972665,0.11471729841885482,0.4135378649374325,0.11783086408149986,0.4151116270165419,0.10004409418324894,0.3977410078158707,0.1031671535295758,0.40961293639331,0.10904928523590027,0.4116989014590536,0.11342099664508867,0.41125938179766997,0.0944782211922677,0.3956873850910281,0.09691746337476044,0.4063861792960021,0.10261804273299273,0.4083601343728728,0.10709413027493246,0.40790435659926205,0.09184195636873213,0.3932375107289642,0.09292163173960707,0.40126148321517785,0.09757249733338991,0.4040091621427421,0.10152175492644541,0.40418808831901676,0.27215390120661026,0.3741216223045133,0.25918073108919987,0.38013182038016646,0.2558705234997526,0.390309456595515,0.2549514430644883,0.39981990161711617,0.25326970135909027,0.40729292406491746,0.27092094303077713,0.39658529077932075,0.26653849910585425,0.40951176514592175,0.2600492671767145,0.4135961738889493,0.2545670788016631,0.41534109534562247,0.27794663154031296,0.3968158313903129,0.2737698699946353,0.41059818958650907,0.2661373834164435,0.4138800098090067,0.2598565169954827,0.41421679327102295,0.28081380861538635,0.39587581690154605,0.27674091558347264,0.4076116815985821,0.26960700754028055,0.4109462175183009,0.26364412815645355,0.4119071849752321,0.28050488620302827,0.39466161702992614,0.2774086521029545,0.4037945318768706,0.2717361791246103,0.4070902627836267,0.2665278149347852,0.40825235555046174
0.27994527955096454,0.022015725330435273,0.2907992274281571,0.021240355313800696,0.2973770320704956,0.021284734640727936,0.3016407278781785,0.02131908496744226,0.2693366294354838,0.021184448120286074,0.2622059921338656,0.021177397703542055,0.2550099884549237,0.021172342293610046,0.31013567969032996,0.021887264996515575,0.24570677095636048,0.021737402730879585,0.2928597286265368,0.02312165718258962,0.26607397797329296,0.023048710611521795,0.36562940449167813,0.02797113401614564,0.19577193500614365,0.02775267728854307,0.3874723096307163,0.03666962484306295,0.17042542681190775,0.0367488227836438,0.3889314401577185,0.04494050876487723,0.16083781341796222,0.04478368660636653,0.3998402540686434,0.047333949424264526,0.14752365589892577,0.04721185709638178,0.382856678465975,0.04742543772094731,0.16355300408539272,0.04731037491968489,0.37707279715332165,0.04675986793524992,0.1710238768579155,0.046744249086107366,0.15320213392814472,0.044830793835278424,0.17162853323283403,0.045633928567135315,0.17694245463107508,0.04690559743808337,0.17401470154461898,0.04806207120365232,0.1714543040217868,0.04881065834087782,0.15709802217065838,0.047850032966552276,0.15921783987952431,0.049284599540316366,0.16542947111612666,0.049671456777482595,0.1701516181834909,0.04981287943314945,0.1438737781897916,0.04777485985646825,0.14842273912659784,0.04922637876560352,0.15703955750923834,0.049457172852086305,0.1632418879448119,0.04938234791073038,0.13594317638398823,0.04752738500622221,0.13951811745231027,0.048838591917933265,0.14787929419172094,0.04906310852224841,0.1542816526957748,0.04898950565312812,0.13218763462129737,0.047232990938177434,0.1339457467858559,0.04821943302369158,0.14083338979517596,0.04853224521745283,0.14657342695793293,0.04852773643242394,0.3914739836195104,0.044946378889632994,0.37266227038210803,0.045684131016040026,0.3679273108094014,0.04690191729462735,0.3666682431202291,0.04804447475613416,0.364274651552296,0.048937607622517566,0.38963844011330306,0.04764307102950792,0.38334028535012105,0.049195886148396546,0.37408026876848577,0.04968731238136026,0.36626714390277937,0.04990117154090827,0.39982638109813695,0.04766556969271773,0.3938597173144249,0.04932644942143396,0.3829286510197303,0.04971867193870021,0.3739225897678673,0.049760006530100216,0.40399936367260847,0.047548139344104234,0.398149003363443,0.04895930549765274,0.38794652879045954,0.04936271119446555,0.3794004660343369,0.04947905873833466,0.40358595610538606,0.04739846160789414,0.39913155041492643,0.04849125183140636,0.3909893336548752,0.04888711619356853,0.38351660072214666,0.049022647834355934
