pose_0_x,pose_0_y,pose_1_x,pose_1_y,pose_2_x,pose_2_y,pose_3_x,pose_3_y,pose_4_x,pose_4_y,pose_5_x,pose_5_y,pose_6_x,pose_6_y,pose_7_x,pose_7_y,pose_8_x,pose_8_y,pose_9_x,pose_9_y,pose_10_x,pose_10_y,pose_11_x,pose_11_y,pose_12_x,pose_12_y,pose_13_x,pose_13_y,pose_15_x,pose_15_y,pose_17_x,pose_17_y,pose_19_x,pose_19_y,pose_21_x,pose_21_y,pose_14_x,pose_14_y,pose_16_x,pose_16_y,pose_18_x,pose_18_y,pose_20_x,pose_20_y,pose_22_x,pose_22_y,right_hand_0_x,right_hand_0_y,right_hand_1_x,right_hand_1_y,right_hand_2_x,right_hand_2_y,right_hand_3_x,right_hand_3_y,right_hand_4_x,right_hand_4_y,right_hand_5_x,right_hand_5_y,right_hand_6_x,right_hand_6_y,right_hand_7_x,right_hand_7_y,right_hand_8_x,right_hand_8_y,right_hand_9_x,right_hand_9_y,right_hand_10_x,right_hand_10_y,right_hand_11_x,right_hand_11_y,right_hand_12_x,right_hand_12_y,right_hand_13_x,right_hand_13_y,right_hand_14_x,right_hand_14_y,right_hand_15_x,right_hand_15_y,right_hand_16_x,right_hand_16_y,right_hand_17_x,right_hand_17_y,right_hand_18_x,right_hand_18_y,right_hand_19_x,right_hand_19_y,right_hand_20_x,right_hand_20_y,left_hand_0_x,left_hand_0_y,left_hand_1_x,left_hand_1_y,left_hand_2_x,left_hand_2_y,left_hand_3_x,left_hand_3_y,left_hand_4_x,left_hand_4_y,left_hand_5_x,left_hand_5_y,left_hand_6_x,left_hand_6_y,left_hand_7_x,left_hand_7_y,left_hand_8_x,left_hand_8_y,left_hand_9_x,left_hand_9_y,left_hand_10_x,left_hand_10_y,left_hand_11_x,left_hand_11_y,left_hand_12_x,left_hand_12_y,left_hand_13_x,left_hand_13_y,left_hand_14_x,left_hand_14_y,left_hand_15_x,left_hand_15_y,left_hand_16_x,left_hand_16_y,left_hand_17_x,left_hand_17_y,left_hand_18_x,left_hand_18_y,left_hand_19_x,left_hand_19_y,left_hand_20_x,left_hand_20_y
-0.056199008244460155,-0.44344284797305344,0.012110702489486234,-0.5079554609698731,0.05256824738525676,-0.5054891494996211,0.0914989237592664,-0.5020328461887389,-0.09951575906815582,-0.5071140135270812,-0.13261506414864696,-0.5037438440685083,-0.1642743645075873,-0.4990205336885946,0.15425783692411252,-0.4600727035389132,-0.19510261918132402,-0.4529714053847596,0.03805359834930385,-0.34645156809850464,-0.10660282323824141,-0.3426569339355435,0.49999729522352054,0.0016446182425289375,-0.49999729522352054,-0.0016446182425289375,0.726506333437858,0.5932833595529715,-0.7218241738708591,0.5165074393336285,0.6460056715670675,0.9359236415520252,-0.6624656317589868,0.9381412232750368,0.5832171955122338,1.101503198528211,-0.6131643118260658,1.1119201025353436,0.5377538503988916,1.031403016836782,-0.5491016204666792,1.0588981469079177,0.5343475485192227,0.977225371195216,-0.5438455393625776,1.0046330900052158,0.6336273975501482,0.9390051166157821,0.544235057811209,0.9516751873060963,0.48195444300844426,1.0029580420595672,0.43723783459774873,1.0455716705676963,0.4086406656831908,1.087943503833644,0.5384036865176904,1.0869894619271343,0.5040481410997065,1.1462736405965999,0.4807129841159452,1.1819138943202125,0.466088477920903,1.2079098938898225,0.5889263005323473,1.0946531849389511,0.5528405961021948,1.1522603083060403,0.5243850370804164,1.1722079595685817,0.5031725685925464,1.1808890474673133,0.631113639466336,1.0829283967803354,0.5937200508847003,1.1281941084995022,0.5634717398182488,1.1447038876356597,0.5406375095814977,1.1522770971077616,0.6597451159322375,1.0569104987736977,0.6358738122152464,1.0818832938731853,0.6166062899093924,1.0832185510709533,0.6077279335904356,1.0780424905054906,-0.6759204876862834,0.96549638583617,-0.586194379269646,0.9763253454333749,-0.506872856989313,1.0281874138462301,-0.44478120744940036,1.0709955734699559,-0.3892307122931687,1.0996084362643836,-0.5680972371794385,1.0964275057991257,-0.5377346892664923,1.1623680793771307,-0.5215075824549681,1.1984105343941536,-0.5050374029924358,1.2225946207866911,-0.6096295391158342,1.1044034640255633,-0.5726168008515062,1.1613410426805286,-0.5429722479426078,1.1896166695447288,-0.5199120988305203,1.209179273289532,-0.6344217633533303,1.0964625432983701,-0.599378515769187,1.1457747212063174,-0.5728679029294246,1.1749536585979128,-0.5530558394894802,1.1920504983333897,-0.6503324377498032,1.0817927803334706,-0.6156064437720997,1.1205480867242827,-0.5919010207155939,1.1436892600533732,-0.5730129800747336,1.1575993297403846
-0.027109630432197523,-0.43930080663211796,0.02731570834293069,-0.5023435795140438,0.06396380207192044,-0.499771488780695,0.09741850093704243,-0.4962861351589831,-0.07960468202856964,-0.5018112266289553,-0.11629612255736303,-0.4988624702664794,-0.15053097351311773,-0.4949322701117826,0.15471737131582067,-0.454169210493933,-0.1907516562984242,-0.4475943137162163,0.04941282321283414,-0.34349670307026253,-0.0939947358933849,-0.33868746593788096,0.4999993755500794,-0.0007902211910037523,-0.4999993755500794,0.0007902211910037523,0.7219920638311531,0.5901934550060973,-0.7116280246097674,0.5357464428310673,0.6399551748044344,0.9287290716859161,-0.6483351948764742,0.9348124338150261,0.5796615823942218,1.0894385962395934,-0.5989016916279004,1.1053091239293689,0.5343605643660951,1.0240801108839905,-0.5379140988916649,1.0516748642506573,0.5307212392992474,0.9719319239918806,-0.5339455187579752,0.99880784292847,0.6311378938893754,0.9222857505067701,0.5380719534876164,0.9420258831373504,0.47562510879715775,0.993150182495765,0.4314917451887418,1.0399047632106406,0.4036959710379857,1.0833989421336188,0.5368663706180775,1.0756418516970905,0.49581857670901774,1.13884347253913,0.4723880059101547,1.1726678834842441,0.4571021181827307,1.1960713625332298,0.5872174714349948,1.078830550657646,0.5446449538428417,1.138897294815553,0.5143359683618035,1.1657253516606927,0.49025194455590043,1.179143534151577,0.6272677471135731,1.0651768505544952,0.5866351794242991,1.1123058392526748,0.5571028241064095,1.1343969939376053,0.5329747310540394,1.1461880459308602,0.6541257854952437,1.0396959761249198,0.6228485408735914,1.0682996262570164,0.5996081541588668,1.0772821668463268,0.5835429270933066,1.0763453341355704,-0.6751581042891371,0.9407926666829366,-0.5793437058623284,0.9688212492709714,-0.5012106476870924,1.0204151389605922,-0.44100275551232504,1.0618290327163271,-0.38224282706266516,1.087631395911113,-0.5634707399150638,1.0918970822351235,-0.5321722734226744,1.1551745599768195,-0.5155020875823545,1.1880047037014372,-0.498540394513355,1.2093051405132829,-0.603886122076155,1.0959879364665925,-0.568026398268594,1.1511395147500976,-0.539740444056725,1.1779207931737825,-0.5164044234649336,1.1958965304406886,-0.630228514151828,1.0850313103695577,-0.5955825007387692,1.12587320697955,-0.572151929939906,1.1519542539747403,-0.5523488541437775,1.165447209695286,-0.6495958643040969,1.0666542539811361,-0.619253014135712,1.097730477818699,-0.5967207154569465,1.1150594447102014,-0.5778538402307439,1.122712322215535
-0.00816423906139427,-0.4391299710776039,0.039151230187188774,-0.5006790896789449,0.07317187326290767,-0.49787095607164156,0.10320417604718511,-0.49413179741473373,-0.06554655671145343,-0.5003340000052203,-0.10407084411348203,-0.49753958035118445,-0.14016444534094866,-0.4939354100185959,0.155320066741481,-0.4513681057794188,-0.18803403000848376,-0.4454784558362771,0.05955777191658716,-0.34399206447794783,-0.08289103261389608,-0.33793354467888476,0.4999992182048667,-0.0008841914510276038,-0.4999992182048667,0.0008841914510276038,0.7190029848554588,0.5931726234073742,-0.7054246473480515,0.5391713778566827,0.635700847361423,0.9244554833704526,-0.6403650256112757,0.9280971205819026,0.5764416900547095,1.0812133191798243,-0.5909981999281833,1.097050156559657,0.5320819810868387,1.019351020495368,-0.5307232241091786,1.0438575860833406,0.528239205894132,0.9691627917551295,-0.5274311582555274,0.9915534646579222,0.6323784853234292,0.9077872039611472,0.538706806485536,0.9303089213062736,0.477499909280112,0.9841574310637115,0.43211443246130504,1.0331424172636696,0.3999904380858491,1.0752774182570353,0.538509074584176,1.0665734499825676,0.49502436961498036,1.130900495640551,0.4700803916613517,1.1632991276160827,0.45312223692611764,1.1850953499432542,0.5876095089658893,1.07082889864484,0.5421776019000721,1.1329726470891652,0.5115008329459038,1.159340724974258,0.4870259976811776,1.1725181310243742,0.6253244938577726,1.057177868221747,0.5836330003204041,1.1046014356902032,0.5533271355402286,1.1255818122484809,0.5287786213893202,1.1357780020523425,0.6500149877601562,1.0307407724019093,0.616537524794248,1.0595309316281414,0.5913773504008729,1.0678605896487197,0.5744285175685134,1.0650339018693484,-0.6799138259926997,0.9243491778242091,-0.5769633580809632,0.9596354484825231,-0.49852590938226643,1.0140022201863184,-0.4382806919455154,1.0555520925069375,-0.3777665734643037,1.0808347065092236,-0.558407124438499,1.0846152759269785,-0.5246732195098568,1.1481686036463667,-0.5106034205268568,1.1809591140773594,-0.49507151693144247,1.203185219540942,-0.5984737385978729,1.086912587183488,-0.5603094200606957,1.1413840510272597,-0.5349730258495174,1.168822713604032,-0.5133366203764371,1.1882628249796385,-0.6241524438386498,1.0748330144642233,-0.5887751949936265,1.1163871892015538,-0.567236490233367,1.1427491719963054,-0.5479716127050673,1.156533577337451,-0.6415013117914853,1.056067486175487,-0.6116928243098806,1.0885080667139548,-0.5903175217509717,1.1070443120454474,-0.5717943629369763,1.1158965344290945
-0.009990558078486434,-0.4385493654442974,0.03753193745477605,-0.4994993158929643,0.07231621276311362,-0.4969033799285506,0.10171719675013396,-0.49337550090135324,-0.06771893620722998,-0.49852473607826536,-0.10590300189056764,-0.4956301644539933,-0.14180537695885867,-0.49199150123039687,0.15378309311091856,-0.45021381742747363,-0.18941537595159577,-0.4434047816655425,0.059245104759636937,-0.34364388040286753,-0.08353966871811196,-0.3366899867222954,0.49999887055635633,-0.001062752260866814,-0.49999887055635633,0.001062752260866814,0.7163764618043552,0.5901698475715644,-0.7039637259052436,0.5394749279407747,0.6317100410983907,0.9195227004362921,-0.6347700754314551,0.9284835541965574,0.5757779368400853,1.0731760993269497,-0.5836729610006949,1.098750301032237,0.5301808742081675,1.0141352585043126,-0.5245537149376112,1.0441713338587735,0.5254512274852499,0.9641812193367196,-0.5222991405831968,0.9922378076650229,0.630128378159141,0.9002689066122,0.534843265468859,0.9249001046747088,0.47281856559796,0.9795987758671477,0.4273506619969486,1.0288087234354162,0.39731298107442387,1.0711934011646644,0.5344297424942164,1.0598616585635883,0.4899804826314315,1.1263359227285055,0.46482693975884787,1.1588451080905031,0.44773977083856664,1.180577185419226,0.5829624971324835,1.0655350225150906,0.5365118074800029,1.1288126006650725,0.5053675333686483,1.1530691661793722,0.4816102995221764,1.1637715260994563,0.6196429483241152,1.054060562752792,0.5770388429594872,1.1034187577722803,0.5456028906498838,1.1236562296300994,0.5209847155283365,1.131891188229096,0.6424687742971579,1.0302184121953926,0.60639576302298,1.0628555078131359,0.5785414762707098,1.0732082106882246,0.5595909564142157,1.0710150047131362,-0.6858564860751237,0.9142983603532866,-0.5820503560758195,0.9533807413682949,-0.5002634324939728,1.008336125054483,-0.4379423269188596,1.0491648289335014,-0.3772198319458912,1.0756133516477289,-0.5656948802014815,1.075950699337569,-0.5288111462533334,1.14045618026342,-0.5137205012203309,1.1727047284097347,-0.4962726146750595,1.1941966841147005,-0.6057926046203629,1.079258169548903,-0.5647657914819222,1.135520128846084,-0.5360923082242341,1.16381862276266,-0.51190406855087,1.1812454585266507,-0.6302155248257125,1.0677972679169205,-0.5920671384326806,1.1104709478976447,-0.5688864819175481,1.13704880803923,-0.5483794530214698,1.149210272536364,-0.6439670368953181,1.0498958975918644,-0.6127597888365739,1.083176826003173,-0.591343116434153,1.1012159183888093,-0.5728288650998714,1.1081826566138915
-0.012769222901974537,-0.4398492650026915,0.035778090223944486,-0.5002001810388439,0.07093467845127081,-0.49792784631911047,0.10044399694467933,-0.4947375968542466,-0.06944438966619032,-0.4987815612729027,-0.107191110472312,-0.49584153093937633,-0.1427619740844647,-0.4921904123353077,0.1526773739904508,-0.4512980795923717,-0.19008175518902118,-0.4435653836725056,0.05788380341762907,-0.3451218504475368,-0.08473265410378168,-0.33760691808582477,0.4999918429348198,-0.002856045980453058,-0.4999918429348198,0.002856045980453058,0.7162514187195037,0.5864636267046515,-0.7015485994705144,0.5450942414956083,0.6289363235631743,0.9156166682505985,-0.6309401217595818,0.9257303583708285,0.5735370609622712,1.0679894489097073,-0.578493516043964,1.0968990951139401,0.5278202294954621,1.010419486438793,-0.517638871728129,1.0419239779488862,0.5229906623670096,0.9604633346785771,-0.5155782540488059,0.9901437340563827,0.6286224381567701,0.8935417211619042,0.5320517248835535,0.9196061250901821,0.4708076136895172,0.9742502843281434,0.425544982408519,1.023383753997693,0.39488575851125246,1.066593770343441,0.5342234917861075,1.0535043042994934,0.48854151671570367,1.1205971765393206,0.46224396617677654,1.1533008347890077,0.44451184153816176,1.1750092561991756,0.5825180960380887,1.0591037354077326,0.5346787590044615,1.1236881919776838,0.5029334738171607,1.1469110882439073,0.478434584468246,1.1565127805822464,0.618162495976331,1.0478931358332808,0.5747894014902589,1.1000304799501808,0.5429237194643544,1.120362785057371,0.517684487369343,1.1286079233560211,0.638761025703004,1.024508228459276,0.6022523294049178,1.0614120824757929,0.5736988942312954,1.0727498367616206,0.5539137989799158,1.0712869351451442,-0.6851319481186825,0.9074412427447589,-0.5802432715757548,0.9500723939359198,-0.4987837842573673,1.0044442820366546,-0.4372674019261045,1.044653447193924,-0.37734623324665223,1.07123002674285,-0.5640286450520675,1.073997553481922,-0.5288861950059361,1.1370421042535424,-0.5148917964461316,1.167460178796087,-0.49855961850395514,1.187871799988975,-0.603909075266709,1.0739658981831457,-0.5649311767447027,1.128769400947531,-0.5377021957151004,1.155579660623378,-0.5151211195235016,1.1714567491859575,-0.6288561182836908,1.0596900697901204,-0.5920489196316957,1.1005202478874256,-0.5695842389066644,1.1261469906343093,-0.549268028206998,1.1366684650247292,-0.6427516384945092,1.039543250506658,-0.6122254379876054,1.0708010796605572,-0.5907145065172743,1.0876155563121772,-0.5725180448836898,1.093803989384162
-0.016390936767614387,-0.43901380702403064,0.03219079017731844,-0.4992254096652416,0.06881772308163239,-0.4970451463363489,0.0993588049320984,-0.493886844178001,-0.07342657575074403,-0.4973567519924485,-0.11079591290264355,-0.49441917420514003,-0.1456100126735226,-0.4907987442623118,0.1524281503318928,-0.4505725929651006,-0.19010261429828115,-0.4422850007786642,0.054695623395342285,-0.3444733964739608,-0.09014651342042652,-0.3368083943409389,0.49999208738105366,-0.0028129266497430973,-0.49999208738105366,0.0028129266497430973,0.7149809973212037,0.5853050743304842,-0.7000423860894519,0.5561456720169473,0.6281300842505195,0.9137976092102877,-0.624062702987806,0.9279090587459848,0.5733851151574298,1.0658737720650826,-0.573924811538729,1.0956034899428735,0.5275472220102682,1.0086384427583346,-0.515336380599143,1.0407607169668383,0.5227014034904627,0.9585614346701474,-0.5134993183731091,0.9890237054062254,0.6284664515067478,0.8895246734913195,0.5340468314146533,0.9154471400346302,0.47263770809051686,0.97167869264799,0.4269285042630203,1.021155032242733,0.3959757940921357,1.0634364851018794,0.5329873189331618,1.050795111353033,0.488050606028676,1.1172934091380244,0.46172094872769365,1.1496751920159771,0.44337712934634665,1.1715055156964456,0.580172811135355,1.0575173089048115,0.5321688548600914,1.1219436198919388,0.5002665062613327,1.1463445349205328,0.4756453106179741,1.1570772241806073,0.6149418252687239,1.0473457050784771,0.5705624702452706,1.098463410382108,0.53863278625999,1.118839988506635,0.5135744019347896,1.127820017984125,0.6361668653904914,1.0258022254539794,0.5971111656434486,1.0598276815734484,0.5681573112363562,1.0697825548352158,0.5482370920647385,1.0677217506954744,-0.6842736843702323,0.904698830553686,-0.5805074921177394,0.9470756022606395,-0.4989180196937517,1.00172827004859,-0.43648000307107854,1.0413803782288396,-0.37655187193815076,1.0688323838998122,-0.5644569164128257,1.069886571306007,-0.5275149165534694,1.1329929736296447,-0.512797207195267,1.163996094513336,-0.49528347830138775,1.1846824145176087,-0.6041541989818405,1.070988151882341,-0.5635731314161183,1.1258098020597,-0.5362061494473798,1.1530644249396826,-0.5126132258437732,1.169764748582023,-0.6284674277705522,1.0578868691303878,-0.5917481935610991,1.099748351051151,-0.5701952175523227,1.1257379135431975,-0.5502054173968308,1.1381052234167846,-0.6415640067059933,1.0388152894585208,-0.6116874942525292,1.0721916188993474,-0.5914450192742189,1.0904837850503186,-0.5740700973430682,1.09868795105711
-0.0221745593932507,-0.4389477598200659,0.02765271267573203,-0.4986404197302991,0.06567269603333441,-0.49677017212374663,0.09767841089901892,-0.4939304354898536,-0.07827525625727559,-0.49620651159295953,-0.11494126750077646,-0.49319875735584484,-0.14870014021473238,-0.48954886942165177,0.1519577508876344,-0.4502516157129368,-0.19027842995579966,-0.4410244644814996,0.05079556539909424,-0.34417883455996745,-0.09606537105195824,-0.3365780972705232,0.49999350614274946,-0.002548296505584575,-0.49999350614274946,0.002548296505584575,0.7132771950704063,0.5833228860170219,-0.6992243869628845,0.5549421708691333,0.6271598921088327,0.9112897046992298,-0.6193862658570854,0.9257859836234786,0.5737697965779642,1.0636528855176746,-0.570477112119677,1.0931200023108547,0.5270148463964646,1.0068448673150474,-0.5109685010125512,1.039081041750359,0.521994689437789,0.9566346178521107,-0.5084694052336876,0.9873599624109036,0.6277157584650898,0.8872188137858005,0.5347541074241475,0.9134839419697701,0.4743159524341477,0.9693208768820848,0.42806496649214804,1.0186429447292558,0.3970113809014417,1.0609174845382863,0.5325756356429975,1.0476119429138333,0.4873570235455695,1.1149121600162246,0.460726100579678,1.1470507301295805,0.44187376379478016,1.1686956842205305,0.5788425642147177,1.0548644223140484,0.5305243506189515,1.1198382554595487,0.4985962232179071,1.1445923766266695,0.4736546875814047,1.1556864983685498,0.6130161224417385,1.0454481737800922,0.5683721535755718,1.096722859487372,0.5367022967760005,1.1165508852111683,0.5115510269885076,1.125076826445396,0.6340527766386839,1.0252594903439507,0.5947557886404643,1.0598369285238924,0.5658468410278343,1.069506133449415,0.5455460277626581,1.0672707996222615,-0.6842285723073912,0.903868410564307,-0.579372302372266,0.9453839040583082,-0.49743683975656156,1.0000329359161106,-0.4344160673219954,1.0398824246043128,-0.3739475327653614,1.0667980120808815,-0.5625500823419518,1.067558121237892,-0.5267530329883868,1.1303634024607352,-0.5124435485423638,1.1613872284759632,-0.4952396796705724,1.1823418667000127,-0.6029003467437101,1.0688843708903129,-0.5633643078698471,1.1242253128779878,-0.5362993910948958,1.1519966652898903,-0.5128548683891544,1.1692772359246706,-0.6278172598743107,1.0560643709110162,-0.5914330788962033,1.0987257852012655,-0.5700757121313792,1.1246283071292575,-0.5502367922772737,1.1370130733171828,-0.6414623795118116,1.0373188497452461,-0.6115706573470739,1.0713896665807343,-0.591808793536618,1.089584458459824,-0.575085949231562,1.097795089906245
-0.022551714150837593,-0.4379822092981242,0.027645309689821124,-0.4973128508466337,0.06594668327214656,-0.4955967992990955,0.09818228518412257,-0.4929525367231174,-0.0781158353153483,-0.49448707772524253,-0.11457941462536682,-0.4914243521214153,-0.1481372361086711,-0.487756620793991,0.15288864542488184,-0.4490203634827236,-0.18869451385779573,-0.439336387438246,0.05031647119860805,-0.3432645154779067,-0.0967623359562903,-0.3356521079879606,0.49999436899175786,-0.0023729678745898902,-0.49999436899175786,0.0023729678745898902,0.7124065550613201,0.5814747706476878,-0.6960698114240946,0.5537389705351778,0.6261215975189758,0.9082544913285161,-0.6140342841312205,0.9229540204401169,0.5735698804549434,1.0603801038526175,-0.5642474246845253,1.0897401408398886,0.5263538318460047,1.0041060080741906,-0.5049055711519362,1.036113309270973,0.5212676521075147,0.9538067521267283,-0.5024752191068608,0.9844903329354158,0.6287446720935439,0.8852602127982255,0.5368752636462157,0.9096929800575823,0.4758723590864156,0.9636611150158786,0.4300109300342948,1.0121542704098099,0.40034560926004004,1.0556451152374995,0.5313007004752234,1.0425726480675146,0.486284319546008,1.1100825644270291,0.4599001373567827,1.1428305628397724,0.44147787639743075,1.1651164558562526,0.5759136265442553,1.0509457930914219,0.529153826232347,1.1162449180704728,0.49789251925187783,1.1413933100774551,0.4734966544283103,1.1528849757755695,0.6090285305147496,1.042612552136837,0.5659305465465386,1.0954819126553421,0.5344644222191054,1.1163953528804844,0.509003330624646,1.1264132165138492,0.6295740057820701,1.0234298184935415,0.5910838824205166,1.0602294924759275,0.5623119890390536,1.0717299865079628,0.5417575088711337,1.071573548430885,-0.6782012635682595,0.900788016198282,-0.5758213704547821,0.9421169786154295,-0.4947139659070088,0.9959376803972474,-0.43221377591422955,1.0353362393192582,-0.3716969594201124,1.0609989700604703,-0.5586146827929944,1.0650008538267992,-0.5228861505652272,1.1273077033067116,-0.5087067868882441,1.1581823292614466,-0.491631111701842,1.1789506316769298,-0.5984581014612776,1.066737387109034,-0.5586785999305814,1.1210048025872477,-0.5316380311143397,1.1478044461707888,-0.5086677656523139,1.1646112985893007,-0.623327694683039,1.0540224674628442,-0.5866658309931577,1.0966105268637858,-0.5649202320126345,1.1220587290907207,-0.5453071170906968,1.1340405438881216,-0.636902405769782,1.035146606706638,-0.6064880008623417,1.0693993063528537,-0.5859547086958319,1.0875452404604826,-0.5689897408167975,1.0953433078127846
-0.02084151794927296,-0.4376770227279178,0.030064186734415726,-0.49631628281486617,0.0681683894440375,-0.49426658584371364,0.10030259243551835,-0.49136391867561385,-0.07533555574776701,-0.4933019035553852,-0.11182925713368992,-0.48993215669812484,-0.1454658558108323,-0.486096385699024,0.15635479400308783,-0.4466465360807811,-0.18592929474323672,-0.4370593516210844,0.05206038548964177,-0.3427992398196897,-0.09443559654336746,-0.335561615732341,0.4999975480749819,-0.0015658604682847448,-0.4999975480749819,0.0015658604682847448,0.7118627839835789,0.5779809882564506,-0.6917069319810116,0.5531177470551795,0.6263360068221668,0.90583187479633,-0.6082207916762542,0.9208166004775468,0.5745402998230494,1.057332294636385,-0.5577906990225638,1.0865734183479239,0.5269498933473574,1.0012860745036296,-0.49999490920668155,1.0330784560879394,0.5215833148472281,0.9511671044225496,-0.49792506887416976,0.9816055706442305,0.6307691296421885,0.8822882436697833,0.5380220569619334,0.9057497180299127,0.4778380913342414,0.9599869059805067,0.4314912955262239,1.0076181269525775,0.4008016090423504,1.0517880323373658,0.5346217871946657,1.0404194358503849,0.4874031093002152,1.1061452008333488,0.45975973238225676,1.1381706824508557,0.44085294470851805,1.1604290087905824,0.5791338658357319,1.047680369941053,0.5300106287266476,1.1114977053692097,0.49767622359344754,1.1367175456401337,0.47218053362286094,1.148680415268352,0.6112798557722876,1.0382538045985705,0.5659157745193176,1.0901879642211794,0.5332631218690962,1.111954757358829,0.5068513927491841,1.1226602942042108,0.6297661837635051,1.0171933485426459,0.589855411815469,1.0535305650383586,0.560953646567354,1.064712153725122,0.5408993030320731,1.0640000111331362,-0.6747099812585072,0.8983638775063615,-0.5704418734657879,0.939290965599136,-0.48863159045630117,0.9936581617946603,-0.42649028824796864,1.033614146352909,-0.36609706036405953,1.0594653798458282,-0.5544810304002746,1.0608822761985586,-0.5187168881371197,1.123569296371402,-0.5043584538658508,1.1546059060744938,-0.4875668070971131,1.1754256973414272,-0.5949226546880628,1.0624870599742735,-0.5553456995800201,1.1174770290886784,-0.5281674671811353,1.1449896940634934,-0.5051143137093455,1.161893932546379,-0.6202572857300519,1.049858667760709,-0.5839834900358242,1.0917394428572271,-0.5622943675884813,1.117586454160866,-0.5426841455881479,1.1293258996063218,-0.6343761107596496,1.0306916876725565,-0.6047359021988222,1.063547357257351,-0.584430250439072,1.0815410964991712,-0.567261069578832,1.0892224902723608
-0.01789915487558268,-0.43718018385660157,0.03389539805812663,-0.49463607773675944,0.07160095994556301,-0.4923999164577753,0.10336441120514127,-0.4894506072028686,-0.07113499801957596,-0.49260133056089767,-0.10795738931639483,-0.4895128640653923,-0.14195516045479806,-0.4859347604989965,0.1594261021076563,-0.44487618429319,-0.18305994703602702,-0.4362985916089776,0.054123792606452406,-0.3421230740980259,-0.09182681160795472,-0.33600112005462407,0.49999727045726633,-0.0016521305285067548,-0.49999727045726633,0.0016521305285067548,0.7115196082247062,0.5714634136054629,-0.6874807429470441,0.5658597698640011,0.6261843898206724,0.9033671990916716,-0.5986256442959325,0.923211880921119,0.5747374230884332,1.0544747759803637,-0.5455823589971532,1.084730383566763,0.527298395331169,0.9987732980232673,-0.4915362997831335,1.031273835460837,0.5219023913790818,0.94873929901315,-0.49113312083400135,0.9802286447061803,0.6294131534711607,0.8796752185297048,0.5387028003168436,0.9040928861258207,0.4784888397411651,0.9579263074643194,0.4333028089214828,1.0041147614563548,0.4058545474062919,1.0470244709364391,0.5342538021608912,1.0368869492602601,0.4878385928921148,1.102807671986313,0.46073616386395677,1.1349430860780396,0.4418707561762901,1.157114596222879,0.5783833954035521,1.0449587707007593,0.5294661617470988,1.1083388873215148,0.4979192942205255,1.1329670006501051,0.47320016311263996,1.144671816918887,0.6100060233938163,1.0367589281063383,0.5648676936068281,1.0882925283317795,0.5331631671523427,1.108967593947282,0.5077074759807968,1.1190502243615739,0.6282130866817255,1.0178566924154886,0.5874278268709702,1.055398106631595,0.5584308601362115,1.0681237600743214,0.5377656153215576,1.069332595435943,-0.6663105160601736,0.8955067002408656,-0.5645363292639028,0.9354377257492187,-0.48438070645039494,0.9896720462080811,-0.42261304256900245,1.0302672033738345,-0.3617538027661244,1.054957924307836,-0.5481277878171528,1.0575537724179076,-0.5147298747020235,1.1202739662959125,-0.5004590234686039,1.1512521042304737,-0.4831513526298571,1.172045019456162,-0.5891839088227471,1.059794317982985,-0.5510585076990243,1.1149649465799147,-0.5242961239002562,1.1427064291490199,-0.5009841732568494,1.1600873175655235,-0.6149458862207651,1.0474944664056318,-0.5791009276655679,1.0901486596922034,-0.5581958624016151,1.1162065764015137,-0.5388614237876961,1.1285439574678247,-0.6297004995817101,1.0288175830199735,-0.5999231299223589,1.0624410238117379,-0.5803568502598306,1.0808141638568582,-0.5634083401378401,1.0889296527868455
-0.01217287197594912,-0.4356774081309052,0.03996314003498116,-0.4927920196297119,0.07626787171368732,-0.4904760037124686,0.1076040556775662,-0.48758196714153884,-0.0639469327503883,-0.4910777989945843,-0.10137108231987965,-0.4880566730496246,-0.13615310149172483,-0.48462080220798526,0.1620872878055532,-0.44352950361000226,-0.1797525359822729,-0.43538590671248023,0.05794602424005358,-0.34083193687452523,-0.08553490721121422,-0.3349516496407801,0.49999713055133327,-0.0016939422755849838,-0.49999713055133327,0.0016939422755849838,0.7108497649409136,0.5683194689999276,-0.6836809586764846,0.5813226174297355,0.6255558380627121,0.900223246238765,-0.5895290597604951,0.926943481205036,0.5745763917994877,1.0510461675385667,-0.5343699114499952,1.084300754240554,0.5273694196649655,0.9955605551207755,-0.48332351163759146,1.0309386007310732,0.5218675161314789,0.945619500716888,-0.484483573654184,0.9803577291209278,0.6283166667890603,0.8781698309824031,0.5395280443452015,0.9023631376108431,0.47949780681508997,0.9533639111142761,0.4347097283098009,0.9985900721110631,0.40817497040796713,1.041730359090071,0.5340284133864911,1.0326426821864296,0.4875278623805178,1.0993226483255172,0.46039594175284315,1.131790224901118,0.4416800647756833,1.1541815545453753,0.5773727076550355,1.0406479142427623,0.5286322719868258,1.104270393240469,0.49737003410989966,1.128101311598807,0.47271417110775504,1.138788706331538,0.6082881156584052,1.0335219938114237,0.5627847005389063,1.0856968144069958,0.5318089818972417,1.1060660769406556,0.5069730610474342,1.1154051355772476,0.6257586216581381,1.0159581374324171,0.5847201167203437,1.057117788087134,0.5552236694446234,1.0727420893012682,0.5339186305434501,1.076167209116081,-0.6613750253997839,0.8952076737074123,-0.5587739556855785,0.9345889471929316,-0.4781006103612599,0.9871817467339036,-0.4159829254923702,1.0273704835187962,-0.3561528493560197,1.0537737817104917,-0.543244490764995,1.0549667086546188,-0.5118347977477742,1.1172378797276328,-0.49856776842374595,1.1475209875028507,-0.48215759337061376,1.1682363806562894,-0.5851144084440364,1.0571015304368112,-0.5486894925223514,1.1120604299468277,-0.5227144872692713,1.1396993095630676,-0.5006327522349273,1.156666877283455,-0.6111538324513531,1.0450701699440494,-0.5761274240843306,1.0880571455323775,-0.5561003588679524,1.1141559187040453,-0.5374662945827403,1.1263155922649473,-0.626014286320475,1.0271542392881565,-0.5969643999883028,1.0608129946734413,-0.5780612104055403,1.0791726018510508,-0.5617323236040228,1.0872260824180193
-0.006372905953868489,-0.43519609844537543,0.04572540047765901,-0.4922073871333329,0.08048764237124842,-0.4898689071225011,0.11131129050924327,-0.48699210780817886,-0.057269708149219396,-0.49066062506649916,-0.09468722201358598,-0.4878322875872843,-0.13045074654352984,-0.48463450501916955,0.163438761360457,-0.4431327499380207,-0.17759861102986868,-0.4355953191843144,0.06172618865079968,-0.3404356597673975,-0.0795301936830452,-0.33464329167066703,0.49999721236339595,-0.0016696193677276597,-0.49999721236339595,0.0016696193677276597,0.7106483230124023,0.5652350067091141,-0.6823261787521682,0.582084531886298,0.6255442760837192,0.8975419140158729,-0.5848655863318,0.9280133188334654,0.5751912942650331,1.049423924801161,-0.530416400645143,1.0839187970747524,0.5280451761511306,0.9939254312361511,-0.4798688729370527,1.031545436984507,0.5222384878004225,0.9432495451539925,-0.4812788067235021,0.9811741182552398,0.6284287594367611,0.876114797408651,0.5386327336834622,0.9005186058335517,0.48020138224892484,0.951991536295639,0.43666676233329726,0.9966957018318588,0.4118052296928415,1.0392801205048938,0.5361549804708352,1.0308573662446037,0.48853734179913083,1.0959366336324163,0.4611928168287392,1.1280882233709761,0.4424961535256773,1.1508661590576785,0.5798745412274673,1.038770354390737,0.5302931067511399,1.1027612824762456,0.4984946335192007,1.1276628070454926,0.4735658655399473,1.1398682040028156,0.6104811152716297,1.0303683819624387,0.5648604534808379,1.082599936610856,0.5336155803112068,1.1033087702350266,0.5087704635716522,1.1137955620777835,0.6274090525712037,1.010823680204308,0.5867629326652216,1.0483776730745717,0.5581905332348652,1.0611385911038826,0.5382225107981746,1.0622222152006089,-0.6568607505232388,0.8942037231038794,-0.5561870074573164,0.9331755957551776,-0.4767429535946918,0.9859340309676278,-0.4146303363830492,1.026175691017362,-0.3544927790782436,1.0517354233578518,-0.5398095267496651,1.0533661859388717,-0.5078143246627763,1.116015201444325,-0.49432464541579596,1.147498105177024,-0.4777000530084078,1.169293182456575,-0.5821536445754648,1.0562267439895363,-0.5450534465827745,1.1110769841061905,-0.5188587332244449,1.1393683922115456,-0.49678353780611084,1.1570886586854705,-0.6089072844320332,1.0446156375722873,-0.5740441895302474,1.0880416331223768,-0.5537998909741335,1.1142021175809549,-0.5354585271432375,1.1266843145694319,-0.6249886676931093,1.0269240116063179,-0.5962745501395469,1.0611743917388268,-0.5776192758632254,1.0801597304056096,-0.5614524076713923,1.08861182372283
0.008628515524470373,-0.4350614195230572,0.05928874431020162,-0.4918218965469981,0.09090084986234094,-0.4894156342255016,0.12053384128270142,-0.48649641035808444,-0.04267330763279066,-0.49103815200208334,-0.07912811203650658,-0.48863206409797744,-0.11689409917448242,-0.48569443919584604,0.1661317797220196,-0.4428207259811911,-0.1743593968740661,-0.43627606223158877,0.07095657007555613,-0.34045620590925907,-0.06679531996927432,-0.33496528482530774,0.49999736289923835,-0.001623913115706965,-0.49999736289923835,0.001623913115706965,0.7102795039268228,0.5625873051623947,-0.6808686330534633,0.582860361730567,0.6255873027109845,0.8945180762250614,-0.5806712490604378,0.9285657462203275,0.5759711364257228,1.0468362602331753,-0.5268659258863893,1.083640073835595,0.5287753602706008,0.9907795573805332,-0.47578195005005813,1.0323554307913134,0.5226984839627391,0.9392210790329213,-0.47743908967868515,0.9820318275695492,0.628632281517065,0.8760085538938166,0.5403326054102792,0.8996614706581297,0.4812417376297773,0.9496531575854747,0.437600064644062,0.9938100595431892,0.4106513568659044,1.0353318635628659,0.533870615503848,1.030326956537979,0.48710006894714647,1.0960981847980138,0.4608361238447061,1.127774824784696,0.4430307245195415,1.150003274719518,0.5777866470450659,1.0373031289120653,0.529195182929911,1.1000494363659452,0.4987352786604482,1.1232193913755306,0.4753823598080642,1.133591121510917,0.6100317133078975,1.0276874981651747,0.5667559680077795,1.078871676792438,0.5365622246764584,1.0989324673961813,0.5123426258099025,1.1081647287184089,0.6294352991836474,1.0065758427827263,0.5920813731310973,1.0450765631788423,0.5640603472351838,1.0587229798238038,0.5440267657443829,1.0602976200266503,-0.6574150753666705,0.8923001846854739,-0.554990904547134,0.9325238000664946,-0.4754863125728954,0.9848287848461162,-0.4136284873070195,1.0243924048208928,-0.3537200380078155,1.0506186757669513,-0.5371547205525184,1.0528428463326025,-0.5061276109286409,1.115107064118708,-0.4934850535756028,1.146645739949381,-0.4775383331739687,1.1679049524443248,-0.5793664325609368,1.0544445212310007,-0.543831505475543,1.1092230934449123,-0.5191287704368687,1.136706390525432,-0.49741877619577324,1.1548557409449711,-0.6068431017806115,1.0421596067375039,-0.5732098475055452,1.0845078003541109,-0.5537544596647703,1.1104412245012572,-0.5356443531581289,1.123215554192936,-0.6236373162834453,1.023405376807168,-0.595744138334883,1.05668142426617,-0.5769207519091519,1.0753320502664558,-0.5608830728382905,1.083862804843463
0.016518415512398306,-0.4346334806216439,0.06748342359859559,-0.491126212744119,0.09777541050353429,-0.48867094550106116,0.12701771386948624,-0.4857276537469669,-0.034135169049545694,-0.4911333498958766,-0.06997315806233656,-0.48922250807042755,-0.1083446618722109,-0.48664843336213615,0.16864541261112123,-0.4423042650308016,-0.1712879865685986,-0.4370167670780731,0.07673787235202062,-0.34016509549653434,-0.05972107475469377,-0.33509266951933114,0.49999743126353413,-0.001602725761766346,-0.49999743126353413,0.001602725761766346,0.7098396153193149,0.5600572596114067,-0.6788967549894557,0.5832216689866916,0.625874506428342,0.8916131222810922,-0.5772263744718535,0.928022344549801,0.5767860470237828,1.0437401193798153,-0.5233609845805438,1.082174377902095,0.5299273382744277,0.9871607840134519,-0.4723949320331138,1.0313096380942486,0.5236825045633811,0.9349699265936651,-0.47430255343642824,0.9810672231042924,0.6289312963030697,0.8744364350767074,0.5417471578925372,0.8982451029557718,0.48308568905854204,0.9466255917213494,0.43871575735013124,0.9899458398907734,0.41622763662309903,1.0328731965597842,0.5369826739021446,1.0261519144496982,0.48910822660386954,1.0914596382618882,0.4622448577725433,1.1236469741506558,0.4437371788037982,1.1467793533814674,0.5793237396657975,1.0353417806835603,0.529347488213339,1.099083508954005,0.4976045705791375,1.1235146757278316,0.472771112153802,1.1356057071127308,0.6089061892399054,1.0293063614496947,0.5623303554077731,1.0813800651345333,0.5308022486337888,1.1017454924827257,0.5059129115324973,1.1117460347101302,0.6246383865592964,1.0130266923674325,0.5821838226750101,1.0521050353166195,0.551995411508993,1.0664164172056276,0.5299745131067768,1.0690536818185048,-0.6559629974697524,0.891086017512261,-0.5534898614562901,0.9309771253774562,-0.4733843849743411,0.9838070189948583,-0.41277586632549235,1.0234258706320312,-0.35310109601878703,1.0484522062316946,-0.5382524776459487,1.0511429124443177,-0.5058963742296443,1.1128169556275178,-0.492596553044625,1.1442970171847922,-0.47544197360300167,1.1657100391495057,-0.5816752570930616,1.0537157686145042,-0.5452322639111582,1.1084248220666264,-0.5173310487681505,1.1354497342352958,-0.4941905749627845,1.151182105631559,-0.6094749854196133,1.0421194637002187,-0.5747711072287958,1.0867151731117914,-0.5524929232095609,1.1123519963020396,-0.5335413482168662,1.123576298940568,-0.626454791681611,1.0247512919364832,-0.5979899156266234,1.061535301710903,-0.5772165391285778,1.0812484630191976,-0.5598219947187134,1.0901253390369572
0.02295908342697461,-0.43443774703477495,0.07419288151924912,-0.49072320644690814,0.10375473192753955,-0.48825598266979836,0.1328795287841884,-0.4853033079596823,-0.027398348438290584,-0.49099742931151663,-0.06301126174715167,-0.48929665670320016,-0.10174115757252132,-0.48688643235548934,0.17134788759356578,-0.44204074104585656,-0.16870323571457682,-0.4375456061670047,0.08178683903542601,-0.3400366996720447,-0.054405129912272476,-0.33505394162583446,0.4999973872344307,-0.0016164030260811314,-0.4999973872344307,0.0016164030260811314,0.7096718736235561,0.5586411545932597,-0.677378568851567,0.5813483022800783,0.626535077827677,0.8889844756925144,-0.5755197196218492,0.9246560393288821,0.5774771634412093,1.040653006173273,-0.5217651738980292,1.0790737496056526,0.5312421110399764,0.9836462780668702,-0.47067578594548204,1.028478414634146,0.5250018899720252,0.9311077491333533,-0.47246509882598997,0.9776013843118595,0.6290129889977991,0.8734521311812924,0.5414894962619247,0.8965636620150971,0.4833709317247454,0.9443055499416914,0.4400009695445521,0.9868851663752184,0.41873062454758336,1.0296295250620082,0.5357956355782126,1.0237577149401724,0.49005046546806424,1.0884425094768653,0.46429054651218504,1.1209985677160839,0.44641757604189336,1.1445214328468014,0.5794644972052542,1.0324195428638394,0.5311169903412957,1.095276184969809,0.5004267945211529,1.1196881021761518,0.4761028093613828,1.1311964259948044,0.6103700048943766,1.026026570276249,0.5643732031568817,1.0788186424033426,0.5332087651329894,1.099802773802079,0.5086388830445621,1.1099766506135524,0.6277673429309336,1.0096084754856165,0.5862422159412878,1.0506433726266815,0.5570039415620854,1.067006553332893,0.5355221078285968,1.071483267664439,-0.6527171922522295,0.8862455488426445,-0.547152424328463,0.9237803682168655,-0.4705719531434519,0.981936468963649,-0.41410367848824636,1.0283920465963066,-0.35644919009804865,1.0555512320324314,-0.545846129478487,1.04615675290649,-0.5138146223906124,1.1111868458157919,-0.4954426462449574,1.1404195592750528,-0.47415040512571954,1.1581144065284728,-0.5966754575344013,1.0495968770052162,-0.5599832044206712,1.1089668223079505,-0.5269105888525244,1.1323699538811804,-0.5005151610145961,1.1416587755282361,-0.6308123810457008,1.0358614047500474,-0.5944715085607655,1.078393927142821,-0.5650724888395081,1.097885820431042,-0.5440754978134071,1.1009328570014132,-0.6557734390962534,1.016837150073145,-0.6240211075673101,1.0483275970285997,-0.5982863865299152,1.059513039933157,-0.5783257250685118,1.0576826283787073
0.029682831749390227,-0.434906461867321,0.08066632260877193,-0.4911398786742194,0.10939641158197715,-0.48856453183664617,0.13822660176163637,-0.48550796930346324,-0.01945643341052952,-0.49195780632730246,-0.055026597704609555,-0.49070541163231823,-0.09354505534503074,-0.4887556973350827,0.1737892932225957,-0.4424723578283959,-0.16625076868516062,-0.4393869466836307,0.08570196941122293,-0.3403717340475437,-0.04924922876822493,-0.33554941056266613,0.49999861821187946,-0.0011754940285677302,-0.49999861821187946,0.0011754940285677302,0.7100948883849154,0.5567709044908478,-0.6757139472779271,0.5547848687489093,0.6273966937612844,0.8874385564773043,-0.5773510434585505,0.912007667696814,0.5786227284901951,1.0393841936809405,-0.5317438215624702,1.0685939342684045,0.532852842133627,0.9821713143747802,-0.4748041351322574,1.0220237596206547,0.5265261330694626,0.9291606002978878,-0.47371127673505925,0.9701289306941812,0.6303976445131039,0.874208687477781,0.5434166475772282,0.8959890416487356,0.4852467242711681,0.9429012287518701,0.441611287598052,0.9856453128418218,0.4203277899362156,1.0280543359490593,0.5374726170835703,1.0238097667365018,0.49196323716532625,1.088227673678734,0.4663129981587498,1.1206330062527894,0.4483545636619913,1.1439178328964392,0.5815750189333218,1.0322638002246312,0.5335410379279985,1.0954313110202716,0.5025730961153689,1.1201879382150657,0.47780934366108757,1.1318744064949395,0.6129826413923553,1.0256984818610546,0.5675043693143114,1.078955104283663,0.5360272321285736,1.100252678677657,0.5109982809919158,1.110466998832753,0.6308058697456742,1.0092394800193052,0.5897949615792746,1.0512241157200137,0.5606396162654566,1.068026346524865,0.5387608987562156,1.0728166063420501,-0.6378540547796198,0.8724417969117775,-0.5410400259646206,0.9111938240339247,-0.47643868703729786,0.9769968119057376,-0.43000788941658985,1.0363173777255688,-0.3734791219146071,1.065148958199762,-0.5564866327053319,1.0475438323014774,-0.535092867308261,1.118792603863296,-0.5061189554311408,1.142265294055864,-0.48074434231594654,1.150495837697639,-0.6166160023703662,1.0456488608515215,-0.5860463799417516,1.110699873167212,-0.5495270789479343,1.1214345110516886,-0.5258288134672113,1.115768887038481,-0.6616939565160024,1.02323209935759,-0.6295814547281885,1.0650167064322074,-0.6014603147609119,1.0653508984808377,-0.5878329953114574,1.0552007056611266,-0.6975515642050043,0.9945758697815081,-0.6768005493497219,1.0205755940765897,-0.6522869630181672,1.0175810734369903,-0.6388808741864489,1.0067063633782047
0.034739479227070255,-0.4349727497403099,0.08568967325542362,-0.4909915441277845,0.11444404926895017,-0.488205646414891,0.1434277029794042,-0.485011999161439,-0.014510238549071179,-0.49233142909301053,-0.050445869942725444,-0.4915439817907222,-0.08874115096725807,-0.49016075986687235,0.17694636531794822,-0.4425337028821675,-0.1645388811620617,-0.44104027133809004,0.08892457312480004,-0.34018205463105355,-0.04565987171458983,-0.33570349695107066,0.49999916137440303,-0.0009157646497164843,-0.49999916137440303,0.0009157646497164843,0.7098115292231644,0.5534798777111745,-0.6735510009112504,0.5262736472375831,0.6277162181051409,0.8848375635579264,-0.5768498320228235,0.8993781119237505,0.5799093865626179,1.037278919693016,-0.5392947531993941,1.0603833374295304,0.5344578622703496,0.9801199898490023,-0.48010384976636084,1.0200351525413722,0.5278982621003002,0.9263651390234613,-0.47487154165772893,0.9677598376419132,0.6301611520914673,0.8735986140278577,0.5434024715741194,0.8952474657793326,0.4858212886382642,0.9421312808964976,0.44251142646956826,0.9845466126567266,0.4207759008008458,1.0260700194368628,0.5382475446882005,1.023980639575999,0.49270309345058666,1.08822702937867,0.46733837975186254,1.1200271511616078,0.44968052318394985,1.1423329182538249,0.5824779915491052,1.0319793046847179,0.5340422095970562,1.0947555381034544,0.5033624220150138,1.1189285288638304,0.4789825602417281,1.130158793632652,0.6140323345887457,1.0246446764209638,0.5689676295624301,1.0771890452238626,0.5380297308761194,1.0979899168871559,0.5135168185605258,1.1077750373844346,0.632118349886148,1.0073390737692396,0.5920317500067571,1.0478018975058614,0.563149534307671,1.0632336760708785,0.5414843552050513,1.0666037108252622,-0.6234919502344776,0.858983897800982,-0.5262553658151575,0.8954850808470574,-0.4709046901104341,0.9668996988879854,-0.4402396666225121,1.0326817281743956,-0.4023965142685114,1.0731391673590442,-0.5532756555504453,1.04244947914918,-0.546673239507447,1.1159072741211364,-0.532988834905377,1.1484266678305717,-0.5188140886832872,1.1663907490800625,-0.6170256244002236,1.0408551306794094,-0.5992100525680608,1.1107302879416496,-0.5702137191061858,1.1181951876241125,-0.5522170700020178,1.106864353320048,-0.6635759446854942,1.023202484968245,-0.639992388670969,1.076053425843172,-0.6129969373528483,1.0758408228878393,-0.5996506305061339,1.063841956748636,-0.6986632486005169,0.9996066834403613,-0.6745790161000876,1.0360312668922358,-0.6517260222016812,1.0350243556732295,-0.6410394234869377,1.023607542232817
0.03487257174681544,-0.4359340360475691,0.08674364345051801,-0.4913210351685513,0.1159977164433372,-0.488365915072395,0.14538836404635094,-0.48510558721185354,-0.014310621273554263,-0.49404079863683414,-0.05028882183037985,-0.49376834445262924,-0.08850625521363964,-0.4928008540842281,0.17943679663775572,-0.4426290589713623,-0.1638887503177631,-0.44271185515680467,0.08980788422759312,-0.34050235341507523,-0.04573086141394402,-0.33710267079960243,0.49999982168132506,-0.0004222779216607201,-0.49999982168132506,0.0004222779216607201,0.7099031819352303,0.5531370321138256,-0.6738626887603961,0.49935895487973464,0.6286473704360797,0.8847587778841411,-0.5769948007327838,0.8786087502082808,0.5816352966960929,1.0372167024780439,-0.544611501079667,1.0435218969820261,0.5367705372471804,0.9799941996741226,-0.4818401768992151,1.00978049662499,0.5304034845228048,0.925750100678528,-0.47519441466497686,0.9564123169805288,0.6307114541440964,0.8744805827922473,0.5431537495628386,0.8955353139201035,0.4845194545097685,0.942734004875547,0.4409813453774406,0.9856908899988409,0.42224160602009586,1.028985388948608,0.5389593799502603,1.0265362551945465,0.49476654673241954,1.0902213781981707,0.47013359556927503,1.1217000882575558,0.45275734344627727,1.143848111303153,0.5836255328095388,1.0337024257717018,0.5365731469708687,1.0961260581010097,0.5069121302922026,1.1209982754705636,0.48275527891523246,1.1326767947145668,0.6159071834207167,1.02629994289192,0.5712954171428517,1.078293340964041,0.5415238897108984,1.0992914266428853,0.5178271522878661,1.109402639291526,0.6349567351571669,1.0091940598445743,0.5948317749663806,1.0496507260542685,0.5661959366594039,1.0662250801797497,0.5445862191384669,1.0712175250908313,-0.606663549688999,0.8378601688012244,-0.50802227683741,0.873987107101468,-0.460821413893891,0.9490666533088049,-0.4462617959073484,1.0205083801280588,-0.41780128047783527,1.0654674907389758,-0.5334746756617219,1.0167468442991887,-0.5363741928631425,1.0969932894998404,-0.5256752402412409,1.1371874057909543,-0.5132996865840119,1.1630901880626254,-0.5990924336550265,1.018900935193059,-0.5835959937717105,1.0896677818774583,-0.5614471888104062,1.088820185250831,-0.5526262239582028,1.0721335827816019,-0.6492649238040765,1.0078899982039762,-0.6238547484279545,1.0635000170605624,-0.6016690196693649,1.0551336927523465,-0.5969684899556459,1.0345540188563882,-0.6875864388559196,0.9920311838301249,-0.6615920855669808,1.0347957176894425,-0.6408191916118161,1.0281702852635919,-0.6365097066312304,1.0088314247154702
0.03394801676801286,-0.43678352111486685,0.08614020049245973,-0.4908915333269263,0.11553570233545883,-0.48774063111978555,0.1449708294240855,-0.48438534606677625,-0.01476809442223536,-0.4950495771937681,-0.05068446919755787,-0.4953461582536956,-0.08898348566117578,-0.4948173871579854,0.1798676362017141,-0.4422661430937728,-0.1636781164387919,-0.4442843367992566,0.08951616714296763,-0.34098384147473315,-0.04632890738485753,-0.33992369235925834,0.4999999956269588,6.612897351445355e-05,-0.4999999956269588,-6.612897351445355e-05,0.7101443174508091,0.5537790574720813,-0.674574489779791,0.4837292701797406,0.628698448551925,0.8842530846213144,-0.5607430640449264,0.8391734586920818,0.5818631461694913,1.0379635834891967,-0.5379993027217839,1.0140878088441452,0.5367857795744392,0.9808258910385284,-0.4503526911644624,0.9785888026099395,0.5304139358005616,0.9260966488242944,-0.43409130719510597,0.9279673775257651,0.6310170468059495,0.8751615238789016,0.5431927299255832,0.8970796723540009,0.48380856411973006,0.9452448535940762,0.44104666746983706,0.9884295933256003,0.42231609193357766,1.0299799654699235,0.5391678129804551,1.028476291675319,0.4957333299245151,1.0923002229408312,0.4715596707575088,1.1234804249915042,0.453946422870985,1.1450961702762879,0.5845293342974419,1.0353514455866417,0.538434224551534,1.0974732292395373,0.5087891531790559,1.1219233961512518,0.48450339627770844,1.1328603115343387,0.6178360911967953,1.0266384102169344,0.5744648694979098,1.0786142192448622,0.5446400941606118,1.0998649951620234,0.5201562110311264,1.1095844770116838,0.637860048653934,1.0081586207747126,0.599481434109187,1.0462827995317456,0.5714524818555285,1.06098428704439,0.5500974289761896,1.0640880908236137,-0.5686840154071752,0.7969298185442127,-0.4740261685028889,0.8208853650653304,-0.4148916591239832,0.8931486046748329,-0.39843432136320084,0.9633909567573288,-0.379135957767883,1.012685283702853,-0.5023986264494548,0.9428864562994871,-0.5029242692362996,1.0380702935804922,-0.4770349933490623,1.0843515377038875,-0.4532462030699608,1.1088852999802814,-0.5727120606611685,0.9498000188918786,-0.5545909839688387,1.03801433161079,-0.5158617381387686,1.0384371746924212,-0.4959992361780686,1.0189792673449711,-0.6212609811220583,0.9450752297356002,-0.596286996270337,1.0160652476369112,-0.5553557685889446,1.0182385533236347,-0.5355632190903723,1.0045113602276055,-0.6565885386509499,0.9342438078792499,-0.6296269480026503,0.9930660946539015,-0.5927838117259722,0.9974285213666119,-0.5725610328609476,0.9857939931065551
0.00623702955457888,-0.4379342903969346,0.06423628937975177,-0.4937870902020364,0.0981028351179282,-0.4906448097219588,0.12931856716572,-0.48741240934384295,-0.04172034921279975,-0.4970685666460771,-0.07780573334165572,-0.4968798532846612,-0.11315003356852484,-0.49583478022611854,0.1727039278345856,-0.4455331366477741,-0.17450323647465255,-0.44591524148480377,0.07617095309526475,-0.3415781130677709,-0.06402109612664983,-0.34011536385103364,0.4999860328457402,0.0037372395131103514,-0.4999860328457402,-0.0037372395131103514,0.7143326355441798,0.5673663238985293,-0.7082731536633559,0.3820436243467217,0.6306404664138685,0.9019552902215319,-0.5449539201080696,0.7356029616062202,0.5833408481559713,1.059069667290638,-0.5204869415216896,0.926656968914556,0.5369355441066176,1.000926356854693,-0.41413760613543404,0.8791176193705944,0.5293894811065389,0.9450733805169798,-0.39688436790847276,0.8300214287281045,0.6337011888275531,0.8934347672074067,0.5454933155017144,0.9155265877758538,0.48458391558024494,0.9640230971379604,0.44052879018433355,1.0075032558190622,0.4199918688556911,1.049697374427278,0.5397895468325398,1.0498227125812587,0.4959279011785478,1.115233341024134,0.47140787454249006,1.1472021611914769,0.4534650999360241,1.1690286532452299,0.5859522950740493,1.0566287508750178,0.5398811672577735,1.1194326987803185,0.5100340925449279,1.1429178912492857,0.48595063105646746,1.1526033529649857,0.6203754481354665,1.0476093467015275,0.5768269713338148,1.0998156888888495,0.5469521810010045,1.1200083716255733,0.5229915862099673,1.1285214802700263,0.6418197470858842,1.0285111661544937,0.6031024382560463,1.066569125681349,0.5744561383648573,1.0806144132968512,0.5533560780063582,1.0828131269698493,-0.5123908911712918,0.7741352642594782,-0.43817755233522376,0.7749651440649189,-0.37572949417418355,0.8273428994177552,-0.3570389274265036,0.8816473316896681,-0.3420610180258188,0.924708225419074,-0.45544014679058076,0.829700845506092,-0.460940461625301,0.9551514507600782,-0.43499105043603037,0.9818885504607031,-0.41313904941995316,0.9855703146007312,-0.5165472632366395,0.8390766690216767,-0.5205548183107116,0.9721005232978724,-0.4781813425694754,0.9723745019105174,-0.45378391783192407,0.9459195013226546,-0.5643825697033454,0.8515241599728427,-0.573435603339277,0.9659146440674005,-0.5361811319924821,0.959796729892256,-0.5140505625158677,0.9318558543155834,-0.6014135507643101,0.8630517394868356,-0.6059218405901654,0.9544672103589108,-0.5786719136538874,0.9534087208219139,-0.5600304229721322,0.9307617051911159
-0.026025993867599035,-0.44452411490442706,0.037887003337132324,-0.5024853884617156,0.07588862507436167,-0.4994416533211646,0.10972263473211402,-0.49619207659183173,-0.06943852901637042,-0.5055368313269567,-0.1051802458744717,-0.50522661807796,-0.13832745192278195,-0.5039295440312924,0.16201401532827422,-0.4530538457629128,-0.1920894663898072,-0.4529083964640555,0.053299369627393144,-0.34632126413586134,-0.09165935522315367,-0.3443802777006741,0.499937713414306,0.007891939310161057,-0.499937713414306,-0.007891939310161057,0.7217906947134834,0.5859584146311047,-0.7914386018040817,0.3744820257052673,0.6348466534183715,0.9279120739015602,-0.5173604356619647,0.6229785256383892,0.5877584403835776,1.0926549864865747,-0.4357602959131483,0.7615975109126838,0.5384438737418358,1.0333649918718322,-0.34732884511108125,0.7170586504889084,0.5285241227448317,0.9756720378128722,-0.3558400774303108,0.6662241205382852,0.6385476307772004,0.9227439084781983,0.5479064206460478,0.9447403038778296,0.4858126278264006,0.9936500789546717,0.4395920325543663,1.0386548486661833,0.4163415450081039,1.0818741466230188,0.5412458583644607,1.0835527983814017,0.49604467769202343,1.1511241537613817,0.4706173473350577,1.1838117980599359,0.45237633676265576,1.2057508842595186,0.5883913805993032,1.0910423491231842,0.5414596797152745,1.156113499971934,0.5107394094740819,1.1799575729984455,0.4861481405482036,1.189123417841647,0.6241517773548887,1.0818948214610111,0.5806900034472149,1.135715595993909,0.5498656335831492,1.156818258045948,0.525060906022913,1.1652668310974033,0.6472735005592699,1.0619789676530142,0.6088231985659646,1.1007651450845786,0.5792955400321105,1.1153847945602444,0.5576518863859423,1.1175516626684077,,,,,,,,,,,,,,,,,,,,,,,,,,,,,,,,,,,,,,,,,,
-0.06283687363724022,-0.4440026670915227,0.0032136199775832383,-0.5091368816035292,0.04424679184400284,-0.5070041110139408,0.0818336461552573,-0.5044706803312654,-0.10466825614536715,-0.5092159394158764,-0.13952398812876832,-0.5077499305428174,-0.1713144630970899,-0.5045062987497007,0.1428263243522691,-0.46036339395946746,-0.21462570608544507,-0.4536662832360505,0.01992167353958222,-0.34691637552755294,-0.12362045852603001,-0.34574435994951547,0.4997059159222732,0.01714635798885551,-0.4997059159222732,-0.01714635798885551,0.734873225639591,0.6154359053643736,-0.8689741211043455,0.34964617865472347,0.6448115834828506,0.9717478637262978,-0.506419045511124,0.4404062433443802,0.6002350385824607,1.1445684299743415,-0.40245095512814694,0.577588791604129,0.5461792829472728,1.0838188616174436,-0.3165095536182363,0.5408377451540414,0.5344623309399844,1.023409081664984,-0.3286374366382133,0.5043818227424176,0.6489316356724399,0.9694143861756851,0.5558181169646882,0.9918117753680707,0.4909908992972906,1.0408575837245082,0.44196619815177784,1.086000819546776,0.4169697951570582,1.1312049270576925,0.545783899656917,1.1355254977510658,0.5000907456071667,1.205482898416588,0.4742536348630299,1.2389651540319657,0.45545332901812813,1.2608714236558731,0.5958665997500263,1.1437808671667167,0.5499109247644011,1.2120302798625084,0.517996256474657,1.236898531933757,0.4917888272531374,1.2459540907921396,0.6348666949070282,1.1339087230856881,0.593369164400267,1.191115106865856,0.5608263681282751,1.2136136975963356,0.5338551217114209,1.222723155225472,0.6611986943644511,1.1126241738978548,0.6261635510881907,1.1529142588653836,0.5973866958510796,1.1669526271598991,0.5759881300328054,1.1677298248193022,-0.4851844374919964,0.5379796026461595,-0.4312113203567232,0.4496251946301881,-0.3424519177311356,0.4263290528583426,-0.27916524377537455,0.4476234018226765,-0.24295676572039382,0.4801179530411264,-0.2549868394326041,0.4578002812614293,-0.23008023631293426,0.4707904503848491,-0.2710279428208332,0.47950904769739927,-0.3025878403555273,0.4799424993503155,-0.24948172075470684,0.5216938817598934,-0.23931341612039217,0.5300195457262129,-0.2775105892046768,0.5344878668960584,-0.31005790845043824,0.537909308095491,-0.2607943377527205,0.5849352317493386,-0.2558875708130881,0.5862043028061813,-0.29152907526033034,0.5852933005060955,-0.32324567499041573,0.5851877644514725,-0.283106544272446,0.6415690824331763,-0.27787817505207385,0.6374004082755642,-0.31233437768583044,0.6319737820382929,-0.3399857662832824,0.6315917792120054
-0.07349418845107843,-0.4448407565465948,-0.010885581326321206,-0.5114321002248784,0.031087447480280347,-0.5094277502829399,0.06960093437189697,-0.5072622552426629,-0.11993693391516284,-0.5100971443388801,-0.1553816701261126,-0.5077946472233211,-0.18760446242676204,-0.5033426546105426,0.13131989025814547,-0.4631163543609614,-0.2268259530500801,-0.4511184215695631,0.011293234354520065,-0.34792951232937397,-0.1362737128501733,-0.3452629537550241,0.49964029328310877,0.018962524303716966,-0.49964029328310877,-0.018962524303716966,0.7395041015204942,0.6320649184573908,-0.8930379202291249,0.351013687719216,0.6476952744538762,0.9942773282603118,-0.49679323686971616,0.28422105637647976,0.6031393254027996,1.170488056208798,-0.38163207075153827,0.3461802928255303,0.547565726940943,1.1093471915968507,-0.30563673217574217,0.30509193336379087,0.5354104812770882,1.0474109485030922,-0.3248665542347294,0.28899715949322935,0.6536710558829891,0.9941330449558541,0.5577772676374421,1.0147967901342425,0.49185148578921667,1.0643938407218096,0.44165737440923225,1.1093816816297888,0.4143309213123805,1.154455364397525,0.5459423960573234,1.16297421092194,0.4979606286790236,1.2346623192176507,0.47054105249323896,1.268642474502143,0.45042263305786057,1.2908941024747425,0.5978541110776249,1.171025334277456,0.550432615123275,1.239432482384283,0.5175057471224532,1.2643877457166408,0.4903990721799347,1.2731792551125611,0.6385326139812834,1.1610899054557555,0.5949694030449415,1.2175663763354139,0.56146731793923,1.240358922991259,0.5340726512216784,1.2494978236633836,0.6653537880955921,1.1392948871969977,0.6281564791831519,1.1802655973241594,0.598256494795236,1.1950426603251916,0.5764756557722415,1.1960296501011034,,,,,,,,,,,,,,,,,,,,,,,,,,,,,,,,,,,,,,,,,,
-0.08200494424921462,-0.4537858377112299,-0.01959633136659636,-0.5222868927344766,0.022918887508706944,-0.5214845163488088,0.06169104883190527,-0.5196446885605197,-0.13021570889834816,-0.5167457551564295,-0.16667779485784964,-0.5134638738201569,-0.1999770976535683,-0.5085475870963023,0.12372763843043201,-0.47107253265088306,-0.23995116534975452,-0.4552287691327207,0.003915852320790902,-0.3586918482389947,-0.14705537113978648,-0.3505421583047704,0.4997969439755841,0.014248325960154202,-0.4997969439755841,-0.014248325960154202,0.7459725738873142,0.6471676180167408,-0.9152046392561399,0.37484189206970225,0.6522545048255131,1.0167654351491147,-0.44922616271433874,0.12193004611199394,0.607513583984714,1.1956731296908452,-0.338671650280626,0.09476551846825554,0.5500265250669941,1.1336312728512747,-0.28420184260747955,0.057360693903419836,0.5375577950183784,1.0706635520860102,-0.3030233530623871,0.07563919082331494,0.6554805924233219,1.0172623115542436,0.5575171270802414,1.040192562647795,0.4887105720764559,1.0896829742460625,0.43793241758448725,1.1357627497269873,0.4071689987268419,1.1792633328434792,0.5445813683257447,1.1876123000638594,0.4954446422094163,1.2608669425876087,0.4673167947036727,1.293764179316986,0.445770852589625,1.3141603022194788,0.5983836995088443,1.1963254872482663,0.5481800644566499,1.2686550461783281,0.5139361697670817,1.2943457217448187,0.4860398857842624,1.3028581685205576,0.6413739454930951,1.1861694661838693,0.5972307589692634,1.245065999788302,0.5626480051058792,1.2686019836018871,0.5340701011153955,1.2778953476331154,0.6716568749177476,1.1641445953008418,0.6347799449552987,1.2025519514110086,0.6041019724523634,1.2138960279552782,0.5816863503170886,1.2120770740481628,,,,,,,,,,,,,,,,,,,,,,,,,,,,,,,,,,,,,,,,,,
-0.09154211225268254,-0.46335625781925716,-0.02971476971008879,-0.5342543880617007,0.013411383728946211,-0.5336096157507324,0.053597670593287974,-0.5321925326528094,-0.14415527356261298,-0.526492988734156,-0.18218248061299172,-0.5212559338316285,-0.21677990980445402,-0.5135054036939841,0.11772210174637739,-0.48220263536772306,-0.25507565564750795,-0.4566224456653171,-0.003987696368020573,-0.36701993536448174,-0.15861319075948557,-0.35538800754169525,0.4998379458396796,0.012729017981350193,-0.4998379458396796,-0.012729017981350193,0.7551203155299709,0.6609395827823098,-0.9388085279548434,0.37413636294638114,0.6610625342607237,1.0442179316082547,-0.42854613154469934,-0.014619758437315136,0.6139494821923763,1.2241123978885575,-0.32852834466854486,-0.08786114641799607,0.5544850417037115,1.1618221674604836,-0.2867933478194137,-0.11889039008465518,0.541938007865188,1.0989773091954773,-0.3009076390676942,-0.08122994340540872,0.660552779226132,1.0402061036443087,0.5585014566652302,1.0625027011060908,0.48651411393396726,1.1166976785572043,0.4336543516458394,1.165443502326726,0.3999241641476173,1.2080573080803676,0.545566721814482,1.2176660708216143,0.495983471835942,1.289595976365881,0.46836416227783084,1.3219488679842557,0.44714770302706147,1.341465944351709,0.6023118704812934,1.2267082396453046,0.5522152756439744,1.2971543511921682,0.5173704477356065,1.3201832727881524,0.4885609120247397,1.3259902122804081,0.6476405804938927,1.2159299919577173,0.6022275096128926,1.273887304591762,0.5678818667012315,1.2941488706087187,0.5397222886029369,1.300248779641591,0.6799593687824884,1.1928709557254957,0.6445864378492382,1.229648505089352,0.6157228553408854,1.238542693382656,0.5948262893121369,1.2343675284181892,,,,,,,,,,,,,,,,,,,,,,,,,,,,,,,,,,,,,,,,,,
-0.10359025342387855,-0.46531405356664457,-0.04309467501354238,-0.5363826467389479,-0.0033956905940860553,-0.5359497371532426,0.03676867661055545,-0.5351941874046061,-0.15692818084700025,-0.5272790940589696,-0.193220069208136,-0.5214949797209243,-0.22659235794731594,-0.5133839514569531,0.11087411160048292,-0.485187552037338,-0.2581147700375931,-0.4569601735838632,-0.012944006573690124,-0.369408044900075,-0.16571775952464468,-0.3570730104276754,0.49995623366646946,0.006615468089148775,-0.49995623366646946,-0.006615468089148775,0.755831498466921,0.6548967757943805,-0.9289621622722384,0.36548068037278564,0.6623353797237214,1.0490845613957804,-0.3772963926811092,-0.09155360382584163,0.614666715107969,1.224926338913509,-0.2689136030302996,-0.20736817404965968,0.5553439570984826,1.161742258497148,-0.2260169049614395,-0.2448513108542949,0.542945370781702,1.1011056308522609,-0.2528766238171848,-0.19332759932727286,0.6622863710913774,1.0382050434595809,0.5590771797061816,1.060255541238969,0.4830129931991563,1.1129525712220476,0.42889889654183877,1.1613113411322697,0.3901031850453403,1.2027347918995699,0.5401733947230263,1.2143103917927203,0.49261729058399883,1.2844457291186195,0.46574641529162236,1.3181044992127207,0.444410527122876,1.339204707657634,0.5980035808889307,1.2259826143959798,0.5488807942915573,1.2957942158374929,0.5142087806848482,1.3220863509796283,0.4858903577395799,1.3316320770721572,0.6462563646511571,1.2170445156556833,0.6001312727321575,1.2729287005177825,0.5674528745070186,1.2934991774447988,0.5401066553253221,1.3011506999750244,0.682927571857752,1.195954069092822,0.6468863048766517,1.2282784496770047,0.6198534620310409,1.2358213961721591,0.600257380310506,1.2330779088713095,,,,,,,,,,,,,,,,,,,,,,,,,,,,,,,,,,,,,,,,,,
-0.13557460331343324,-0.46492242449154547,-0.07248327239840567,-0.544129748515913,-0.030581083308731608,-0.5455293006105433,0.010142503648338496,-0.545960881442963,-0.1883548348329992,-0.5317713211069315,-0.22307463264334124,-0.5257048080698846,-0.2557603553911824,-0.5176460021746944,0.0988259911539719,-0.49734066019744627,-0.27426511704601975,-0.4631513850981236,-0.03605161822018452,-0.3713644813676181,-0.18976359317604727,-0.3492493528195415,0.4999968652011015,0.0017705335555967265,-0.4999968652011015,-0.0017705335555967265,0.7629774991247198,0.6595397845188379,-0.9383136364355668,0.3462523648730815,0.6656362937389163,1.0657876516494522,-0.39479230965574647,-0.14766367208052134,0.616464405761289,1.2431950936867313,-0.29066802136978587,-0.28634781225651096,0.5554872746202664,1.1767541046935477,-0.24574678980447515,-0.3126189043760357,0.5435341244767966,1.115849814199347,-0.2713415767517718,-0.25181193707939414,0.6589252421450609,1.0490025362650013,0.5557725671536521,1.0721444144305714,0.4775787397957589,1.1261545400382116,0.4203891199543437,1.1736510931389357,0.37830847127995604,1.2144198008300093,0.5363773285914173,1.2296979241657677,0.492736271394001,1.3003353437564116,0.4670534686651279,1.3347527517148778,0.44656056202231353,1.3553199153504245,0.5976601881139617,1.239554477691548,0.5533170280152346,1.309833157096594,0.5196302522114178,1.3348907442735793,0.4911323608180093,1.3423403190921566,0.651010701197604,1.2264466009608213,0.6101867560160237,1.283238227601407,0.5791214341572742,1.3015046384730327,0.5515822066100936,1.3071888392818298,0.6928331702460341,1.1997167139338838,0.6686824491219812,1.228903151774889,0.6486443918515433,1.2319221942505258,0.6339117640264288,1.2248182078340923,,,,,,,,,,,,,,,,,,,,,,,,,,,,,,,,,,,,,,,,,,
-0.19937098521499083,-0.4633816224100353,-0.1363935805629039,-0.5563777033829689,-0.09130178805925399,-0.5602490606563294,-0.04570624312351718,-0.5629042514178283,-0.24355913395474188,-0.5403528228661897,-0.2753580626024103,-0.5340358759261563,-0.30673789344344204,-0.5256440034069637,0.07587491783742417,-0.5191396889543741,-0.3005688572361619,-0.47798772898215536,-0.09234833217116922,-0.369639307260353,-0.23745794670744025,-0.3399977667739716,0.499964111502222,-0.005990593442536578,-0.499964111502222,0.005990593442536578,0.7714227899916498,0.6728736369850259,-0.9788613818886436,0.28573728335088233,0.6687522823898983,1.0933710110915749,-0.4290302158879739,-0.16507740688343425,0.6179753733381382,1.2765350196195056,-0.30802764998112653,-0.2974073044671923,0.5523996666679191,1.207158101062242,-0.26010624269732513,-0.31189514508291905,0.5403553280585581,1.1444585639970213,-0.2870474989595757,-0.25294013992740644,0.6622270913342384,1.0734960674365668,0.5503441563296152,1.09654613365254,0.4653726240448519,1.153449281875286,0.4048799526901947,1.2040266106016937,0.3601282400505603,1.2484960715678175,0.5307245335301572,1.2618474942954112,0.48280312624635585,1.330759282136268,0.4559610338486893,1.36989351842174,0.43577398497778,1.395853783105716,0.5957257160838811,1.2732688750691536,0.5473427271061949,1.3450797967783858,0.5114992697626977,1.370819187001878,0.4821123194507589,1.3805432999460032,0.651072304781704,1.2633218000042372,0.6061251871373313,1.3240303354346417,0.573039946591485,1.3417220039405553,0.5457256254323678,1.347163908062896,0.6942609861494633,1.241081537221362,0.6632360575606271,1.284166253105831,0.6382797487183027,1.2932527945921888,0.6194667978614821,1.2914150272239082,-0.4404544150031309,-0.14358859742807503,-0.34763693336946383,-0.14135313077130496,-0.27394805683104073,-0.17843446629385698,-0.23980165855112995,-0.23442781215479838,-0.2386270364793783,-0.2770007381149986,-0.29245902762444925,-0.2523715656427862,-0.18450245974227678,-0.29343312992371046,-0.21731599129916288,-0.27009058249872203,-0.2563084754497875,-0.2525412924257479,-0.3410304279448451,-0.29062167778823017,-0.2168189193800585,-0.33535042616448724,-0.2352563001476441,-0.30614009191452335,-0.269896116941122,-0.28398176979869894,-0.38770654585550174,-0.32345577279914056,-0.26898276555679534,-0.367048520819326,-0.28006521467969114,-0.3396367059238704,-0.3132139200988713,-0.32193282460516054,-0.4297404379244263,-0.3512105902830416,-0.3706481691037263,-0.4067561330081245,-0.37392162046515276,-0.3946060544042125,-0.39146871849480447,-0.3811020237081747
-0.22168781693648157,-0.46400329819536396,-0.1640589588232545,-0.5621672716821658,-0.12093884866820588,-0.5670020113412944,-0.07415447707619063,-0.5705719014575503,-0.26656190656005,-0.5426672709146625,-0.29846215141373883,-0.5344216820927078,-0.32994436080771733,-0.5236262770842762,0.060255561648050605,-0.5278147417167526,-0.31229797708618057,-0.4798773758749393,-0.10909272011579106,-0.3725688635413332,-0.25383452260541906,-0.33723628319733484,0.499857606594206,-0.011932021199780337,-0.499857606594206,0.011932021199780337,0.7700191049585036,0.6752841492202675,-0.9831440937672488,0.25417846183285264,0.6680529994333844,1.1005318528557464,-0.42340999068485535,-0.17301048936068122,0.6167301677862127,1.28456161579871,-0.29041446851992603,-0.2991492399300956,0.5489214247518674,1.2145825430382904,-0.24251681025390281,-0.3190340987398719,0.5374374040126257,1.151464981504448,-0.2733420014574876,-0.26467716593677326,0.6554891854129762,1.0776027816771099,0.5436220959234818,1.1018067082864174,0.45663217130443573,1.1601088046607853,0.39628086910892313,1.2162793309586564,0.3473158459276306,1.2627852228944674,0.5217671304687368,1.269742790643911,0.47370200523850614,1.3432658435374454,0.4466456633306666,1.3810350155480946,0.4253118466425244,1.4029156803357117,0.5911945101734845,1.283292869225853,0.540352171790913,1.3616918439061918,0.5021532732305993,1.387784882131867,0.47147374668833464,1.3948964352282738,0.6512964024499762,1.2758560721134258,0.603679119692582,1.3405347627941127,0.5695773688729411,1.3581946281328938,0.5416893797013392,1.3614382209817821,0.699777351312088,1.255901382739329,0.6666285823114086,1.3043486275583298,0.6370994168905739,1.3165473846617928,0.6128384040582473,1.3170853854499511,-0.40022361020209385,-0.14683498155451896,-0.4265398323882443,-0.23053834066971024,-0.4279381288768091,-0.3212065349686409,-0.39774299262912927,-0.39154508241386565,-0.3523286903895734,-0.42616176781716086,-0.4347101137388731,-0.3590426937649731,-0.33821533298714007,-0.4326629617578555,-0.31597498286444853,-0.3874425630913222,-0.32146631941343184,-0.3492220728783906,-0.39043764128483477,-0.3426597903595574,-0.2439956804705297,-0.3805155396309479,-0.24197270060793072,-0.3253521322712855,-0.2788215415913821,-0.3009778949191331,-0.34248215951984934,-0.31859594617942977,-0.20511480166289325,-0.34593066241833864,-0.21604302166620878,-0.29751206603598207,-0.25389034492682155,-0.2769329039381206,-0.2950463519695806,-0.2874938551966617,-0.20397760618330346,-0.3128282364769368,-0.21230766576330504,-0.28246995159557314,-0.23851203265638105,-0.2659947833721412
-0.2421876205382463,-0.45431300067497576,-0.18383750064407753,-0.5606059682196819,-0.1410814844344691,-0.567631711883358,-0.09312401937896991,-0.5728733852669904,-0.2853852530919192,-0.535141701901546,-0.31747067037581095,-0.5258204921769366,-0.34883812767439,-0.5150229245511869,0.04738573246799753,-0.5351969706297955,-0.32655949537044393,-0.47789268871690727,-0.12646279911604486,-0.3639168344635641,-0.269980428797156,-0.3242003849149143,0.49977329015070776,-0.015055180235932733,-0.49977329015070776,0.015055180235932733,0.7689584574304721,0.6693513522099839,-0.9917282425300122,0.23639470027333617,0.6645012012169157,1.114020066501779,-0.4241722850811276,-0.18568510862233123,0.6141341049668402,1.3004276163576594,-0.29213689373846524,-0.31037744124762146,0.5409045337854398,1.2296684933111874,-0.24388473326322554,-0.327885571411083,0.5291771071506247,1.1659528255285643,-0.2724253764956911,-0.27375006548330455,0.6433669943554522,1.0849250288446313,0.5278732773065882,1.1118029155885971,0.4425481769566636,1.1770780577575084,0.38470891936145124,1.241954795618921,0.33294132634109547,1.2948595587274716,0.5125474083378959,1.2823107833087455,0.4661167685743905,1.366972658919674,0.4345860658043405,1.3968711203677868,0.40849751892831104,1.405802248103051,0.5873138342716288,1.2961185760891436,0.5387891712250577,1.3869912483630322,0.4973150054038499,1.4138827922444805,0.46357163296885456,1.4160045565880577,0.6522215140851502,1.2888647155509543,0.6064814133356059,1.3654929934305495,0.568141560566642,1.3879047828249504,0.5353541877554248,1.390743333493588,0.7040627276122479,1.2701275497104505,0.6741996893644803,1.3316075014086266,0.6417238700020836,1.3502644315664205,0.6122174110782743,1.3531142920520356,-0.39991112721809446,-0.1453714793979799,-0.43677451538953155,-0.2397795364412754,-0.4223726371286427,-0.32764849204009694,-0.36021985801667816,-0.3801497294145931,-0.2960615069261247,-0.39590462455373304,-0.44719661843089786,-0.3719253585440505,-0.3333911583069268,-0.4427683449503763,-0.30853847567668097,-0.40700019518720726,-0.31590159331473056,-0.3723693222086198,-0.4017216582020108,-0.35403226781779984,-0.25642668011321046,-0.401293538950849,-0.251408855748628,-0.3491392782255187,-0.2841412799207553,-0.3184742032398115,-0.351931255921413,-0.3283670922037292,-0.22117835514547074,-0.3585681446041897,-0.22384117686540705,-0.3081926193395742,-0.25597812850401813,-0.28121401120667455,-0.30034814095345813,-0.295498736835096,-0.2040167748456288,-0.33276202306344377,-0.17945281263747487,-0.3196389009957447,-0.17408171653691817,-0.3120871441462174
-0.27331949231901576,-0.44869268630523,-0.21370694336453827,-0.5590960806201469,-0.1726630882527687,-0.5674903817162605,-0.1264694520630662,-0.573819441280171,-0.31270111916397053,-0.5311562270812428,-0.3432393392211767,-0.5219838342581384,-0.37160165294656633,-0.5121597009743982,0.025761690934474245,-0.540040354217587,-0.3430464816335009,-0.4795061716212804,-0.15825582064173752,-0.3607238403523321,-0.2918396225797574,-0.3207678309649178,0.4997171096019409,-0.016816966762225168,-0.4997171096019409,0.016816966762225168,0.7591381775050412,0.6746766536090176,-0.9988615557262706,0.2240704332444526,0.6536320766184537,1.1214605332832457,-0.4362158210773584,-0.19946298691410166,0.6031248769579943,1.3077194905386178,-0.2969949906184475,-0.3277293989514731,0.5269314103332826,1.235338479981365,-0.2513623067770767,-0.33812007154430224,0.5148079203733027,1.172090646080363,-0.2823633850447048,-0.28451629888417446,0.6130112189009347,1.0731234381107395,0.4964577626494431,1.1053950127428616,0.4197863959968862,1.1771116047362218,0.36695953320666586,1.247482168953313,0.32223376351436006,1.300080611001807,0.4859789879831353,1.280193179537298,0.4665971764671513,1.3711087175233976,0.449647197062284,1.3433606471566388,0.44430391374735717,1.2994722769285922,0.56663729578526,1.2902329480179549,0.5444400858138682,1.3856040872079074,0.5233379201508841,1.3571462579418805,0.5201928910108025,1.313890718461138,0.6397598679414758,1.2800771426600335,0.6236805948823048,1.3606789362052683,0.6021370593195032,1.337241420945782,0.5947188647326013,1.299178531722628,0.7009310715056541,1.2582886403563402,0.6887805062743125,1.3240056960289106,0.6684478370140773,1.3076423475035475,0.6597143429350709,1.2781969154821355,-0.40988716106758316,-0.14506575838490093,-0.44438524700299536,-0.24512220881906904,-0.4242506999665341,-0.33529027592078936,-0.35593914567157053,-0.3928041690200737,-0.2956560539846781,-0.4193254717344187,-0.46098904972402344,-0.3746385958843071,-0.3410136874503107,-0.43906764221924094,-0.3182447809752848,-0.3961060628275685,-0.3283622296987771,-0.36128543734998203,-0.4141572107093659,-0.3553158772224856,-0.27144689349138246,-0.3949738437418149,-0.2606478355555139,-0.3456660141377483,-0.28386552539751575,-0.317872281110955,-0.36131433912774513,-0.328668867891104,-0.2316161609547926,-0.3577066666603476,-0.2308970546404114,-0.3094391936142002,-0.25835922303457654,-0.281353004680079,-0.30650324573630083,-0.29679074422615126,-0.21393192597656788,-0.3346574451734854,-0.1888423893978039,-0.323362759353523,-0.18106920791971476,-0.315443887129535
-0.27911913035562635,-0.44773815868568206,-0.21856136772046475,-0.5605598406320316,-0.1773026306672596,-0.5696471046266537,-0.1310354929883582,-0.576612437137386,-0.3198177740611868,-0.5314059957693407,-0.3510747980039789,-0.5222227065346278,-0.3802492274018632,-0.5125375210674766,0.016701548226124584,-0.5435740426070975,-0.3529878665077389,-0.48130108165987795,-0.16464950009701312,-0.36201865774612363,-0.30074938149134495,-0.32132055290274103,0.4996531108505021,-0.018621729710632032,-0.4996531108505021,0.018621729710632032,0.7515959666498848,0.6751506071082227,-0.9971813264751362,0.2296034081514116,0.6313488716653651,1.1183705680913876,-0.45101497958911413,-0.2215281273267689,0.5885774407065335,1.3037589873957578,-0.3239954647535282,-0.35848038091400464,0.5037447991392606,1.2341347608460385,-0.2695639184457697,-0.36580319459351457,0.49022992017421585,1.1729551512576522,-0.2961619399989756,-0.31312650685410287,0.6009842034890726,1.0383307822786758,0.4697522952368924,1.0783891499445293,0.3834438179369572,1.1595064445680456,0.33482379244474453,1.2366342191717217,0.2909543759123505,1.2910062750950468,0.4653722079105551,1.2570389899426013,0.43587424566109695,1.346453468835594,0.4136782970110841,1.308051347959543,0.41041149894415985,1.2612162495452006,0.5511579888979876,1.267698977089461,0.5176728776222715,1.360081939947727,0.49918710283910794,1.3216638687512121,0.5043754834322021,1.273649093257147,0.6279464958744968,1.2598546525942398,0.6041244767166405,1.3456824648315437,0.587134798884026,1.3127618655733306,0.5889167083337002,1.2687833833361422,0.6901995189211363,1.2401943738082608,0.672115950867511,1.3146655578751962,0.6578242481868951,1.288617391288256,0.659039274625484,1.252258635790566,-0.42046731381722785,-0.14205296130399564,-0.4574944739603078,-0.24016219698127342,-0.4389928566291158,-0.3309882792353302,-0.36833541573961026,-0.39144710677464073,-0.3065887075952672,-0.4224806106860657,-0.4828205652289452,-0.3713947518680669,-0.35369517700236885,-0.43330904614971755,-0.3257110941553284,-0.3867843323498097,-0.333892315284134,-0.3515500744448319,-0.4354400305181952,-0.35544303036240377,-0.28747548169222925,-0.3965032505892934,-0.276572359930729,-0.3455599747035506,-0.3020390942277821,-0.3159662027588729,-0.38161308757397083,-0.3310768681773667,-0.24548270658037336,-0.358778371698349,-0.24659308598402607,-0.3072582977374485,-0.2769508567244423,-0.27841677739303244,-0.32512826082377894,-0.3001096443138158,-0.22489838693183803,-0.3351652155206226,-0.2018071726595654,-0.3189702516278834,-0.19793975880922304,-0.308112286516886
-0.2901336685951129,-0.44238210722659116,-0.22916326914800608,-0.5564703387833936,-0.18714594705189572,-0.5680493330863366,-0.14128371616622218,-0.5769798463227888,-0.33047293218346635,-0.5242222336780973,-0.3614646091548026,-0.5157589207477619,-0.39047681506603815,-0.5073055898026013,0.007479761891099856,-0.5473103483877596,-0.35881417509121233,-0.48213026369285356,-0.17409146344034107,-0.36332532714127475,-0.310628854155779,-0.32048232127146525,0.4996102929816127,-0.019737151436494085,-0.4996102929816127,0.019737151436494085,0.7474736178564015,0.6599714815640805,-1.0019227744499504,0.24304392478253467,0.6017817702371113,1.1041965128035713,-0.4644399617163902,-0.2057382081887744,0.5260679786868072,1.2796153632724847,-0.3419438606469081,-0.3466893723489009,0.43722201764032714,1.1983376999856115,-0.2860639481394388,-0.3489833844418471,0.4386848124677925,1.1440921205508399,-0.31259790923134956,-0.2914815078433097,0.581699318063456,1.008959477249079,0.43723872661551105,1.0427172491122267,0.33204205685301125,1.1066132382142644,0.26625773655551244,1.1896926498251912,0.23535871844655976,1.2648324772279436,0.43236990484665766,1.2101531154374232,0.3404842123147696,1.294622843983459,0.3301404886772096,1.2427032840940964,0.3615192930735864,1.1974731732696018,0.5085500287043677,1.231559699644485,0.41863143825095067,1.3193349842811277,0.40160889853273063,1.268207256215741,0.4327780812404364,1.2216328323878123,0.5757415919118373,1.2387640889445668,0.4978321976224299,1.3223087478645108,0.4790367705372921,1.2803358022024929,0.5045144856979333,1.2363443255383857,0.6354514402311076,1.2376135566533308,0.570532080648974,1.3123697286258862,0.5515643558197318,1.2777719510103103,0.5700683523377006,1.2346582380425533,-0.4465646132647568,-0.14424147602337392,-0.48315987291368373,-0.24321426952953962,-0.47471934494950824,-0.3310765710369453,-0.40921039724302766,-0.3815041496421902,-0.342821190343903,-0.3946783085760037,-0.5089649320881555,-0.36889874686366325,-0.37439388395231665,-0.4277213920006027,-0.3403208115574515,-0.3901459448074448,-0.34331095861650196,-0.36165139162739435,-0.4652799674688184,-0.354694273460067,-0.30818988627812033,-0.4075413984718152,-0.2991031332737146,-0.3601549618498834,-0.33131337193524996,-0.3302499107646965,-0.41503998508495665,-0.3324536509917139,-0.270617043081095,-0.3724282466216701,-0.2711649672673211,-0.3247203249772061,-0.30434910048243374,-0.29920376687425415,-0.3609425079302244,-0.30148323998879356,-0.24829059724020636,-0.33447283299283626,-0.23056291706925688,-0.31061784142213505,-0.23751873323851797,-0.29678769246259423
-0.29312650459867073,-0.4405150254707542,-0.2317039764248899,-0.5531281212566094,-0.18943726732145252,-0.5648403798035772,-0.1437046802444454,-0.5743338763707269,-0.3343047049464042,-0.5213060086008424,-0.36579003540650845,-0.5133322715867479,-0.3953315303467143,-0.5054768105664819,0.002357040531426451,-0.5463529070660079,-0.3645101978372582,-0.48026945680086514,-0.17940989813877675,-0.36222305754850803,-0.314529676261311,-0.3201999665536827,0.4995730121539412,-0.02065927219042589,-0.4995730121539412,0.02065927219042589,0.747157497522279,0.643748622182638,-0.9991198253055729,0.2484804695054109,0.5203754548258673,1.0440595936114476,-0.4637044038012234,-0.20681970745123882,0.42931750665795787,1.2288008256558702,-0.3316457779858766,-0.343508707973512,0.32611844075589885,1.1411831000069868,-0.2776952922383971,-0.3494121802573933,0.3300924271808977,1.0927364702260045,-0.30892461170083,-0.29151934256488193,0.5493308965650345,1.0020076945850371,0.40725903380892164,0.97400367885505,0.2784212546343415,1.0083028473889224,0.1971560804334073,1.0916343727761566,0.1722289798958146,1.1828488627006037,0.3953922989869259,1.08135066646715,0.26086161793291857,1.1517557563082694,0.23615171908252214,1.1198331960253907,0.2633752002208829,1.0879232460506776,0.46613960650136566,1.1294272489292054,0.32237143987787986,1.2058818079840883,0.3081035284458783,1.164111031862127,0.3520487130499717,1.1238745823733434,0.5179808007890505,1.1628967461534272,0.38432762324808045,1.2359367381438278,0.3690189265542083,1.1967519448722297,0.4073877459198528,1.1575749786884586,0.5597863639680201,1.1864325818297896,0.44955292030064686,1.2426371601618613,0.43284730584878056,1.2115144847710697,0.462208886478521,1.174935242069402,-0.4615508675532962,-0.14325701430456836,-0.49990055403758604,-0.22557493181821972,-0.5024083747192333,-0.3197848047701979,-0.4740185487851123,-0.39503768842454634,-0.4537073645838769,-0.4462121670227543,-0.533950777694742,-0.36542488001747325,-0.38892603734638037,-0.4232610800327927,-0.3630829501139348,-0.3823963980363476,-0.3766105494889761,-0.35105206386668064,-0.49889520809004284,-0.3498339733236203,-0.33863188870959166,-0.40152743132857255,-0.33088296305141396,-0.35415006871238636,-0.36282487363475363,-0.3249158956789392,-0.4540219700306967,-0.3256846896388252,-0.3012628711042797,-0.3726631969044993,-0.2973670468479966,-0.32314316899570095,-0.3269245220925157,-0.29649236978334126,-0.4007352648147591,-0.2938780137396057,-0.28120150145618594,-0.33561443764277105,-0.27417103723478514,-0.29900758271460287,-0.294984024733367,-0.27506191202286007
-0.2804956163605237,-0.43671285970255824,-0.22026212936394937,-0.547033651880046,-0.17930069249324782,-0.5582088678294076,-0.1351346938952392,-0.5673283840770658,-0.3253506522524939,-0.5164802309967107,-0.35846578460028555,-0.508672577159509,-0.38869212809314346,-0.5008587865839079,0.005114110159236588,-0.5396129355482345,-0.35891064430319947,-0.4743155627514288,-0.170184944418291,-0.3580085437584958,-0.30632967009060835,-0.31738570412053,0.49953648095196485,-0.02152450227362533,-0.49953648095196485,0.02152450227362533,0.7557059048043693,0.6115447685271953,-0.9828121662457846,0.2536376962764431,0.4095835235219031,0.9221558902721186,-0.46181104313510735,-0.21242971324899593,0.3051629361601925,1.0632013936977374,-0.3286217491434991,-0.3324790660447576,0.2260461667984478,0.9743412063510678,-0.276232413428291,-0.3367620787991916,0.2366726291404153,0.9337840405801827,-0.3081843646942139,-0.2817685050990405,,,,,,,,,,,,,,,,,,,,,,,,,,,,,,,,,,,,,,,,,,,-0.4888740594762187,-0.1327835694537498,-0.5108969833361557,-0.21525939562355706,-0.5156632911550576,-0.30664964178399173,-0.5111399766443544,-0.3789838079453797,-0.5215450857556367,-0.4325055333883827,-0.5552198455806179,-0.35074522938352365,-0.4183587364467348,-0.41497750125077293,-0.3628753002954079,-0.387466287682355,-0.34830915956313807,-0.36188900800634827,-0.5287997871644343,-0.3372136135508908,-0.36866493615791973,-0.3974031744199751,-0.3283113593749849,-0.3598801413082188,-0.327960273341296,-0.32854207920638484,-0.48932828577984744,-0.31395483670698743,-0.3379722005467116,-0.3736097477007884,-0.3031540694620631,-0.33336738584358205,-0.300670843651872,-0.3011821308564069,-0.4408682928955322,-0.2833288515836318,-0.3311646197444488,-0.33084583233391435,-0.2928840762576435,-0.3134938276924963,-0.2749551105446098,-0.29637448079986745
-0.25187311751595587,-0.43154018198424426,-0.18947586731054739,-0.538966596901244,-0.14779594313161476,-0.5483736425062357,-0.10323287020491967,-0.5556247066155022,-0.29972125659667903,-0.5107461007622622,-0.3357042898459934,-0.503032575365393,-0.3693165015832685,-0.49523010278483115,0.019195613763805474,-0.525946245475152,-0.34791835053491443,-0.4677683805802073,-0.15366966063529677,-0.3505241399673807,-0.29080550269897437,-0.3132664818300237,0.4994273313838709,-0.023923642423032934,-0.4994273313838709,0.023923642423032934,0.7770042629590332,0.5503027179211121,-0.9514645002426705,0.28170272480098435,0.3812435394273325,0.747223667387468,-0.4574251471804671,-0.20831894910921311,0.273903188652057,0.8416112580539115,-0.3462139388349113,-0.3234024031563673,0.19781629416655191,0.7498875981662977,-0.28886233241225234,-0.32893997932239677,0.20316679294262993,0.713966817267635,-0.3138689842117595,-0.27885353188085005,,,,,,,,,,,,,,,,,,,,,,,,,,,,,,,,,,,,,,,,,,,-0.4895232279876555,-0.11926765556766997,-0.48545589644619336,-0.20853709928482436,-0.5038875040883648,-0.30377379920063646,-0.5269825922834704,-0.367481018253034,-0.554435665362189,-0.417925603574659,-0.5727107345034079,-0.3373791770606531,-0.45013169167633144,-0.4094585364307079,-0.3648400984202857,-0.4104072707969858,-0.30978424763915463,-0.3981761254149184,-0.5610766991468021,-0.3160896205931099,-0.41699496830518296,-0.3880774700755001,-0.3334612831945546,-0.3826330054871177,-0.2845797337371474,-0.36621931366418314,-0.526967963514964,-0.28924711173570566,-0.389249426635667,-0.36309388261174036,-0.3162877496439404,-0.36116064280290955,-0.2739378919350103,-0.34624848194886637,-0.4761855283863718,-0.2624867161847355,-0.37367608815686376,-0.3251410910219951,-0.32054995346660203,-0.3275080684780764,-0.2871096564541111,-0.31782382372678686
-0.23730348432538875,-0.4338891286480839,-0.17626762424233522,-0.5407863620847129,-0.13383627307709065,-0.5499631579778658,-0.08858505047667917,-0.55701401508348,-0.2897933768971382,-0.5131121952462118,-0.32673090711054054,-0.5053571202476129,-0.3616357085724451,-0.4974503378800097,0.027414732238187415,-0.5264769073448828,-0.34489047202872,-0.46799178811017483,-0.13782030572101603,-0.35202875371986225,-0.2817834206620553,-0.3151377213865079,0.4992679335828063,-0.027046820440757204,-0.4992679335828063,0.027046820440757204,0.8167871713901579,0.5081079948285151,-0.9322645493513059,0.3056761527625543,0.333347426875799,0.5492768321262822,-0.4609897859200026,-0.22278961033410363,0.19433033643341016,0.616862679293696,-0.368731349350548,-0.34204745879150156,0.1408944155648323,0.5231988068015013,-0.30746792821398783,-0.3605387228724195,0.15062404339588267,0.4977871796654263,-0.32588248150662386,-0.30960768779997394,,,,,,,,,,,,,,,,,,,,,,,,,,,,,,,,,,,,,,,,,,,-0.5067114513574892,-0.11772207919115935,-0.48428533096200543,-0.20321850262875382,-0.509148090265164,-0.29865936553218253,-0.5412008789001634,-0.3602041309844246,-0.5764723065038287,-0.40763711125602675,-0.5988542860546587,-0.32906758628990945,-0.492821656055788,-0.4136451944756806,-0.4009698080918219,-0.4334815758008432,-0.33486407201395335,-0.4330558094982842,-0.5961535520448682,-0.3040463699254814,-0.4708534433546014,-0.3923519510009967,-0.3678901019907862,-0.4122468296591229,-0.29990120177097507,-0.4140237129323844,-0.5666408975989407,-0.27434783109733446,-0.44115222607714294,-0.36041765696353883,-0.3505706059146715,-0.38353460300544956,-0.29048720240679404,-0.3887292947381814,-0.5170858355068084,-0.24669241340401396,-0.4271837915036555,-0.31943491832393606,-0.36721245431497196,-0.33728399739792425,-0.32412563303421255,-0.34119753325597046
-0.23783638848296887,-0.4278624265406779,-0.17419713378451965,-0.5341185955351272,-0.13034391522166727,-0.5446976478090026,-0.08388523090441036,-0.5530244794995564,-0.2900626265383848,-0.5055922984322446,-0.3270457056279188,-0.4980001650188834,-0.36202978956612925,-0.49029541519316233,0.03184891192299313,-0.5239176587872627,-0.346431555143304,-0.46000095428513166,-0.13680740824232512,-0.3466382159497329,-0.2826722552251787,-0.3085219745847813,0.4987188752107647,-0.035769868723686545,-0.4987188752107647,0.035769868723686545,0.8301786920149161,0.47937043889164627,-0.9289548056889931,0.32438592344900613,0.2886444779880949,0.453158807419092,-0.4760028744040784,-0.2391259325355879,0.15778980534746506,0.469156582478884,-0.40230286132190674,-0.36462669604253894,0.10117820237021419,0.37864614741484404,-0.3412066273308556,-0.371388848650086,0.11537411483224941,0.36651135215951625,-0.35227102834939455,-0.3167234855258256,,,,,,,,,,,,,,,,,,,,,,,,,,,,,,,,,,,,,,,,,,,-0.5566862893551733,-0.09257268274142595,-0.571121107953945,-0.17223996604830302,-0.5816674304100792,-0.2677581708906329,-0.5891516846215432,-0.3341472685987204,-0.6083187611446578,-0.3814133243082202,-0.6142423198364587,-0.3062823506747349,-0.5391549500720036,-0.3973566214476929,-0.47384959692109946,-0.44015656432974615,-0.4220166549979496,-0.4599771605689448,-0.604365020694286,-0.2880994296252159,-0.5157821996330088,-0.38563676276333514,-0.4418107659241076,-0.42717649999847496,-0.38750941435834485,-0.44677767726215806,-0.5752119045161084,-0.2606956360742103,-0.4883056253030786,-0.355712773246251,-0.4173208951269433,-0.3980265060726476,-0.36539008674219203,-0.42277089426830006,-0.5274308924965541,-0.2296777815957729,-0.457136610745336,-0.3034311959595225,-0.40257718887323823,-0.33687708612776696,-0.3585622591714141,-0.3584162131261311
-0.21513561397766454,-0.4372638922757117,-0.14089661578431326,-0.543486665129093,-0.0905428974772591,-0.5540917820310947,-0.04376182843456401,-0.5623970786129604,-0.2692829283377243,-0.5145148941104195,-0.3088131049274002,-0.5069726589192197,-0.34817233558978083,-0.4991717569913363,0.06195863313405804,-0.5306506983933371,-0.34267344700226804,-0.46723853144771615,-0.11386018512276748,-0.35322779548583616,-0.27410263855854883,-0.31404784422764276,0.4984529946094115,-0.03930155423020782,-0.4984529946094115,0.03930155423020782,0.8506654217265789,0.4581185278486573,-0.9306255711082304,0.34340756052583576,0.2391535715881614,0.25025200839196,-0.4791602280476233,-0.2241722828078046,0.08439586175937902,0.24318017604110453,-0.42680088308491904,-0.35209762250788057,0.026012619164973418,0.17904464137106588,-0.37418857323814153,-0.35834652401566275,0.05003145398356414,0.17096994086687947,-0.3702398210035304,-0.30367485851748477,0.35089365439902714,0.3006813858971115,0.3172529433006651,0.21313426371147212,0.21230749508298807,0.15860854370991384,0.1096960783011083,0.16422267551076045,0.041776706518108414,0.18954306783864902,0.2212984394412345,0.13867969162904925,0.04594585728630742,0.14931211163297292,0.03992185000359433,0.1891206921414447,0.08118264851148822,0.20390800828204175,0.21693389057012322,0.20354901086962043,0.028481082741158154,0.20991337489275985,0.03228948168074808,0.23979152117443728,0.07774070325311763,0.24630742289579485,0.21006644770514232,0.27297849638623867,0.03653867768751384,0.2773382206128336,0.05090098650662495,0.2986157801380422,0.09722283711217267,0.3011270076088037,0.20055202941687164,0.34407621239539754,0.0681304499805903,0.33832786775618695,0.08633449164685886,0.34933748724047997,0.13498006649310074,0.3552810106805794,-0.5481742458807766,-0.07138215073360019,-0.5790981338613733,-0.15272116158782292,-0.589886696906008,-0.2502224026187915,-0.5951401865292573,-0.3198760148033966,-0.6185010056264246,-0.3673978860813753,-0.6131683479727025,-0.27023480877059836,-0.5660758700566791,-0.3729336174088312,-0.5121191291550153,-0.42658684431001176,-0.4654683255142617,-0.4592181081943387,-0.5883414948486344,-0.25359340367256933,-0.5404292659688782,-0.3679299127903149,-0.48821246732142975,-0.42559241928458447,-0.44487389179216397,-0.45956986863998556,-0.5519432801071534,-0.2284036056996575,-0.5142488807559498,-0.3391901633124732,-0.46942782354802287,-0.39953089576837714,-0.4315406577181885,-0.44090463481835834,-0.5039848881514566,-0.19771864727363186,-0.47725471276568754,-0.2726732279695676,-0.45418688117187694,-0.31648988190999927,-0.43131642139918985,-0.3482666354598732
-0.17717300355688212,-0.455447694154327,-0.09985440644124859,-0.5579630066858401,-0.049206533038542416,-0.5656623988130005,-0.004826005342259845,-0.5717443108697313,-0.23805222866850834,-0.5305271743846846,-0.2813413023618572,-0.5212768624046914,-0.32611161915851444,-0.5118915378094058,0.08771006065233454,-0.5367043632746308,-0.336637705744017,-0.4728477371250201,-0.07908316636257512,-0.3657625870452255,-0.2531107544191611,-0.32335315448844454,0.49827730199777687,-0.041469631223539034,-0.49827730199777687,0.041469631223539034,0.8316907885056138,0.4321246822552112,-0.9329382290661482,0.35643280350107837,0.19993503970902815,0.1309243375794208,-0.48066411050417757,-0.2199585347344986,0.03557359803534783,0.11478804830537352,-0.4335306833734101,-0.3487413140084487,-0.018878893022699874,0.05872275197478767,-0.38263693786255787,-0.3536049959956191,0.015580823110306652,0.06438126090821032,-0.3755092067346905,-0.29815454689246607,0.3723878887044775,0.2093926010622073,0.31981199508569774,0.12663799313184013,0.21931430306317695,0.0686671601369442,0.11076416036798228,0.06040178355078753,0.03860776447629951,0.07188030455431005,0.22696160458526154,0.03545539243152205,0.06212511440204413,0.030916831507228373,0.042155490857036626,0.06759952534231439,0.06526479770968774,0.08921846210529776,0.21830944412594616,0.09043146085340822,0.047945339350265695,0.08855152427278923,0.022052524267412096,0.10829876100381942,0.033506892148495636,0.11784981831482688,0.2074792730680782,0.15072255186840974,0.044895367640252565,0.1486676442809978,0.03397125540570952,0.16172858437076426,0.05812749437661417,0.1651512042555502,0.1933328894298099,0.21439485741544467,0.06432538594293674,0.20203981180728184,0.05617231581088574,0.20883051226812052,0.07810691273625131,0.21483005883819306,-0.5119245953087808,-0.04357841029141397,-0.5256905394424572,-0.14122992953104496,-0.5277984280726387,-0.24789813216081003,-0.5195025539954761,-0.32287543466582663,-0.5027418452887897,-0.38002617454491433,-0.5790967662105216,-0.2360380586055787,-0.5671247201153198,-0.3371739718449893,-0.5308790085783693,-0.3936873809448808,-0.49258584686969087,-0.4361336553612346,-0.5576447865150889,-0.20676458551425023,-0.5429466654209218,-0.30404267744612656,-0.5136926706541409,-0.36215798395680954,-0.48516961392909624,-0.4079263701032838,-0.521894380945205,-0.16766379681747398,-0.4968531582115708,-0.2306131782620151,-0.4675130135979338,-0.2676969029733575,-0.44273691868756987,-0.30332186813315504,-0.47652891785508594,-0.12664366967213683,-0.47646836809192095,-0.15398311209295995,-0.47818112499556603,-0.1679822395976487,-0.4761156434605425,-0.1856903740103284
-0.14177509216711492,-0.4483173121007252,-0.06624429908623197,-0.5482081509513427,-0.017038606336122513,-0.5553021084298124,0.026925919674537883,-0.5609384963438521,-0.20129581685239353,-0.5242180505834051,-0.2441735940518596,-0.5158983822528412,-0.28821930890846303,-0.5072221176299211,0.11348811042426792,-0.5232772666246205,-0.3057883782164613,-0.46469874834421443,-0.04835124032697047,-0.3584021970838357,-0.21609549304608167,-0.318454658825548,0.498823503541476,-0.034279911239778,-0.498823503541476,0.034279911239778,0.8248610583334943,0.41918747634130243,-0.8934076411225395,0.35190993430056905,0.14539051244696619,0.041527930571465796,-0.38456661571613565,-0.1426279580157712,-0.032301452859833366,-0.06835012110051313,-0.33758989598584493,-0.28958294232162346,-0.06598213133032968,-0.11261511149252064,-0.29302170573924424,-0.28945459391691836,-0.024834923925250375,-0.056975257410890864,-0.2898783187227329,-0.23033915694777585,0.3742170073991363,0.1246765789669037,0.3061895080132634,0.038222275281998244,0.1943145608716614,-0.005799367410039863,0.07969210440171774,0.007439010073727634,0.007286534794992304,0.019732336260446664,0.22689251536720642,-0.05551779726539062,0.05668589905092274,-0.0520864196255342,0.06254090598678744,-0.011323163245271741,0.10395969117573549,0.0032651155759609546,0.21405942559957503,-0.007011072639114162,0.042973956438797506,-0.006166686757520667,0.060559329167342295,0.025844587100370756,0.10622269348273518,0.03364429667632373,0.1979251667185996,0.04563639254918674,0.0389250183589108,0.046000976423421484,0.06320836145882584,0.06825514546940994,0.11101808750200647,0.07136220540121362,0.17755770827988296,0.10207697435940291,0.05750479032186297,0.09412309351130205,0.07791207725104222,0.10735972029219207,0.120794231207702,0.11314601214011577,-0.42214862613016135,-0.01181445424026394,-0.4187741463338229,-0.10374047034979632,-0.4154529535563178,-0.19699144028078983,-0.40984282618544027,-0.2554555063605808,-0.3971079946168073,-0.29493418450449393,-0.4787095687632041,-0.2162154709026538,-0.4634956325011328,-0.29074606554584775,-0.4284299292166919,-0.33020121861984475,-0.3936591099481761,-0.35367639350394414,-0.4876699943469248,-0.17205628861580385,-0.4626561704713822,-0.21404689713210806,-0.4055625764878668,-0.22315777374436205,-0.3647389208583314,-0.22251745416692456,-0.48081413245979204,-0.113197220199282,-0.4571697959101564,-0.14905314699504443,-0.4021769359606845,-0.15599665344498093,-0.3647089400715546,-0.1525417507352084,-0.46300707697938664,-0.05055181913449509,-0.44314765063192807,-0.08245247045431589,-0.4033192695882387,-0.09384812374060819,-0.37505242092848273,-0.09191283112848637
-0.0882536512619334,-0.434064537979359,-0.01822569344277282,-0.5263970732021713,0.025262838387895097,-0.5315782655121006,0.06507809983979806,-0.5365132923377125,-0.14365418576982728,-0.5120201433275622,-0.1859341632994871,-0.5075526409144899,-0.22822163557588213,-0.5020374573556838,0.1420432374610069,-0.4989404379970258,-0.26073944158338025,-0.4560057785060722,-0.008793501896587322,-0.3400256283766186,-0.1643136134851909,-0.31007556482453336,0.4996817845649339,-0.017835755492914846,-0.4996817845649339,0.017835755492914846,0.8217736979420138,0.3952491390778228,-0.8302454007481459,0.35725562888164497,0.17319752736176017,-0.012794429935438662,-0.2546452624493249,-0.1054854462837837,0.013507486473416626,-0.1741913730027761,-0.14872971270677124,-0.2445995572689828,-0.005950987247487303,-0.225204313876169,-0.1295269048533703,-0.2659374179036039,0.026225966123277916,-0.1473707356719928,-0.14755345970859382,-0.2039827801556636,0.36650520195104264,0.06538675673351348,0.30861746712518623,-0.022961001101862902,0.22569221133265074,-0.07441845434852379,0.14318180560588184,-0.0822282971260663,0.08166450216391377,-0.06013853394221985,0.2120057481960007,-0.11948193859172038,0.08033001500579127,-0.10651117098837762,0.02326395776566701,-0.08036611646189616,0.0008962555937382541,-0.060040679995409255,0.19685158141700493,-0.08070908029489252,0.060466402721932586,-0.06878799947373375,0.028894307080643864,-0.041464475192998264,0.02705545513518478,-0.02291698265977011,0.18419284862139906,-0.030964546136576336,0.05554393751408826,-0.024316705782432994,0.03854585191860112,-0.001813675930017527,0.04859029038118516,0.009883090288150393,0.17261905958557672,0.024270259464637244,0.0698386362942363,0.023700553152947078,0.04714010966782598,0.030990091611364,0.04454629393855958,0.03419625981684212,,,,,,,,,,,,,,,,,,,,,,,,,,,,,,,,,,,,,,,,,,
-0.07990048286206833,-0.4298702425270468,-0.007806662460233344,-0.5211985348315045,0.03463447492907135,-0.5260996131777685,0.07437374382615378,-0.5306778372429246,-0.13393889686654317,-0.5071933207724041,-0.17640217044847237,-0.503089980688645,-0.21718382430296146,-0.4982443472399451,0.1460515708722532,-0.4930014109000369,-0.2512921469931896,-0.45393572963795703,-0.0019017286616495673,-0.32907945878764333,-0.15463143383429925,-0.3068680866410395,0.49985621707741745,-0.011990089618251789,-0.49985621707741745,0.011990089618251789,0.8121565462717056,0.37308620972511547,-0.8454131476259059,0.3533739301930134,0.1304983895694832,-0.005187073778332266,-0.18279410048479477,-0.04071420111658619,-0.03872862640457125,-0.16546365439588645,0.026891401814631923,-0.10472570081041124,-0.10675419049963686,-0.17518708142219355,0.03281638348578127,-0.15840314869270292,-0.023223894127168056,-0.12588080067121665,-0.019267362943550564,-0.12499295139816959,0.3355764313229291,0.02066215191089888,0.2692881406848736,-0.0674297663822576,0.1933252897098896,-0.11726700250821324,0.12640465575799512,-0.11964674763134811,0.077383221863054,-0.09501052264833686,0.16846467473654808,-0.16034779233156315,0.04851929733677535,-0.12871120526306504,0.031417626710321014,-0.10127370775302724,0.04214010605281232,-0.09232034874844451,0.15350436749850366,-0.1272468752377549,0.025731340021905483,-0.08578223630799817,0.024366622863405518,-0.05826360756367157,0.04653956992092536,-0.05503694424064434,0.1402218165957903,-0.0817295379856677,0.01302704494350528,-0.043385058055933595,0.029866213738554186,-0.01941615574774815,0.06715275072644272,-0.02352241947958974,0.12722849802123648,-0.02838455065675507,0.022948862375409152,-0.0054834063946920895,0.03444631729176325,0.004526642559700875,0.0653983530449495,-0.0015154938667535178,,,,,,,,,,,,,,,,,,,,,,,,,,,,,,,,,,,,,,,,,,
-0.08060723163084778,-0.4168455535906482,-0.007896968864876282,-0.5138714988051277,0.034276937819507025,-0.5182509197133532,0.07441822650290802,-0.5224129321668817,-0.13365270694994386,-0.5033863067676702,-0.1757769232496168,-0.5006896918858832,-0.21595300561958647,-0.4971313603115928,0.1467995118371912,-0.4868733689639744,-0.2494723473745105,-0.4542936650918333,-0.0025968695078663227,-0.30019305231543303,-0.15223472320461906,-0.291289306253422,0.4999110529330161,-0.009430755823540854,-0.4999110529330161,0.009430755823540854,0.8046716620786598,0.36656503045390515,-0.8661455433645188,0.35043076046660804,0.15425931990660202,-0.015567570421627586,-0.2033176887594416,-0.015720704311615492,-0.014884874538610078,-0.13149471708732857,-0.019244294285694335,-0.08345130298969457,-0.05292541626589128,-0.16450121656986452,0.00016599922020117477,-0.12655453445814735,-0.005410366175072679,-0.11058204469612316,-0.045275805511066886,-0.0934207359187643,0.3208050301668765,0.013747881448628452,0.2633144009568458,-0.07356270808690417,0.18817608056649462,-0.11782684028326523,0.12610997739996815,-0.1219118691009426,0.08037753079586592,-0.10168059043382621,0.1675119642715553,-0.15397310537412462,0.07602957004735218,-0.1582255397436459,0.018498730169610362,-0.1525045826209549,-0.0186248833266004,-0.1424238932330368,0.14968467933182047,-0.12316944210770041,0.05074018523849244,-0.10913091878623778,0.007905406854732759,-0.09202950931958848,-0.018403412136046463,-0.08344255248169526,0.13296850056256931,-0.08074906278133658,0.037406077810974166,-0.0652873318374149,0.012592762306362542,-0.05027396025574355,0.006068008520306451,-0.04709533822499461,0.11697048848554716,-0.0324005268035838,0.036773332744452714,-0.026109328242937834,0.010550977106523807,-0.02148843498301709,-0.0015472252388063687,-0.022980084078756416,,,,,,,,,,,,,,,,,,,,,,,,,,,,,,,,,,,,,,,,,,
-0.07345723198913355,-0.4018377923075227,-0.0005596429378360275,-0.4987836420931497,0.04039710207220875,-0.5030601266982042,0.08010585418568818,-0.5070453922849003,-0.12578847289301495,-0.48934336978237614,-0.16827626286645708,-0.48722657864999774,-0.2079690945934164,-0.48409543146219364,0.1508124258869355,-0.4727066692479688,-0.2423570260977737,-0.44265507886681643,0.003540993761564336,-0.2836998404809317,-0.14219960015867597,-0.2782378039757934,0.4999983985983759,0.0012654639700841995,-0.4999983985983759,-0.0012654639700841995,0.803590451898816,0.379009715482915,-0.8605349866238727,0.36490590709220777,0.1771193139244591,0.012070444218859654,-0.18491916614885928,-0.009599993071641118,0.018001460161975874,-0.1197002172882291,0.0028760591765156006,-0.09043916713902134,-0.011364829944877978,-0.16051491936919163,0.01329274740081297,-0.13055595669142914,0.023458844606118093,-0.09145786511804345,-0.03013723999304803,-0.09364164592876631,0.32928202636030846,0.02035979663918736,0.26879737659631997,-0.05918114227286916,0.19678574671695462,-0.10146051991368407,0.13923995895292965,-0.10577246356144258,0.09736913564670938,-0.08791878387044419,0.17667747150895874,-0.15962306758666436,0.08689703620699127,-0.12826931364312488,0.03712225788919043,-0.10010552961420743,0.003296191974033956,-0.07723475720756846,0.16052117380675313,-0.12866256786599886,0.06952789451352451,-0.0979745755405741,0.02543648742514519,-0.07175338880451279,-0.00982572140908731,-0.05135740946868876,0.14680710474838946,-0.08460889416125493,0.06027029313119953,-0.06405732922989321,0.014746464772541098,-0.045520726984661,-0.020900727953905567,-0.033803736022374985,0.13410346333838807,-0.03259223595984605,0.0632817272827029,-0.027051734692572736,0.025057292764392898,-0.020021540115201124,-0.0067830667593431595,-0.014294025995882859,,,,,,,,,,,,,,,,,,,,,,,,,,,,,,,,,,,,,,,,,,
-0.052976241965143084,-0.4078129815759515,0.02083308583475223,-0.5041285282965324,0.06193832392071019,-0.5083957832401917,0.1019154239219279,-0.5122317035650145,-0.10501607915261059,-0.495164460550377,-0.14826555301275152,-0.49382980024445394,-0.18814723055043692,-0.491566208004385,0.1728683487335009,-0.47707045928629643,-0.2239542748315276,-0.4517319804102305,0.025281047721946538,-0.2877091268217049,-0.1220883389013659,-0.28671706764990995,0.49996004030581714,0.006321241761369017,-0.49996004030581714,-0.006321241761369017,0.8345356540289496,0.38042830227158797,-0.8488400352435029,0.3839193221258119,0.20640856080040493,-0.012941972098041276,-0.18384872553383538,-0.014781963851038499,0.0458034618449246,-0.15294334403171753,-0.015640870538123484,-0.10164316158074314,0.019175473269995854,-0.18876115338810268,0.0026879765918465825,-0.13771651083125372,0.05165778152980881,-0.12227667546137164,-0.034756508802235166,-0.1016073128348597,0.343750018498706,0.011042406627395179,0.298057813184373,-0.06623933730437061,0.22898407336109258,-0.113679142851698,0.1734728651946958,-0.12142069520252204,0.13170332789930583,-0.1060276826844061,0.2038646585415039,-0.16164622805786497,0.10905590881626305,-0.14384351091849917,0.053467568362805105,-0.1258799447414814,0.013029764945102773,-0.1096772522398114,0.1855516977362402,-0.13258146540050905,0.08805167918738796,-0.11549018386822375,0.03765691272938233,-0.09315965515695532,-0.00224096467889179,-0.07298130538222303,0.1689352291851458,-0.09004300908627215,0.07939906701771264,-0.07496761854698941,0.03191526053156039,-0.05607219400759033,-0.0038137108248220493,-0.03918377666119355,0.15405873125057504,-0.0384273994776411,0.08583909041084997,-0.03520258007754287,0.047711074993218,-0.027709460580844038,0.01657408759932838,-0.018927458477047125,,,,,,,,,,,,,,,,,,,,,,,,,,,,,,,,,,,,,,,,,,
-0.04554456612426216,-0.4134355077282648,0.026639747102949057,-0.5101087698534246,0.06661812640104439,-0.5139760497280355,0.10651736684897897,-0.5171029814498791,-0.09785429370219308,-0.5014909489746827,-0.1406924058650069,-0.5005569632098201,-0.1817420010617542,-0.4986840455019599,0.1773643176987396,-0.48086738567035714,-0.22193064554950537,-0.4581939998614688,0.03037674254072609,-0.2927578116867258,-0.11629196198432587,-0.29268803900367185,0.4999302719163264,0.008350043213537023,-0.4999302719163264,-0.008350043213537023,0.8442091062441085,0.3863262420349006,-0.8535757995400629,0.3922121940156066,0.21082594944716146,-0.03240509652742602,-0.24268628233382,-0.009063871432473706,0.045644226351791724,-0.19151080811630478,-0.14742152336098938,-0.11442009665479222,0.017609288682345084,-0.22104812108481378,-0.1217843244708813,-0.14879277232055668,0.05332195767137666,-0.14380092096613495,-0.12421521316750793,-0.1066126070875368,0.34978261511918113,0.010616760891213155,0.3035267991028825,-0.07100475497983516,0.2327488842713472,-0.1190098342506179,0.1735608119507211,-0.12548143477007997,0.12867877060197358,-0.10565336424283565,0.2156277412757982,-0.16769180326107344,0.12000990937439134,-0.14721441530631338,0.06410588885977114,-0.12462900832552931,0.025918236522228154,-0.10665817506907882,0.1932543885278252,-0.13853250458748123,0.09312311645927158,-0.11984794834992672,0.04258959302098586,-0.09779914907787893,0.00499695538930577,-0.0795006052105234,0.17278899768598843,-0.09489132252363457,0.07970718707603612,-0.07838897798412975,0.0338756900010249,-0.05964748807910586,0.0013782472754392252,-0.044235302248131936,0.15532962029626832,-0.04254560360693374,0.08295103802996569,-0.039042341395495846,0.04334688446481136,-0.03167421977959832,0.01162904360357523,-0.02405952592177707,-0.3585005171767832,0.0459141613925661,-0.3042770396119197,-0.06500409376152914,-0.2623416575776683,-0.17936246842746595,-0.23375864127572543,-0.2530743087957454,-0.19333247499965933,-0.29736922827607953,-0.3243598909320353,-0.2091599293183119,-0.2696795759355923,-0.2514729046961494,-0.2169588946211218,-0.265082261215815,-0.17540384211410573,-0.2677936087364821,-0.3424919485481218,-0.16051763497076937,-0.285078186086153,-0.1978827484082373,-0.23467263185238252,-0.20286270788756838,-0.19403199087335418,-0.2084981938265422,-0.34789033365011135,-0.10082189534538863,-0.29051087872158987,-0.13517489153644557,-0.24680602776898355,-0.1416533325150306,-0.21225223779321023,-0.15294019530570996,-0.34344266712837745,-0.035236941366489444,-0.29716401450239144,-0.060043708519072925,-0.26451471358427653,-0.07113135609252583,-0.2418834229084525,-0.08279760126994656
-0.04418055714937574,-0.41335626014709126,0.02420760871499978,-0.5087865284662298,0.06399058552231984,-0.5123235755547741,0.10398336132487732,-0.5149649827443114,-0.09794869713972403,-0.5009946400313876,-0.1386177488617993,-0.5000070291299593,-0.17849910836428082,-0.4979984875467971,0.17481259525808743,-0.4793224879111358,-0.22260987266153348,-0.45668059354135476,0.03183773329529775,-0.2947786248288647,-0.11441529052293513,-0.29322762584403333,0.4999453297260493,0.007393732826646186,-0.4999453297260493,-0.007393732826646186,0.8379714527460119,0.3823687593530337,-0.8608319753272629,0.390473138976674,0.19795586297821038,-0.027834524611624226,-0.31992759616978944,0.001996033526832962,0.014369549418290377,-0.17366301028268077,-0.24896266559186417,-0.11701948887263568,-0.010247566754347173,-0.20330289939440416,-0.20816464424696507,-0.1438101688842084,0.03658806184778268,-0.13469726152544637,-0.19824028987255532,-0.09676747413948449,0.3434796355795308,0.008809035166762343,0.2988157839511462,-0.0718428069347504,0.22770800926774618,-0.12102858370046415,0.16730124465805912,-0.12808386323820029,0.12190835203219622,-0.11105892703800463,0.21001468037681167,-0.1691850210070797,0.11209362709267254,-0.14556413473266872,0.05652401166175605,-0.12095111783899623,0.018882540229670054,-0.1026147276991326,0.18787352869907023,-0.13981799672082543,0.08667998948420876,-0.12033422890961326,0.03649009959148946,-0.09810362886265987,0.000671440872533384,-0.07926838800566359,0.16784550277295862,-0.0964731669317366,0.0748019607989383,-0.0786225939040911,0.02796612197737435,-0.059153646562983386,-0.004394637269978207,-0.042760104433123995,0.15047423005507393,-0.043760013171447426,0.07779990014871871,-0.039686591196782625,0.03709427024510904,-0.031249223989519036,0.0046990350105631596,-0.02236881932487783,-0.39795768659885383,0.07981695561896224,-0.38446401645276457,-0.027211013770066926,-0.36431322237713526,-0.12029302590052855,-0.340415161778856,-0.1834666987019139,-0.3164385842219383,-0.22978760501963613,-0.40531673321887257,-0.1258706730359362,-0.3717429027270135,-0.21443548996633605,-0.33179217081127715,-0.2637982714955667,-0.2939333324843259,-0.29798909602652585,-0.39351753682139173,-0.10105616081467346,-0.35994328589066443,-0.19150296722890395,-0.3235702785239718,-0.24362172553925945,-0.2913950379272175,-0.2841152440338566,-0.36705606044362843,-0.062417303277473295,-0.342234085432455,-0.1451812200334453,-0.3195647574265231,-0.1937750188727176,-0.2995085620962413,-0.23465229294427453,-0.3291937534960145,-0.013970763151791996,-0.31553747861764453,-0.06498776140799989,-0.30656499784086505,-0.10251645011368822,-0.2949980939180709,-0.1357570828024899
-0.04406475683729213,-0.40849459280334843,0.023684199080132865,-0.5033692349148206,0.06352194666151388,-0.5068664569442063,0.1033657649003547,-0.5094660590016048,-0.0974904151443454,-0.4956441139642063,-0.13776975072267306,-0.49476355463301125,-0.17758279700818316,-0.49293712406967416,0.171776631813914,-0.47403257340731025,-0.22183045856807881,-0.4528383382175216,0.0316771616245339,-0.29084598389793603,-0.11351088018076357,-0.28971213161755605,0.4999400461155878,0.007742757257200044,-0.4999400461155878,-0.007742757257200044,0.8286092089835678,0.3870806626134197,-0.8565285813072302,0.3980256393474115,0.19572307282965953,-0.02570216935297748,-0.31453452663814785,0.0007693511665220095,0.026994800725883655,-0.19016350192806786,-0.22953673954726608,-0.1432371104307805,0.0017406563600903722,-0.22456863908197341,-0.19402642873615272,-0.17724985284646538,0.04266023696741133,-0.14763080110056634,-0.19364460531523275,-0.11598257976547444,0.32746659702514563,0.012872148811209174,0.285563151243305,-0.06745468603038648,0.21602795670158714,-0.11562744630407601,0.15731569774561743,-0.12463023131696277,0.11429797232037932,-0.10943213103333194,0.18950232359748906,-0.16167819779604087,0.09817577143825548,-0.14645717554717388,0.04178396896304125,-0.12623005889063652,0.002191559676242582,-0.10669981184388129,0.16766114472219978,-0.1314293676719413,0.07602038370616747,-0.11601963170928083,0.024710768189887013,-0.09399884510638774,-0.014108364936342358,-0.07299290496436091,0.1488479679212567,-0.0886792745074741,0.06427156819129154,-0.07637112117423295,0.016058406645541944,-0.05796970241547715,-0.019589121957464525,-0.040426758354743735,0.1339367585358555,-0.036769605901244576,0.06515704684835925,-0.03384197900800097,0.025199560781909023,-0.025382936503798224,-0.007145320829949158,-0.01504125752150128,-0.379398140931532,0.09012419564941498,-0.3375580183869876,-0.006270832156213849,-0.3073374482200285,-0.09809978355350002,-0.28572098833725984,-0.16088315100182263,-0.25964008322534626,-0.20356426893756552,-0.3527082860764955,-0.1336168976876287,-0.2941394202363867,-0.18524019872816821,-0.2533959933619079,-0.18546690638433946,-0.23188786331484434,-0.17956591333388788,-0.3604396870175854,-0.10226362657187682,-0.28926091430188006,-0.14000291533581688,-0.25284251686798664,-0.1336904782427018,-0.24027824458984656,-0.12996403656095457,-0.3601807420769725,-0.058957021584758434,-0.2864516652291026,-0.08646641519686826,-0.25708936042715,-0.07880932747640698,-0.2517402738730008,-0.07423414508187462,-0.3539716108271819,-0.00782837446068484,-0.2886432772385991,-0.025971371611367332,-0.263360035583602,-0.02006619190059864,-0.2587359739298674,-0.012526644668540084
-0.025447860857538387,-0.41161105654671937,0.039078818010776645,-0.4981819991346263,0.0802923283803563,-0.5003721806775382,0.1195805464201786,-0.5019222306561667,-0.0837958060496988,-0.4914184667707363,-0.125367260733671,-0.48964322969941426,-0.16690901698107788,-0.48713772370370706,0.17501075047609707,-0.4640472413766913,-0.21953850216132584,-0.4468178757621421,0.046798952647191645,-0.29811582398381536,-0.10366822831352089,-0.294976334521219,0.49991769039304823,0.009072090832900817,-0.49991769039304823,-0.009072090832900817,0.8265982001006721,0.3872428120121108,-0.8533468003772512,0.4041275715574617,0.18369457332779657,0.007755668555252804,-0.21106757020753145,0.005213273975180278,0.009051093517223933,-0.129098791134323,-0.028325587258197577,-0.11619768608530752,-0.015717194168171533,-0.16575614451462028,-0.021916977262523327,-0.16081745082136847,0.022490626010916608,-0.10056234497651163,-0.06417889454537906,-0.10596527212554764,0.30615383609651986,0.023481459639272194,0.2667122282369637,-0.056441618179788634,0.19622272853657594,-0.09965659476378967,0.1296738466507641,-0.09708877415381562,0.08177787543886576,-0.07309775186610688,0.1690979480635028,-0.14924068763308512,0.08538295302277384,-0.13571341449522403,0.03204164321032342,-0.11311092437324471,-0.0053500430909416185,-0.09065692643409201,0.14006704898813901,-0.11974763920274874,0.05859683893158591,-0.10451744729172815,0.01696609157952366,-0.08003541085280615,-0.016146310525280257,-0.061135325822636685,0.1160200685936388,-0.07725490775500815,0.04096888903681794,-0.061783481175044716,0.003068265317359845,-0.041955971283712645,-0.025739218151000262,-0.026918141877602872,0.096662731845404,-0.02546708668752541,0.03887270044050927,-0.016658530402251587,0.007715184896987447,-0.006243653416436001,-0.018081814949014462,0.004729033151604696,,,,,,,,,,,,,,,,,,,,,,,,,,,,,,,,,,,,,,,,,,
-0.02584903269622297,-0.41409026181184105,0.038196944681246146,-0.500536855512361,0.08072300201770467,-0.5029747805886795,0.12041194065371663,-0.5047141687200208,-0.08536873977702591,-0.4921891833281431,-0.12656560482264084,-0.4897171098632812,-0.16807655200726038,-0.48680235288128293,0.17390367869789364,-0.4655552047706438,-0.22108865569441813,-0.4464130089994009,0.05017856589675605,-0.3037460238005428,-0.1018091648680675,-0.29668882856088663,0.49996557061709296,0.005867554646066935,-0.49996557061709296,-0.005867554646066935,0.8141872094216827,0.3848242624741441,-0.8584053246001944,0.40025891891781146,0.1760275216352075,0.0078914434856077,-0.1872003761530559,0.006855055462487819,-0.0002630671451774997,-0.10764781274754065,-0.014252904231626156,-0.08513582493237083,-0.022080669795132297,-0.14666333270613632,-0.0010166151720027701,-0.13125431350250008,0.0144049631654139,-0.09011827203040024,-0.044722193138880345,-0.08461394621627201,0.2906367792016404,0.017313803861251118,0.2594033552291675,-0.058138358056697696,0.20380189029886783,-0.10190943034932276,0.15353878378670557,-0.1057683020492277,0.11364370928550421,-0.08428782391595727,0.16535661729059972,-0.14315123841086266,0.09916749119992288,-0.15392635242749972,0.05999025941959253,-0.14381365487190936,0.03567079428498259,-0.13254479044706186,0.13272217523739854,-0.1111816000920714,0.05215896484328859,-0.1101686696246075,0.011716270591463239,-0.09444920108925853,-0.01680500325140298,-0.07967581936720326,0.10776063736257634,-0.06761718263710599,0.03291380493394501,-0.05635859386716975,-0.0055482827823596995,-0.039333079213151025,-0.0329286475465946,-0.027278282879333707,0.09133370555576166,-0.017982759375423138,0.03293663972263668,-0.009541256968581208,0.005671071668824478,0.0008475339411903231,-0.014807166829869536,0.010156031756857527,-0.3234288850913082,0.10255617384176742,-0.266840645906046,0.03396368624129179,-0.18686854515556825,-0.01729179942851187,-0.12310904058168559,-0.04808523854069379,-0.07502001354195886,-0.07495047123094331,-0.1723222657865011,-0.04618548791604049,-0.06302988117793662,-0.09914351467179662,0.010466377294076198,-0.12731178344038835,0.06972348430492488,-0.14625521275551967,-0.16288506279820808,-0.03211043554997427,-0.03933899549931205,-0.09082864154769943,0.04202094143114926,-0.11992462550413749,0.1084531542268984,-0.1389465234567729,-0.1502412327106396,0.0005947943481711035,-0.03290954935968884,-0.060933751370534917,0.04409537818929387,-0.09310340167936645,0.10644057898720942,-0.11423959347586286,-0.13235110992115884,0.04608895903657114,-0.04945397653377159,-0.0072927568439096055,0.0033238629803084086,-0.038939075313725584,0.048679565813641655,-0.06143487118782313
-0.025017220676928836,-0.4167615174161556,0.0378525021956428,-0.501618801211888,0.08102640882050151,-0.5041821723396768,0.12089193838102515,-0.5059844925232543,-0.08577811196143306,-0.491944179170813,-0.1265959903640056,-0.48874190618942365,-0.16815059340884575,-0.4852555848142753,0.17353281359292078,-0.4650221055355187,-0.2219150332220021,-0.4440522121630299,0.054185491869138284,-0.31066271379559346,-0.09919267001494111,-0.2996436236283739,0.4999868169000052,0.003630829960311406,-0.4999868169000052,-0.003630829960311406,0.8080623508467587,0.38233100129073355,-0.8609371726220272,0.399893142067543,0.17660289641438665,0.011477563321723385,-0.1906666044231652,0.013763097026462246,-0.0004484838432800903,-0.09650285387513464,-0.022877127202959396,-0.06108324066430209,-0.022407784849714868,-0.13614551310338316,-0.006912241060151503,-0.10588048800014023,0.014151023905329446,-0.08355008149384183,-0.04890440699144172,-0.06559105968872635,0.2979702328450976,0.014784698191916652,0.2581976608128522,-0.06420114796022737,0.1939174264922634,-0.10611992092097274,0.13770752047861107,-0.10454419765209576,0.09542716550642258,-0.07963240820295243,0.16903710596137908,-0.1421944809930709,0.0983053293329799,-0.14678521647646048,0.05682577551754036,-0.12971674435483918,0.03335513830524538,-0.11305550487937228,0.1368533049737646,-0.10996057817507035,0.05705226891606242,-0.10715911983676935,0.019161621008648426,-0.08752479219907568,-0.006034837931324718,-0.0710814542793167,0.11157858780285787,-0.06558484871801733,0.03519648408811122,-0.05624624019230006,0.0012311696687944036,-0.03630343434272533,-0.02101404302261201,-0.022618802579553635,0.09417710413505492,-0.013770550191313064,0.03371413241222642,-0.006383842727082093,0.007282932495301187,0.00427252675073109,-0.01091831716746587,0.013134546790709977,-0.347893290790907,0.10249737225494002,-0.28144170111044664,0.03384989388030763,-0.20148694352769636,-0.01493665994193054,-0.14060535237908028,-0.041105135797864456,-0.0908930533726635,-0.0647555806121854,-0.18867205469614365,-0.04282536765190451,-0.07406380713951774,-0.09315803911597337,0.003632537977256385,-0.12359024284746727,0.06479776345491746,-0.1449113666135508,-0.17959482452109743,-0.0271152348243447,-0.04787110849781867,-0.08338600835094537,0.04184491416739733,-0.1145850599326456,0.11400500702651288,-0.1357098135081458,-0.16750661926249943,0.00487447332861308,-0.041813755797673775,-0.052524730059637044,0.04164305761935436,-0.0852077895760778,0.10881201441670584,-0.10798031368067955,-0.15209937477318256,0.04927649589500093,-0.06478006218839677,0.003420899150346715,-0.007725257125961504,-0.026949919487306427,0.04083376813596976,-0.05038360142388277
-0.02456462330277124,-0.4196956797167153,0.039323254638172475,-0.5035329509554529,0.08276592662723642,-0.505807642920982,0.12247545752608838,-0.5073219990895586,-0.08489536381020496,-0.4943331362880772,-0.12568359006151458,-0.49115875504211265,-0.16734044612442994,-0.48770545976605684,0.17363143800433564,-0.46565489340192934,-0.2220171209260936,-0.44554171317183977,0.05397110720141422,-0.31322123227921866,-0.09909254348072685,-0.30419203762728103,0.49998735729119137,0.0035556362258498822,-0.49998735729119137,-0.0035556362258498822,0.8081966783826953,0.3791211426109544,-0.860917434900586,0.3988948428467347,0.18007400009213062,0.016112875942160286,-0.19507272112158594,0.014509689692730688,0.005299677166422457,-0.09611513103292439,-0.03138776741529357,-0.06657188193986768,-0.01782326912483395,-0.13344509249316544,-0.01534058224970823,-0.11006166078999009,0.018260379382831482,-0.07780588475246741,-0.05432104388356289,-0.0674070710567,0.30444584525340157,0.027336836193171732,0.26329411968522093,-0.05107465643569468,0.19934702169037513,-0.0925931943307548,0.1409541849747931,-0.09240487041808368,0.09929453355968308,-0.06498143007265829,0.1694980438924708,-0.1361737703614229,0.0915340146778785,-0.12024999481865448,0.04098100202117969,-0.10022264225409779,0.011116494488860465,-0.08276701370864546,0.13952565647174953,-0.10529206522492893,0.060650756567943054,-0.08664789433892434,0.020089160907527926,-0.06537526413741968,-0.007392257113046354,-0.050674610477167335,0.11567840336738305,-0.060735704215192456,0.04067309915351398,-0.046746105328016145,0.004858839772165354,-0.028496700290837847,-0.01901015496038196,-0.01867683509405722,0.09839836435238165,-0.008859661717908505,0.041036702001947735,-0.003105273927818319,0.013536441236950065,0.0074240930685968605,-0.007752961077722668,0.01575227550904674,-0.3711946108682547,0.10968273527026699,-0.3142310273766556,0.03268092840002075,-0.2391827575642387,-0.033503176071507344,-0.18793877525764044,-0.0791667036134621,-0.14755483975893155,-0.12081248179916149,-0.21628727011637894,-0.060478842407970315,-0.09887523073048128,-0.1127819526016635,-0.018717574764005592,-0.1313662822443894,0.04783396322377859,-0.14124940522602,-0.21294961959593262,-0.038855447271814864,-0.07665528672966884,-0.09523987520130167,0.020781372936180577,-0.11800335990663495,0.10190684195139167,-0.13042559446509866,-0.2051130050154951,0.002281473282890239,-0.07407455546460384,-0.05712835397374102,0.017626559155578786,-0.08466081305475887,0.0925643607905245,-0.10188722272024754,-0.19017246872431423,0.05853503731704098,-0.09353786807521204,0.008268600026078116,-0.028525740894193675,-0.020577363991750416,0.027735588007164507,-0.04190434826370716
-0.021324370728674106,-0.4205105221640004,0.04348617999330004,-0.5048384375818072,0.08635565453833263,-0.5071929238504405,0.1252073723652793,-0.5088560906693356,-0.0803011428412098,-0.49532525602484123,-0.12223472982057217,-0.4919662787614077,-0.1641349477603879,-0.48832635905632515,0.1741435870132313,-0.46655855317168793,-0.22160669328492352,-0.4459552438627828,0.05686053249582089,-0.31401302518974783,-0.0937875199764944,-0.3047066902257481,0.49997920073602314,0.004560573578785799,-0.49997920073602314,-0.004560573578785799,0.8080678742089916,0.386426431769921,-0.8616121252311094,0.4018153623121527,0.1820539147358244,0.016904631077664392,-0.1977904221682408,0.017638439056017925,0.008515633809524754,-0.1134407443333384,-0.03980791698190613,-0.06936925895072318,-0.012959312119339676,-0.15572708973076538,-0.02327614865048041,-0.11033452199988708,0.0187891527675894,-0.08816773846849643,-0.060051110103157224,-0.06873255280483925,0.30167611819934353,0.028309692094144828,0.2619953559116105,-0.045248210364143865,0.19512442244346706,-0.08908994680056366,0.13498284286352652,-0.09135914512029354,0.08992344737532675,-0.07122569675953905,0.16743350840874166,-0.13421877476235428,0.07835931345293293,-0.11890321465490217,0.023004636589572875,-0.10000628610741054,-0.014270445934073313,-0.08244422277234255,0.1422935641798559,-0.10305333539247322,0.050934937212350345,-0.08682033395860339,0.007194136939031288,-0.06571203294252172,-0.022813127319131224,-0.049318715036047324,0.12011019975924951,-0.058813657614875975,0.03279730976038143,-0.04338462204685371,-0.006954128567633635,-0.027469455533137847,-0.030717858991614024,-0.01588190110472681,0.10273404964451287,-0.0066853109012236555,0.031331973675941524,0.0009054201817363098,-0.004087085561119186,0.008235831304009357,-0.028152380907710616,0.013764521551878434,-0.3787670972578309,0.13766231456078806,-0.3210679862899246,0.05420655391572854,-0.2561945318194883,-0.008778855425824426,-0.20021351186600417,-0.045695790742410904,-0.15266760477879088,-0.06223647130179008,-0.2775389032457789,-0.06356781307525539,-0.19269148784273188,-0.13282494376265722,-0.12584863825569753,-0.1554148508607217,-0.07538770721380181,-0.16120893896660002,-0.26227930363942986,-0.04598616356480133,-0.165161926586187,-0.11964510581674836,-0.09655549216994488,-0.14210506019558458,-0.044739073434663434,-0.15038679983661,-0.23943995778922625,-0.006968118692909405,-0.14498163721339807,-0.08406044494864558,-0.08313802935546315,-0.11188110444148404,-0.03533232046035094,-0.12319175801999244,-0.2091001430717308,0.04632348102978378,-0.14115507887408102,-0.00956541135799549,-0.09721665512742202,-0.0402172576844194,-0.05963016277819294,-0.06022769657330472
-0.019575781426366477,-0.42084121065278113,0.04511375055236521,-0.5062569926686077,0.08737414215603344,-0.5088458707172376,0.125643342452404,-0.5107864676013797,-0.07760528350291963,-0.49589485162051283,-0.12014108325747032,-0.4922496036091713,-0.1621000691751408,-0.48825872302938494,0.17377192668352476,-0.46794936573666834,-0.22056925068023706,-0.44548293806024436,0.05867742072561115,-0.3149246631972538,-0.09007063549942336,-0.3053494913595406,0.4999691107491748,0.0055577240557074786,-0.4999691107491748,-0.0055577240557074786,0.8068170855321423,0.3972063439578896,-0.8584306859545913,0.40727992272378877,0.18283543388590162,0.016195998285544598,-0.2007882337326319,0.02061599355848851,0.01173498698110409,-0.13139356220138526,-0.04536512910903754,-0.0703328096758942,-0.006616579838509785,-0.17636121903550314,-0.025666454951936937,-0.1113431445014502,0.021236827126141552,-0.10097313168973478,-0.06259165518593414,-0.06936261480966029,0.2995734812271183,0.0367039104580061,0.258493025559837,-0.035687624344257075,0.19547810771554214,-0.0756908913055671,0.14053630491915328,-0.07902044016538935,0.0975367961418494,-0.06480641731091329,0.16351709020267854,-0.12548549287664434,0.07325219822075048,-0.10925319126019178,0.01826378629766093,-0.09154886984669466,-0.022337941850485807,-0.07541796897477535,0.1398454540856121,-0.0943701720738053,0.045648616175214776,-0.07798426749091471,-0.001948002556495586,-0.06076488814677888,-0.038868231150311384,-0.04615655208041506,0.11920817569259695,-0.05013086052626337,0.03330527651482972,-0.03262416180997713,-0.01055619037892537,-0.0177292314023227,-0.04183961476539821,-0.0052666759534210185,0.10322828839118783,0.002004347811884851,0.03590668723975026,0.009477758762908779,-0.001431780584326292,0.016800881174282297,-0.031252506999094716,0.023493019585965738,-0.3738505105681796,0.13669964876082763,-0.31549961266906595,0.060750283953746,-0.25536389594482767,-0.007169881960365397,-0.20452742502823457,-0.043947383050640006,-0.16150885829690198,-0.06562331993822051,-0.2742855441719094,-0.05853427891872151,-0.20408805632720284,-0.12993915029664987,-0.13944285480675536,-0.14742534099718782,-0.08782966868765474,-0.14509333102459718,-0.2707257462261858,-0.039445873593888466,-0.1923471137354648,-0.11681733464452636,-0.12509004033054838,-0.13734223325427433,-0.07229764330592058,-0.1386290594545615,-0.2579972080275789,-0.0018525056346777513,-0.18358149064062382,-0.07729207017149108,-0.12473301442002117,-0.10455260904450979,-0.07674777914746427,-0.11629593388050144,-0.23523631424624372,0.048556300650477335,-0.18388144626490197,-0.005726966973549499,-0.14376662812702165,-0.03627997455670414,-0.10607227372662613,-0.055786411960123725
-0.01914701373789517,-0.4227985638370789,0.047055384349113445,-0.5086364674631524,0.09003976194633656,-0.5115548822133432,0.1284535553865282,-0.5137065254215495,-0.07776913799152443,-0.4969327633675133,-0.12054692966053282,-0.49292391888088316,-0.16255266599500956,-0.48865575414434254,0.1740462616340692,-0.4695269746709237,-0.22093701958401857,-0.4456208179047078,0.05984609925660255,-0.31834938159587767,-0.09037440214098728,-0.3078999048056385,0.4999729643557264,0.005199510875801504,-0.4999729643557264,-0.005199510875801504,0.8062812561612652,0.39745801279998394,-0.8581124637465443,0.4057581256650764,0.18041872265344291,0.017942257235264825,-0.18515351879453673,0.038514962526902626,0.005233441112256028,-0.11342121739186867,-0.012976787288167965,-0.030706242368692047,-0.022812929727839885,-0.13885014244940852,0.0007706048816755819,-0.06882310738849083,0.008703753174181988,-0.06935749566217765,-0.04117296918754095,-0.035278276978579576,0.298622549328768,0.050302689284418445,0.25160342630105637,-0.02689797479130148,0.18351253859544295,-0.07007723109011531,0.12704910260674948,-0.06679402744662255,0.08739765846522729,-0.039966969439605406,0.15405301225843188,-0.11036770331851233,0.07712513692342879,-0.10063754754110904,0.02418526533723418,-0.08575652286047036,-0.008770681213112134,-0.0718899863488781,0.12639225467050005,-0.07413259367191516,0.04869087354810924,-0.0588398475877031,0.006339722226336677,-0.04211104957220505,-0.022629343837771435,-0.030951161693817227,0.10598500460822982,-0.026340482875692944,0.03078793394562149,-0.01568100123264971,-0.007865184215821924,-0.0027436869829219677,-0.0347246702045498,0.0011841393513190458,0.09276039708922454,0.024960895002018292,0.03300982051357182,0.02670029878777405,0.000981749376009386,0.03229262337813229,-0.024013075862463432,0.03618294514566631,-0.3577139986851118,0.11294070308140733,-0.29703419984759455,0.029431812327082564,-0.21776902333880802,-0.03685709491241316,-0.16142307403145634,-0.07663317439578204,-0.11278079065402548,-0.10519362716957979,-0.17771103798248414,-0.06322580981691177,-0.0682653564634437,-0.07951480980569393,0.014958727512213929,-0.10041790753718968,0.08323154344748886,-0.11361651050856111,-0.17675446432390515,-0.035705538948468,-0.056293940212084,-0.06561180476514902,0.03452699420102237,-0.08810200873251305,0.11115773390808172,-0.10701176982466513,-0.17595868372479917,0.0049341816069158944,-0.06136285852895137,-0.03540809250919796,0.01898497743311692,-0.055854193987255815,0.08422199554063467,-0.07412710267181717,-0.17403092827530503,0.05770673309578514,-0.09307214084950442,0.027315601610074576,-0.03619397894775,0.00448402320265663,0.012351642107201246,-0.015446753096394197
-0.02297180151778453,-0.42405343403191587,0.04333006094379201,-0.5101625441651275,0.08659429534673758,-0.513102104140592,0.12525627856741278,-0.5152633742892664,-0.0818610140468833,-0.4983686914817076,-0.12466861575796348,-0.49432617355133496,-0.1667186931125521,-0.48993199238145624,0.17143556969087054,-0.4709289913744844,-0.22506042401722928,-0.4458552051257279,0.0570182436551983,-0.3192300667562339,-0.09426267204594216,-0.30854249450296983,0.4999860101359111,0.0037402765101770393,-0.4999860101359111,-0.0037402765101770393,0.80436855797397,0.4028012211095553,-0.8636545986404742,0.4052392949773095,0.1780323442953178,0.027726678906749323,-0.19031979220773457,0.061838428448252075,0.003914914115387949,-0.07298740945155016,-0.016059391764799116,0.005668765736804519,-0.02439319795972112,-0.1048995765516777,-0.0019577685397484525,-0.02880243409556634,0.0071084357926038426,-0.047358146872307126,-0.04412350956390008,-0.00269442359858995,0.29711754039940386,0.05350358397981514,0.24577366915799068,-0.024841109154061108,0.16922363179466768,-0.06862240376744087,0.10664086506356364,-0.06404019126400863,0.06399253450967343,-0.03411050361328483,0.13781938809804298,-0.09031588293364591,0.04713990177946924,-0.06953286581268134,-0.011467315662975052,-0.0539548176494029,-0.05408283677379354,-0.042695987308225415,0.1187579322921807,-0.057079709447282044,0.030836100429256042,-0.03742685304731672,-0.02347474120841571,-0.020567886848671467,-0.06676597072274941,-0.008617877828606336,0.10286404132566114,-0.013313469799868732,0.020220792012630998,0.004635891244154031,-0.027351031549048332,0.01858011220434159,-0.06495958246147748,0.022932866260974728,0.09272799996352692,0.03816485786172763,0.03171904822635091,0.048112971717659866,-0.0020705250434696456,0.05441196947802575,-0.03010162574479589,0.056863229419419535,-0.3545026060874263,0.14682090799041525,-0.2891082985052484,0.06471735325044475,-0.20778915940580606,-0.0001869930600385534,-0.14417735979405677,-0.0450461194092652,-0.09668787132211125,-0.08784801061601329,-0.1929338534362691,-0.009613582129422397,-0.08100080443976536,-0.05686707103142477,-0.004626546782519678,-0.07504236039229589,0.05804115072210548,-0.08543454383056288,-0.19372605612815924,0.014239609775184611,-0.06489167937360119,-0.03557519606079393,0.022731960335836136,-0.05918024059533311,0.09352622464180364,-0.07472423338732191,-0.19046369691690362,0.055790589051147296,-0.0651151158340137,0.003980221519476927,0.017589391616397186,-0.025700799624421587,0.08234568012365173,-0.047247466915615786,-0.1805759067521887,0.1107506631177036,-0.08560700106139243,0.06376452964579522,-0.022330979104370898,0.032896554219630884,0.03055348237849261,0.009609117553308205
-0.017449107815005614,-0.42167494660939847,0.0482922128536463,-0.5077098055226102,0.09120989153825763,-0.5105689464620522,0.1293389093999261,-0.512725101762904,-0.07745561677387511,-0.4958061440904583,-0.12167832040986505,-0.49155683397633027,-0.16393043948810931,-0.4869522884396848,0.17357897455641952,-0.46825465858583737,-0.22503467476432182,-0.4424326716147251,0.06513683826764889,-0.31860594101345446,-0.08897139896651507,-0.30726356610344807,0.49997847093552755,0.004639892344856133,-0.49997847093552755,-0.004639892344856133,0.8068330536757379,0.4128256652514522,-0.8653234964459708,0.4097182649649305,0.17316479313315078,0.03600446676580504,-0.19223210901640175,0.08596998712402512,0.0024864920158207647,-0.05665656719130213,-0.018157291513626748,0.034301582299654985,-0.026059382372727254,-0.08293743890194957,-0.004512383932296117,0.0025320790022924865,0.005608654792830453,-0.030382141075093107,-0.04611952772189599,0.023943408075914965,0.3063272395500671,0.07817248123274799,0.25137833904014356,-0.001816306136026114,0.17390915532958756,-0.04340203391829833,0.11228677742948666,-0.03491599299531718,0.07314954384420871,0.0015134671586210387,0.14282787518032722,-0.07223827194017707,0.05091161926445931,-0.0428165244364084,-0.006989779343062661,-0.022480466060795082,-0.0487961127930498,-0.011195061888728298,0.12067623839709213,-0.03290663090974036,0.03444541262071229,-0.005491542500332403,-0.019488826571163378,0.013309424786930982,-0.0633454828197715,0.02276116130246817,0.10360975978096719,0.015747003057860195,0.02450505846226269,0.03635408828348897,-0.022168946323138265,0.04986301461440908,-0.061659232145720576,0.050766125564192084,0.09256409013752935,0.06985631291157937,0.026646659195027726,0.07662325142111379,-0.006745678444007696,0.08082421957695371,-0.03548325728649837,0.07820928349776735,-0.35752178922201283,0.16306865311557261,-0.2827194182297524,0.08711813462366866,-0.19236788234441102,0.025259244992158026,-0.12401183351897399,-0.02270242322411806,-0.0800881222959662,-0.07602079626352284,-0.19044137733572805,0.015901593363181633,-0.07813282003471159,-0.02423990542008224,0.00011097858166148914,-0.04296685233250443,0.06420305876368308,-0.055930814049776276,-0.19320435416459683,0.046380834199653505,-0.06398692342759481,0.004052407600154423,0.02559041339673196,-0.021916996353436514,0.09873917753193602,-0.041347136826850095,-0.19445542325285384,0.09148346543768827,-0.06860009774389168,0.04544954976450257,0.017547351149591193,0.013924771133398762,0.08543297554222425,-0.009230299158217306,-0.19186990819344285,0.14708066799467603,-0.09857024058092907,0.10562780262679576,-0.03370863959192074,0.07342644450205918,0.021193686300125216,0.04907259760609779
-0.021221500781306846,-0.4131479150740167,0.045238179461223195,-0.5004137973405642,0.0886966336370058,-0.5035940552937623,0.1267780343756676,-0.5060322877920219,-0.08258609934364117,-0.487418817357426,-0.12667424876225392,-0.483016890195732,-0.1686672000594724,-0.4781849196338792,0.1717813936764212,-0.4622377808017221,-0.22824368504130607,-0.4334839557649795,0.06194662119659343,-0.31051332162597406,-0.09483988749122575,-0.298093122208689,0.49999922800023666,-0.0008786348316306101,-0.49999922800023666,0.0008786348316306101,0.8101352326521435,0.42924791886087044,-0.8698897995750655,0.42113846948506156,0.17117014226248084,0.07414481735145091,-0.19660824619598746,0.11457327346815444,-0.0016397814312090957,0.014715361988619915,-0.023856988466506253,0.07865969993979188,-0.03251266694423731,-0.013370421313589521,-0.0059193749481765,0.054566119871623235,0.002616262338136331,0.018771128700755424,-0.0481676221820049,0.06833480284632426,0.3024095512822244,0.12764963554373854,0.2514439377361862,0.05127603256447132,0.1609222507596886,-0.0024964816527758725,0.07863755692488184,-0.012867644622102603,0.017280669341857364,-0.0038991504702070444,0.12728174888896246,0.011581057304011622,0.02730619287374117,0.022801678426499255,-0.04616214234690496,0.03382191828935387,-0.10476339685088869,0.04701936358058726,0.11654889930903448,0.053312668924079994,0.01903106164519358,0.05723068003286924,-0.0544877075482359,0.06758214874422892,-0.11610374655752523,0.0790839080042568,0.11072252502348016,0.09649019336716856,0.017416757706433927,0.0957714050525827,-0.04808884515013669,0.10112011543061866,-0.10271342258112244,0.1054855717442255,0.11009960293815192,0.13889036773388566,0.03276223174757641,0.1290605363525951,-0.020187812744094365,0.12645818503794343,-0.06361563140748379,0.12601365750097282,-0.37375757559750766,0.19471077217243699,-0.309187918905276,0.12449313574300866,-0.22116365140336233,0.06602588555513936,-0.1527029720299259,0.02252147811076696,-0.11176465345696425,-0.030469413730761404,-0.20731254431198437,0.0554970643196531,-0.08346150390015548,0.013173478733918997,0.00755358154974942,-0.00463586160156715,0.08265372671623702,-0.015367981764533401,-0.20842282113017985,0.08799884211067582,-0.07110445115127276,0.04383201986261797,0.028326126191103647,0.02061499057761781,0.11162116672034715,0.0027459422536918686,-0.2069267869416456,0.13487565677645394,-0.07527171445613179,0.08775948914480113,0.01783690187639771,0.062260739401046754,0.09343909431741049,0.044663242591735305,-0.20160402296696306,0.19132106734879564,-0.10209279294910253,0.15238333109704794,-0.03130725331374598,0.1268012194148087,0.030320560569354345,0.10813231329112036
-0.02963586554826326,-0.4027061107117741,0.04024797956348346,-0.4913975514508958,0.0855843493777968,-0.49515279793933964,0.125270344425869,-0.4979353689014343,-0.09316757160132519,-0.47668623787680026,-0.13664507356453318,-0.47217275252330637,-0.1769988648041824,-0.4672621738188841,0.17128878536985362,-0.4542840669620131,-0.23020812346904615,-0.42318179016360796,0.059421826339773,-0.30111867005898046,-0.10538493887406385,-0.2881681753086422,0.4999828847483035,0.004137022934993696,-0.4999828847483035,-0.004137022934993696,0.8147388095355727,0.44994990400603896,-0.8706860430055651,0.43483159840131463,0.15005684678890976,0.13487326199647703,-0.1911602285734498,0.17907201302164416,-0.03439119127633202,0.12274539962755562,0.025236996486037062,0.19728037383894592,-0.08226797908827989,0.10240319605673444,0.05177796167850115,0.17074524365767363,-0.0312327830755077,0.1048659875661922,-0.005962808356574066,0.16088574188956858,,,,,,,,,,,,,,,,,,,,,,,,,,,,,,,,,,,,,,,,,,,-0.3860196979475649,0.24997406758636184,-0.3310499330488291,0.17203519791757746,-0.2439241508484243,0.11331185367645273,-0.18141044585507646,0.07173166812023901,-0.14042991189544973,0.025224440792311828,-0.1756793187018058,0.12519839665394142,-0.06417100446676467,0.09421563338833995,0.019905046616263303,0.0773719358135229,0.08952673301089224,0.06505599853029402,-0.16803076519225482,0.16376531991272708,-0.04709442742741734,0.13573767722589242,0.041699021810932636,0.1115905253748686,0.11901812993384397,0.08781712683000596,-0.169139208925442,0.20609603378348743,-0.04989335726017476,0.17768578107707547,0.03346186154740777,0.1533948378788249,0.10232353773430337,0.12989141279821192,-0.1769239474283447,0.25069948451345797,-0.0792515908919991,0.22698016401874802,-0.010167559100044134,0.2097614627782287,0.04881044170095177,0.19224767668600928
-0.029956311561499933,-0.39738404556797197,0.04019261135529877,-0.4854301982653503,0.08575293162544369,-0.48895447634829703,0.1258373451198483,-0.49138123704517134,-0.09388398783575297,-0.4696206918363275,-0.13741936558543338,-0.4646649690896379,-0.17778545852299474,-0.4593388185820846,0.17215312110499784,-0.4479885240412289,-0.230757566910353,-0.4158207524901472,0.06116391183041054,-0.29906258970332555,-0.10622876411298134,-0.282274036027966,0.49992620873489163,0.008589867284047942,-0.49992620873489163,-0.008589867284047942,0.8391683739066612,0.4637690386578868,-0.8719889826714272,0.4451469092810901,0.1511634661011946,0.2094730922894435,-0.2002056196066873,0.25511225360328577,-0.031023794264259087,0.23934654775409483,0.01539689453829722,0.28999649540070105,-0.08189472626482648,0.21848120296733822,0.04168016247606436,0.2567925272753115,-0.032213710016357755,0.20325445282426877,-0.013198001143643372,0.24682247243463343,,,,,,,,,,,,,,,,,,,,,,,,,,,,,,,,,,,,,,,,,,,-0.4099196672287534,0.325652878848295,-0.3560639342868349,0.24389242221807214,-0.2656161540824382,0.18612216888432406,-0.2011753853015835,0.14779332434441805,-0.16246672716227842,0.10467394781604539,-0.18406229018708894,0.20319229771574548,-0.07050959983429504,0.18946039879008028,0.009938716568679335,0.18544033985827488,0.07483261277660408,0.18488073530737556,-0.18056700391650707,0.24462326617869506,-0.06602150042085786,0.23363641216334896,0.013468000432178292,0.22763969563598896,0.08514243497226352,0.22340105095340368,-0.18853120077507596,0.2918434198502775,-0.07817866421447311,0.2806655118771887,-0.004798927099601082,0.27635636911849304,0.0588462354347365,0.2723304701093768,-0.20601284648272714,0.3422722788558277,-0.1185177467944715,0.34035214486567517,-0.060710158680771516,0.33775664764935337,-0.0081294397603393,0.3337073883309934
-0.03101939224665267,-0.39490062031035483,0.038706132715892634,-0.48364559369149,0.08419326337321528,-0.4874332915625555,0.1243416745168935,-0.4898585254036789,-0.09526228203425285,-0.46718759429887,-0.13886539747259585,-0.46222911182527815,-0.17896542048720335,-0.45707104132683113,0.1708848110533769,-0.44699392728149717,-0.23154073566018568,-0.41489646833124716,0.059901381974783265,-0.29772841199445865,-0.10730936526547491,-0.2783924115573029,0.49995197694635507,0.006929700385391464,-0.49995197694635507,-0.006929700385391464,0.8484468205704918,0.47710154149176764,-0.8472142240353461,0.4438798129791947,0.16152228041090036,0.35058333771112493,-0.20211180398281692,0.3383662196349533,-0.037029926300685544,0.42090263184458976,0.020439353840461017,0.4014329136744106,-0.08944935885571528,0.37830838288224833,0.04406691305397361,0.3549998731391247,-0.04155073034229572,0.35922951592236946,-0.013983440877992193,0.33975376224361803,0.4082170334306194,0.41082166756102867,0.3223827360887043,0.3472569400038671,0.2019243910355989,0.3220501587542741,0.11198012047695803,0.3432849510003623,0.05949242423876614,0.38372889394309617,0.1703645085902508,0.29017309992740437,0.039871193991324626,0.3132653719668528,-0.03420322707901399,0.33250449208537447,-0.08896152326628824,0.34046553601317453,0.18403451926445583,0.33394864360202736,0.056926084369642894,0.37175153124193305,0.029172318502554966,0.3885121385471072,0.0138939488543345,0.38856687436622805,0.20726415115416957,0.39018792872034375,0.08857795629047167,0.4298707732200167,0.10155159414802871,0.4404872327986272,0.1276491332144936,0.43418699433312574,0.2312228308552156,0.4547277030934037,0.13364197698478017,0.48417515753845974,0.1496908105203978,0.4870257906734351,0.1825524897284874,0.48469483563863014,-0.4339842844934918,0.42905597956276126,-0.3921383345336183,0.34314218000448055,-0.3014510720576334,0.2868664737137453,-0.22913735452251352,0.25126862791256804,-0.18285624230646041,0.21188797508347873,-0.19937532520825144,0.33676556113739214,-0.07760644231102393,0.3184546606130874,0.013139302161816385,0.3135059598258023,0.08554480105143168,0.3100800802875947,-0.18983433082092263,0.380725500004947,-0.06354891036228258,0.36539780568322217,0.024594281190000913,0.3550038274378444,0.10405612208453256,0.34567376366906694,-0.1918500866235658,0.4191290248082855,-0.07569526730346908,0.40572436839027476,0.011631257502691656,0.39425461277213747,0.08972532728215737,0.3875452084496336,-0.2053866917462253,0.4481034202538673,-0.1112348392287762,0.4416939182711093,-0.04438492191943629,0.43567651622456316,0.016587658766431018,0.43024913717120206
-0.02869222636625394,-0.39084577595626674,0.04039068480125803,-0.4762883057169175,0.08683078590258836,-0.47926407638040264,0.1276400577659321,-0.48064185881673155,-0.09423213573992575,-0.46389517746755105,-0.13715348451360357,-0.45993198917874895,-0.17523948972946699,-0.4556866815684278,0.17393590034075046,-0.44237609798342614,-0.2253702563953375,-0.4155175956124376,0.06105205550686536,-0.29295707868829024,-0.10447242733791934,-0.27752296418977657,0.4999073373782826,0.009625696616659326,-0.4999073373782826,-0.009625696616659326,0.8524811611481747,0.47545938673017163,-0.8335088947490584,0.431450423600674,0.1535826526395528,0.5063049140992787,-0.2686498781332854,0.500401665326248,-0.06023304268503023,0.5847945543632365,-0.0409655519337317,0.563125850513273,-0.13278290519284922,0.5179308305141554,0.024063054865643387,0.5157752077539015,-0.08125361505786802,0.5053237910162487,-0.055471273039521325,0.5026600645474504,0.44233724724291706,0.5194650478046992,0.36202796831192624,0.47400854632762635,0.23226174830742766,0.4605041733915593,0.13833912862635217,0.4799609131683392,0.08235650141792521,0.5207445941056636,0.21562083590651235,0.4201753505263842,0.08042851407218152,0.4466173812142524,0.04208422624411531,0.48796117322590227,0.03222387734613393,0.5067707102285168,0.23445224902330472,0.4571711616559823,0.10419113353014278,0.49777611886804296,0.09871034141486605,0.5332913711003636,0.11535641327667236,0.5377425412002352,0.2618789112276087,0.5074837477236511,0.13924224066071036,0.5510562204617714,0.14544019783983417,0.5833257590367905,0.16787497844289123,0.5825144854062919,0.29126204100177455,0.5674701165834833,0.1925526798844778,0.6080602145481779,0.20196147276528006,0.6291719030003505,0.2309597067569784,0.6301255777514404,,,,,,,,,,,,,,,,,,,,,,,,,,,,,,,,,,,,,,,,,,
-0.01904159584536311,-0.38116099035057077,0.04776721123232526,-0.4626960697422789,0.09248050577722458,-0.4647247025601897,0.13301941610295007,-0.46499625886870793,-0.0810202538901423,-0.45166399545568914,-0.12231408281330551,-0.44814617007454455,-0.1583239778195883,-0.44415044132150117,0.17851244250447193,-0.4288603125057665,-0.20557715757464165,-0.40612819099533276,0.06517123122452965,-0.2854799711506566,-0.09129443198819212,-0.27234532053378535,0.4998560593117762,0.011996664924138863,-0.4998560593117762,-0.011996664924138863,0.8414155346421041,0.46755281858903414,-0.7935045057595438,0.4304339694032652,0.30824787338083476,0.6110399562116754,-0.3391084215880554,0.640477215872057,0.18479277765717636,0.7146789846442954,-0.1715535143395821,0.7447629770920691,0.08077857274568254,0.6514629389904896,-0.06763588263283545,0.6771265981940499,0.09809127994408695,0.6204348516572533,-0.13075863043210645,0.6394622543183628,,,,,,,,,,,,,,,,,,,,,,,,,,,,,,,,,,,,,,,,,,,-0.5341930443838211,0.6544976998418248,-0.4659266072085821,0.5827147275749188,-0.3524280798654083,0.5502442951117897,-0.266085679639241,0.544523350074147,-0.20614111332939333,0.5289999766220753,-0.3027522327365898,0.6022306536828581,-0.20118263011998044,0.6341393139580438,-0.12943519044022703,0.6561069885795129,-0.07380723795120034,0.6691962805585944,-0.32209506154845613,0.6643324847462306,-0.20823237481348655,0.7047983448369161,-0.12920214430996357,0.7302216131854943,-0.05865010820469611,0.7499292961604136,-0.3547717418219291,0.7242892591795972,-0.24311951946817642,0.7635910796554063,-0.16992864287512602,0.7910436755931525,-0.10564086293061124,0.8117186786641313,-0.39595778194719367,0.7789510826090053,-0.3122240492856406,0.8117448814658305,-0.2567502367626698,0.8325753147923427,-0.20650398243171156,0.8504813566443735
-0.012851347616370867,-0.3813402185742147,0.05077897410069817,-0.456396125107425,0.09330889537774034,-0.4573888770635134,0.13199453909823494,-0.45704973173489255,-0.07108863441451234,-0.4513759987302576,-0.10983594092202892,-0.44974978458479326,-0.14412338232587218,-0.44677512255994356,0.1756404433305827,-0.422089295864104,-0.1880382573654139,-0.4057123405698213,0.06663066080737344,-0.28840834574319685,-0.08162247318950307,-0.2821592194927925,0.4998686736823935,0.011459017017387076,-0.4998686736823935,-0.011459017017387076,0.8065460859906629,0.4626149874132787,-0.7511044310703887,0.43027399051817644,0.4192523347869598,0.7051054105744003,-0.47389899371381894,0.72730514880023,0.33832919515364374,0.8229772326606566,-0.3724524546582997,0.8625637961804937,0.23731817317517387,0.7574506856678352,-0.27120707625921564,0.8139969745642086,0.23452064980077225,0.7281375964250266,-0.2796719015500352,0.7765419384890052,,,,,,,,,,,,,,,,,,,,,,,,,,,,,,,,,,,,,,,,,,,-0.5817664069050675,0.7110114193534617,-0.4911025329936415,0.6762727614513334,-0.37378151469820725,0.6863434672998723,-0.29392773263062344,0.7003303275732666,-0.23211088321592596,0.7040628176846302,-0.3541591296501732,0.7307408631053436,-0.2701031043069036,0.7982943377844454,-0.211671749964331,0.8444519602648445,-0.16350535816438191,0.8759162485162447,-0.39516545046874313,0.776831337458771,-0.30968692515676577,0.8558062356616383,-0.24795944895331945,0.9050254344326434,-0.1911869370714299,0.9437776588311495,-0.4458104593273913,0.8197970595373426,-0.3640292422912373,0.8984040616642659,-0.305890124163232,0.9455151875476643,-0.2519477639709628,0.9811646010311139,-0.5006416337411826,0.8582576151702417,-0.4353762078449375,0.9262667513644843,-0.38933216973143014,0.9669484913777484,-0.3454139845729532,0.9997795750249179
0.0037712745865320363,-0.3865829823491921,0.06352251909424907,-0.45639919935270673,0.10321870277082111,-0.4560335300728212,0.13891589183558822,-0.454396363837242,-0.04970224128469012,-0.4560833325506147,-0.08637039822266915,-0.4558390116994106,-0.12085608788198286,-0.45341312578834186,0.17996305794418732,-0.4176799381934306,-0.1671276421773696,-0.4065513399535988,0.07958111152623082,-0.3003849981393187,-0.06164689642966977,-0.2960175373693464,0.4998090058344521,0.013818744037597913,-0.4998090058344521,-0.013818744037597913,0.7800138053949818,0.4775953865228579,-0.7058513297633091,0.4817353077113174,0.5013472888894849,0.7525570317455473,-0.48885679137013877,0.8187365852075803,0.44931524799599054,0.913114987282546,-0.4397479393906071,0.9809113168352646,0.3511585340278481,0.8382764791035794,-0.3367764445711519,0.9018439286940987,0.34022995769611064,0.7982486397959047,-0.32672924578572626,0.8536640011916706,,,,,,,,,,,,,,,,,,,,,,,,,,,,,,,,,,,,,,,,,,,-0.5344940858486997,0.8129777226033138,-0.45361937300616034,0.7970380426092519,-0.3653703747968699,0.8199863386901793,-0.31379214996008026,0.8412227648188375,-0.2794996253459762,0.8606529489086829,-0.37576005583900557,0.9112271846641585,-0.3204365403171413,0.9864141297439192,-0.30952357237065437,1.0255922593851834,-0.3071139263979965,1.0531144438976618,-0.424549702806883,0.9436262226814313,-0.3849751382246326,1.0139343293750362,-0.37045527995708394,1.0595528577025446,-0.36291868542810385,1.0984839598362028,-0.48086304257489176,0.961419962310738,-0.45520330833250383,1.0293707517221202,-0.4460435319593539,1.066713407435432,-0.43935213600278133,1.0991525039674517,-0.5418288540319842,0.9692079149975669,-0.5285365546645399,1.027085611943946,-0.5183977806708526,1.056056398962677,-0.5077563805833479,1.0784745512763685
-0.0015717429704688822,-0.4144057269500786,0.05837927608422049,-0.476993890960763,0.0971037558198449,-0.47383843519991353,0.13193698792357492,-0.4698873384684604,-0.0518962984012903,-0.4797918363651311,-0.08765411107982014,-0.47936048278140014,-0.12119011395061585,-0.4768369631011849,0.17238001695035035,-0.425351687192452,-0.16591173750216473,-0.4208418815139423,0.07415056997851212,-0.3265797257357907,-0.06716019515005874,-0.32635344333142985,0.4999256895503417,0.008620030604083454,-0.4999256895503417,-0.008620030604083454,0.7547142200309577,0.4869687115494151,-0.6946622496274539,0.5410235381369944,0.5502038619290052,0.8382806376109202,-0.5539804281245393,0.888989195426116,0.48974007691250865,1.0069028352160394,-0.5133455299256493,1.0517917722062073,0.4117998267445885,0.9395280634413864,-0.4250948641446399,0.9884846268803836,0.40926275300359083,0.8913880881578384,-0.41355974232514037,0.9352965560758246,0.6097880412087525,0.8624336218716411,0.4835284444853717,0.8576126008754263,0.3888711086233694,0.9045784776470438,0.3306768366674906,0.9640158506061091,0.2850378496384416,1.015758565656326,0.45941330597878355,1.0627107123403976,0.37884075159086206,1.0891316254208656,0.342029154693191,1.050678578954416,0.3347810766831085,1.0170923204426674,0.5110160797520913,1.0867226991636287,0.42177684766778323,1.0969491500105726,0.3857181172372076,1.0565497756211222,0.38263993722549416,1.0164920691794466,0.551390634367901,1.086364132646567,0.46514913806442904,1.0992223596332218,0.4277230317357011,1.0618029423215032,0.4219884318373995,1.0248170789280584,0.5829330461297209,1.0788574713210384,0.5089724090289258,1.1026212604078642,0.4715762272499773,1.0812533715977828,0.46191605450091666,1.051641797403784,-0.6058310475807253,0.8309288798371905,-0.519382455790104,0.8241117153439305,-0.4332022168002979,0.873431421995838,-0.38392299630397414,0.9253573809067626,-0.345081898837592,0.9667983056552972,-0.4636303791497459,0.9470799636451109,-0.43274877185775923,1.0379581809235097,-0.41638365167711117,1.0963085886185313,-0.40193871944509785,1.1456036515235617,-0.5023435051591305,0.969130836297215,-0.4761692055741971,1.0575249638904018,-0.45356807325968007,1.114548129789328,-0.43439963885837996,1.1657585399069996,-0.5419706501375106,0.9794414279370676,-0.5199566550923405,1.059455977484986,-0.49573748476857826,1.112391097830528,-0.4774620341380462,1.1583860109751878,-0.5777032909888731,0.9804005977708771,-0.554462125362605,1.0475567443053775,-0.5359780830174347,1.0908316919018588,-0.522373678580694,1.1259419901311927
-0.0028472577690568917,-0.43738903134867474,0.0567177135213852,-0.49515716829220346,0.09504022627907632,-0.49086275166502763,0.12954695437702496,-0.4859554206979425,-0.051752408890240326,-0.49802110222065105,-0.08664810185774673,-0.49678392327527876,-0.11975682647839817,-0.4935155706541731,0.16994796268683557,-0.43662716660080464,-0.16464983334575709,-0.4331752889166664,0.07288433329844356,-0.3485885699029733,-0.0681545903324091,-0.3491760771099888,0.4999812057720701,0.004335190273434787,-0.4999812057720701,-0.004335190273434787,0.7468685150910734,0.5388623262144819,-0.7016417231066956,0.5645848218710822,0.5987880613300671,0.8829054640020687,-0.6124714176234078,0.9060348605282837,0.5453831410849178,1.0455121622383934,-0.5817479949637706,1.0789355511440921,0.47697578906959737,0.9888986092308987,-0.5002306496850503,1.0266949935253002,0.47287275538160684,0.9367886669757113,-0.4862670291422639,0.9713551149324203,0.6258841137381562,0.8640551175896642,0.5165518950028464,0.8922968483408144,0.4366364214327178,0.9530902676031258,0.38540324353669975,1.0141002150083112,0.334522622350732,1.0569348948723425,0.5226400028264745,1.087409834026085,0.4680749108222491,1.1389513899062282,0.42591129358165686,1.1318649825722693,0.3999885093928983,1.1114517919028313,0.5777640517543607,1.0958252701466673,0.5244212960405525,1.1443158746459292,0.4769817261315794,1.1359290761184366,0.4464868803582502,1.1115260051776068,0.6201599128901323,1.0842960196359819,0.5736903541373403,1.1345832838626873,0.5274677073152124,1.1318569500766464,0.4949455294944912,1.1117860135685254,0.6513163918355174,1.0604533025745735,0.6133911383722118,1.1109247903421915,0.5730259270537634,1.1175095159386692,0.542263913491243,1.1081883286268874,-0.6413270231215525,0.8624809230670769,-0.5463587400641408,0.879584027062065,-0.4740235849990347,0.9426120516827291,-0.4347761129084378,1.0065051411580686,-0.4005128916614873,1.0501126867965838,-0.5161066153541944,0.9994072089390857,-0.5009869266098784,1.0925394555785557,-0.4910399904271381,1.153229674734062,-0.4822798554726579,1.20159175930336,-0.5668804567342207,1.011952744765518,-0.5544952215813032,1.1030826299418146,-0.5392415123937163,1.1657144429849136,-0.5279298377427252,1.2146478824602467,-0.6167560555602604,1.0134359625442044,-0.6060196647533806,1.093656147089587,-0.5916119868982327,1.1520789324263692,-0.5818232559553663,1.1971089282679899,-0.6643791505322663,1.005650902710537,-0.6543690894110994,1.0677122339449512,-0.6436816793655713,1.1118291445776303,-0.6352021578994769,1.1474254981687508
-0.002649941688997699,-0.45663485044516094,0.05711680766038052,-0.5103143568867247,0.09522246791133147,-0.5056423248579385,0.12961253607516748,-0.5005214422041736,-0.05058680554746881,-0.5112661847533428,-0.08530337381695043,-0.5089253391131866,-0.11821548947697924,-0.5050113407785045,0.17038658631532852,-0.4499629182490115,-0.16270530584482323,-0.44378821995575624,0.07391207055750754,-0.3673412485247264,-0.06841082224228828,-0.3673414225652944,0.49999923347976555,0.0008755110775320455,-0.49999923347976555,-0.0008755110775320455,0.7451769692617785,0.5810766412438197,-0.7082366846544325,0.5769591894850973,0.6422704362308531,0.9070662859033398,-0.6402508694793012,0.922784759805995,0.6015023033700054,1.057390519778269,-0.6238860959272244,1.099973547682652,0.5430587844594457,1.0038876645132673,-0.5486777712189449,1.0589727225823329,0.5345896223374171,0.950656138493842,-0.5312127131957107,1.0064034209243051,0.664897798563046,0.8742893997646791,0.5645312135821161,0.9101146064525842,0.4903090027323589,0.9738325988182054,0.44148192136835623,1.0357163776372387,0.39516241650869344,1.0800911531896074,0.5777323647086211,1.075595511276531,0.5370275826145405,1.150473681027236,0.49074862920723133,1.1607239743225999,0.4547819275375087,1.1511225042648943,0.6297993852872816,1.0844219786847484,0.5834377626101528,1.159121060690939,0.534639223899309,1.1615987022175758,0.49956169549170953,1.1434185985205436,0.6680460183983461,1.0810887537256204,0.6250437267655515,1.14937061190699,0.5798088427259225,1.1508384700578507,0.5472124366563207,1.1338018128928504,0.6925611987720836,1.0712511106170826,0.6561409473820451,1.1295061435924536,0.6170357721488327,1.1375149684120127,0.5873032036263514,1.129592293673634,-0.6792169862986486,0.8909729286171236,-0.5787101246198774,0.9155491972302436,-0.5127120267723464,0.9830772857114262,-0.4775300740239222,1.0490320474575148,-0.44139298663808707,1.0919857817718257,-0.5868517423928521,1.0601704697715937,-0.5662106180434312,1.1408340960851295,-0.5494986335581119,1.1873224202957924,-0.5331063615962847,1.2210897713071764,-0.648254299041251,1.0751571030856348,-0.6206304060411588,1.158081690418596,-0.5886937877650018,1.1988623542003425,-0.5626156360699689,1.2238886917224174,-0.6947450598198665,1.0744348347282633,-0.6692539469608371,1.1524664455313096,-0.6397740853431518,1.1882477939960683,-0.6170282013841228,1.2090040461812486,-0.7284081605309938,1.0639267873516303,-0.7113244253923382,1.1293481147566722,-0.6869289849294131,1.1636318441334348,-0.6648302708226459,1.1859595086074606
0.006496662964566626,-0.46005326586523965,0.06445714450833927,-0.5124594864557711,0.1013316904921982,-0.5077988548764656,0.13350582240712658,-0.5028276071772928,-0.041128101935156106,-0.514654732875627,-0.07659106442797407,-0.5125936872122574,-0.11068995657784039,-0.5091121113407476,0.17324783465190755,-0.4524013906282529,-0.15932952240832626,-0.4509673969137987,0.0802448863189739,-0.37082826426538923,-0.06431599484536828,-0.37104029277450445,0.4999998365446648,0.0004042960654144459,-0.4999998365446648,-0.0004042960654144459,0.7435749913192147,0.5827307375892148,-0.7141094562907013,0.5671757841458185,0.678229733131462,0.9057308511482065,-0.659421388533248,0.9213954235913994,0.6543793488492622,1.0590581252883544,-0.6520287943694727,1.088229982156557,0.5964140030709503,1.0098277286840047,-0.5787156594223403,1.0497059394958863,0.5840447758054764,0.9580990264757341,-0.5588165970900177,0.9989936885836689,0.6971562960012472,0.8763889197937902,0.6062081393158468,0.9205401869257918,0.5392420486905318,0.9827355058040184,0.4927370132094916,1.044079409915204,0.4468577267574009,1.0892309721356817,0.6169136246462152,1.05263177657128,0.5919060737116466,1.144170764030544,0.5528592995606624,1.1629689458530241,0.5184458825310312,1.157979457274329,0.668789643671962,1.0570875891319482,0.6410529097155174,1.1505074718539654,0.6007793061246549,1.1620534274236614,0.5687933158528005,1.1483057108342802,0.7087224033997488,1.0511167412349478,0.6865392355058969,1.1331899282807185,0.6485068279790205,1.1422146468550938,0.6180075562495732,1.128182372545163,0.7369707505961314,1.0409854093028799,0.7181143716818419,1.1041511429716984,0.6861855361658243,1.1129474162453883,0.6608312347976679,1.104052294776953,-0.7161403610721935,0.9000443872490933,-0.6081604345927305,0.9261849573859965,-0.5401970021641953,0.9922053018387403,-0.5027008764952776,1.0581061250999468,-0.46240607873963674,1.1011410504051773,-0.6053596778340619,1.0663018391306944,-0.583157400447377,1.1418814467891512,-0.570627740303437,1.184134446392188,-0.5571776106342641,1.2174381230562084,-0.6647373888553944,1.0831715256810008,-0.6297687541976336,1.1558247750960775,-0.5999933848012324,1.1927345867803465,-0.5752211412125028,1.2161442366687525,-0.7083283135407338,1.0870170505296481,-0.6692243846339128,1.1534937644157763,-0.6397365262433172,1.1801636675041536,-0.6151459965591631,1.1938495388258208,-0.740033046822619,1.0840137331469497,-0.7038104819896894,1.1388492914445412,-0.6779993768814933,1.166544853130064,-0.6554486118345993,1.1830622301215947
-0.0011627231325828285,-0.46649274360502996,0.060516900222707934,-0.515597119280555,0.0978237583856533,-0.510559711041716,0.1311619129319773,-0.5053268696013219,-0.0442947262991396,-0.5177088594268339,-0.07912012228846498,-0.5154916584433845,-0.11284914323789934,-0.5122274192968391,0.17319223321122773,-0.4537343316824887,-0.16016520940391318,-0.4548042544991951,0.07544430743250022,-0.37565084939701915,-0.07330211242400206,-0.37897625930967904,0.4999998791297245,0.0003476640057051219,-0.4999998791297245,-0.0003476640057051219,0.7417549261202953,0.5648257507939343,-0.7193960974595591,0.5547446693160284,0.7094632006398227,0.8914745093455388,-0.6749915161217003,0.9193662903603662,0.6973710540887454,1.0414304223016035,-0.6574009617316775,1.0872917902202444,0.636213862141352,0.9992607057672812,-0.5854894618235499,1.0510755641803144,0.6175100520163795,0.9504899413538944,-0.5687518176034487,1.0009658299959878,0.7167527024328251,0.8722747200358538,0.6272825822330589,0.9163425576114604,0.568231822584529,0.9794069200449119,0.5262822511971055,1.0405258258798014,0.4815083829013659,1.0806501938674824,0.6640356839869672,1.0530852370312132,0.6448188399544394,1.1362816556138253,0.6104133730081707,1.1476044253313535,0.5832415449362052,1.1362266628340465,0.7134757592580397,1.0527450127132787,0.6890401700356308,1.137423625933153,0.6532325612327903,1.1431804650315014,0.6261987371936237,1.1283176221296138,0.7477816823117978,1.0435391169616606,0.7247196943893665,1.1149065190027692,0.6925685833584546,1.1210117617249051,0.6683139830315197,1.1088741939221751,0.7676502603958163,1.0300270777200322,0.7506108519980689,1.08564392113251,0.7233615815621744,1.094798826743384,0.7027723544241578,1.0884034797051372,-0.719657748232968,0.9045156294033663,-0.6224716711552387,0.9325046919495109,-0.5593312585801312,0.9934232918048901,-0.5207472105096049,1.0532808442605524,-0.4797340826284756,1.093488223501254,-0.6191778472853947,1.0644269757772096,-0.5952264903722709,1.1376611738584628,-0.5764545483698195,1.1719239380217614,-0.5584172646579871,1.192783778364069,-0.6739220283744543,1.0776509990361363,-0.6459742104131436,1.1513455006063595,-0.6144111392647383,1.1760478744218086,-0.5886091708953922,1.1838820831790744,-0.7142965613017931,1.077984088214922,-0.6832009287815065,1.143941488531413,-0.6516663111758032,1.1651554754143836,-0.6283071708120046,1.1683774258093902,-0.7440008416881227,1.071520000201952,-0.7111017592411075,1.1228240870686235,-0.6820014422795304,1.1429249922444285,-0.6588319922004114,1.1468350484978047
-0.011564048952403434,-0.4677806073903022,0.05341713858216857,-0.5159747894620713,0.09146612963933538,-0.5109763302826866,0.12647100649951742,-0.505749023048818,-0.05002427039188644,-0.5179684649846336,-0.08378840793309965,-0.5157617780410154,-0.11667265515988597,-0.512589317501687,0.17179388511050153,-0.4540616451035651,-0.16175702711028422,-0.4557310176987273,0.06857401497550218,-0.37648415596626866,-0.0823222141239528,-0.38147817740771467,0.4999999335492787,0.00025778036555475003,-0.4999999335492787,-0.00025778036555475003,0.7398400038639895,0.5487853354332881,-0.7248403626168357,0.5480681621766123,0.7186683392888479,0.883490842648351,-0.6837927659301728,0.9057768145184443,0.7078480900207522,1.0314733922404302,-0.6559311679052603,1.0790269737885827,0.6481932321862097,0.9921383273257446,-0.585588496825027,1.0430231708198543,0.6293406772491322,0.9449596041117051,-0.5725176183062737,0.9916545268759609,0.730780057311564,0.8649851273862443,0.6467835977821635,0.9075823647581949,0.593157276415592,0.9725659886979097,0.5543874574940352,1.0337559558013525,0.5137421286993417,1.0744416593098407,0.6849890408552856,1.0346093937170862,0.6647063160993868,1.118473939310898,0.626373657872023,1.1372065883091622,0.5923744942489995,1.1319747563228855,0.7291629804125026,1.034290746730196,0.7036430287732252,1.1153442028760379,0.6658984143299691,1.1273932704807965,0.6325344563334602,1.1215669556396777,0.7572533394774298,1.0277136710472186,0.7330546155413028,1.0981659803588775,0.6995192390401043,1.1096029881859781,0.6703154428249194,1.1055108717197135,0.7700416820140882,1.0179485592348922,0.7514226739128415,1.076356151665262,0.7244074656316425,1.092218367347435,0.701613677318215,1.0925116061092646,-0.7254386741083308,0.9051687574063779,-0.6329181901434505,0.9290187273492075,-0.5708056086211126,0.9865758403558027,-0.5319232799906402,1.0429840143086309,-0.493280676223325,1.083736718958546,-0.6334430614227843,1.0568443751081196,-0.6061110334585523,1.1227623604200965,-0.5876837182333622,1.151526907593823,-0.5693214028168029,1.171961559613269,-0.681085136686302,1.067543848292708,-0.6531606272000238,1.1331745118267738,-0.6235889338082766,1.1574059532033896,-0.5994587772740255,1.1675132059093398,-0.7127970379670565,1.0656538940176534,-0.6820331593302578,1.122490527217736,-0.6523389495656158,1.1440013741945427,-0.6292238168167473,1.1521163436094408,-0.7343013588586592,1.0572437715225993,-0.705327889943938,1.106146251375167,-0.6774351407389855,1.1267291760504459,-0.6532747901838576,1.134133933366219
-0.01727225179816387,-0.46693917011333685,0.04852452194411558,-0.5155358832845159,0.08692711977906839,-0.5106853991500943,0.12289489649376216,-0.5055673111064253,-0.053298112407250076,-0.5174447273101267,-0.08636256522532593,-0.5152972777813145,-0.11862272591655225,-0.5121066693755502,0.17120867927081668,-0.4541194363365909,-0.1623446589914873,-0.45568021240734924,0.0647604943670619,-0.37577105522061555,-0.08648491585744195,-0.38092928820478666,0.49999992193364406,0.0002794035609567659,-0.49999992193364406,-0.0002794035609567659,0.7397075387293452,0.5466218262366301,-0.7258821785471361,0.538107789722763,0.7250608182894007,0.8668751718352702,-0.6861293696438852,0.8856279969054885,0.7179698807292986,1.007249053508437,-0.6553295791310116,1.055034595051032,0.6583151958015439,0.9699313269723465,-0.5862303833092048,1.0166349580142942,0.6385154673154545,0.9247263823209446,-0.5749395534812568,0.9661193863529538,0.7340536332910785,0.856469533591279,0.6544778271504231,0.8991846211085447,0.6083080106101633,0.9631462224513843,0.575739404410784,1.0222326082864777,0.5392329365855779,1.0615027199983982,0.6959856056544103,1.0159001575631945,0.674016657064399,1.1020158444667774,0.6332992375191913,1.1180647641083818,0.5990840791831218,1.1111354512978935,0.7334752326515663,1.0153820178755857,0.7039567711073441,1.0992142326970715,0.6619780515225859,1.1129394482337764,0.6254017436924283,1.1089270441587744,0.7535520570176509,1.009169044068504,0.7253795395090054,1.081940239252899,0.6878702319119502,1.0968431558207334,0.6551697831097071,1.0974433270353552,0.7593670647117288,1.001566062581824,0.7387336102812416,1.0623761554717959,0.7096716341559178,1.0819789037942935,0.6841204680550705,1.086755019644141,-0.7218113422485399,0.9063736133389405,-0.639133664566267,0.9245621451023177,-0.5771226196709482,0.9810231737437927,-0.5336065491542497,1.0352714411311268,-0.4937367887215099,1.0782977607901594,-0.6323692856328091,1.0543647579960593,-0.6021120178516671,1.1178958244455313,-0.5820450337855321,1.1468628808633772,-0.5627871313727707,1.1660176778324194,-0.6716732723596003,1.0628451807419574,-0.6377716973874097,1.1221470081883356,-0.6070652591006062,1.1471774221325608,-0.5827445659049542,1.1608921877932132,-0.6927279438773083,1.0614412398942887,-0.654067843679959,1.1146871900035762,-0.6254462427479524,1.1369678932291571,-0.6019214817783078,1.1472810500700827,-0.7029392144267209,1.0561497709904468,-0.6660330388425024,1.1063509755472043,-0.6384818535474852,1.1268238502156829,-0.6140337589462918,1.1337869509587413
-0.017907479040806973,-0.4668220940767171,0.04786262080783869,-0.5154974884605942,0.08633242127764736,-0.5107422944263452,0.12232357838282512,-0.5057165681951054,-0.05385495692242933,-0.5175314058384863,-0.08695936198939766,-0.5155273054155961,-0.1192235740874969,-0.5124444763838216,0.1710736023382859,-0.4542951368764488,-0.16287263195158147,-0.4563230385528932,0.06398313137438758,-0.37544916886644736,-0.08778272843102883,-0.38080244568231325,0.49999995173020323,0.00021970387896130486,-0.49999995173020323,-0.00021970387896130486,0.7423845944629468,0.5398037993841097,-0.720844198444212,0.5314567956651591,0.7256239783887257,0.8677859452009671,-0.680959138820761,0.8820823904676635,0.7075494982446845,1.006586660625298,-0.641475474696809,1.0492285680093187,0.6516074852482412,0.967521218528083,-0.5791535051707505,1.0118353165464204,0.6348963897308654,0.9228029351197202,-0.573938327935946,0.9622036871845879,0.7418698596608089,0.8438059642849723,0.6670531910436946,0.8866782120055866,0.621736476117399,0.9533986183148189,0.5887193423134626,1.0117331368058875,0.5568043896356486,1.055303205894441,0.7023283924925112,1.0175662747923102,0.6699175367736132,1.0918075284883353,0.627889230937263,1.1094912495905096,0.5951111558778154,1.1066842709845421,0.7303582482440261,1.0096621661944405,0.6942248067219972,1.0792045467712201,0.6530575308493858,1.0964929752594221,0.614169421168761,1.0997449414043652,0.744373960776494,0.9989230057171803,0.711389433818086,1.0584414840004293,0.6741616577370403,1.078784668246983,0.6371799151267997,1.086190432649558,0.7441886074246402,0.9850935183773556,0.7185727044511732,1.0422402409767701,0.6891431954961484,1.0664472492343582,0.6607930254385607,1.0771344480005625,-0.7124671162180227,0.8999626244837977,-0.6337262050231596,0.92963712070068,-0.5767609124920461,0.9859815754055699,-0.5351282480059841,1.0357335187963574,-0.49737571095372096,1.0767904196250144,-0.623574490869884,1.0562460145242374,-0.5886564825925374,1.1139430430300026,-0.5663149520723045,1.1408953035656597,-0.5454790034115091,1.1552888718963095,-0.6563283287553827,1.0587063492322883,-0.6199124980016254,1.1150000628032275,-0.5903920560522529,1.1372721076125352,-0.5655489527546244,1.1522665486153283,-0.6708702843884105,1.0531453999403566,-0.6354307409507677,1.1050037106786461,-0.6085032406935332,1.1291524799714938,-0.58427417486397,1.140324247848518,-0.6751518945057873,1.045261169312488,-0.6429843695512468,1.0945909673929857,-0.6186926183689164,1.1174452274815405,-0.5948111554621385,1.1267577076908155
-0.018122395346898017,-0.4664686679783506,0.04742685382124809,-0.5149015655326229,0.08592501499206491,-0.5101471736501103,0.12182367011552886,-0.505114686959579,-0.05429312628786846,-0.5171169029681455,-0.0875606102399799,-0.5149946418061976,-0.11992114572315415,-0.511905678428922,0.17104662559835399,-0.4530465808311007,-0.1632305738752377,-0.4558352053049859,0.06378489986231525,-0.37485544525689685,-0.08795681683283482,-0.3800124116497629,0.4999991120304535,-0.0009423209421654192,-0.4999991120304535,0.0009423209421654192,0.7423910129650849,0.5202055174184349,-0.7049074442384548,0.530887568174631,0.7176384814894922,0.8555451123333255,-0.6782249976020689,0.8691703622183031,0.7078320630052198,0.9918321549547369,-0.6422249791891075,1.030503907301199,0.6569246624964087,0.951945264378757,-0.5860116204643135,0.9931256272926613,0.6382914380416819,0.9070046897978328,-0.579905398205431,0.9461185326358381,0.7386456306949795,0.8234150431245508,0.6717045117787943,0.870900167752498,0.63102102089327,0.9383203634207657,0.5990964696793799,0.9989427635434591,0.57096859300257,1.0486570082228845,0.7062264754781199,0.9942844138139041,0.6679552913118404,1.073594645464668,0.6234927467020401,1.0987480940474297,0.5902708849533772,1.1042843440743189,0.7249080263204385,0.9886269116593028,0.6839197477124493,1.0624193864134472,0.6406772263099738,1.086372526163606,0.6004815353511876,1.0970160204878243,0.7300028837097571,0.9825398803846624,0.6908180342300556,1.0465322173402867,0.651950708307816,1.073115045322106,0.6133429840633255,1.0874995603291024,0.7236838159892791,0.9737387205476953,0.6915307175994138,1.0354003996988506,0.6592425844658805,1.0648083150246153,0.6290415581004334,1.0802069863170656,-0.7023482392580105,0.8807083308717014,-0.6323798298093645,0.9263219856090477,-0.5794222215612602,0.9859607605575815,-0.5387787700474048,1.0341184419514713,-0.5014982768267557,1.0779075574778634,-0.6211772672214719,1.0430740019798417,-0.5809486026624877,1.1032640815666062,-0.5562789413461227,1.135203811104397,-0.5356160086125433,1.1531482536883217,-0.6448681883414846,1.0410570295359862,-0.6020214373731313,1.0968651095662834,-0.5718876666842784,1.1243509605884452,-0.5485400897187079,1.1448191920637127,-0.6539168246434297,1.0350640340841326,-0.6142897102086919,1.0840127329557874,-0.5872963696275825,1.113196811619891,-0.5654613039155373,1.1331526438158916,-0.6556197627996855,1.0290197463653044,-0.6218446773143678,1.0758614496306584,-0.5993715113762693,1.1014936260385164,-0.5794018965643127,1.1172708831110174
-0.015221070755296188,-0.46556446293109655,0.04840493405759353,-0.5144219697108684,0.0865460951350761,-0.5097662124295919,0.12188126167150046,-0.5048124077386106,-0.05358902032472225,-0.5165290854298151,-0.08733850128674928,-0.5144322743092702,-0.12002879179102405,-0.511359582789238,0.1711536595276002,-0.45278772151108887,-0.16367025058320075,-0.4552422244541215,0.06600868121197795,-0.37496206742769966,-0.08550821249096814,-0.3787618444247906,0.4999950516493474,-0.002224483348200424,-0.4999950516493474,0.002224483348200424,0.7404774815977048,0.5108263634855003,-0.6931483738113849,0.5276398003387338,0.7043701687979903,0.8502535472874129,-0.6704775587107051,0.8613262749056134,0.6963715299335036,0.9917196151560332,-0.6330959687933783,1.0224964814604722,0.6482366549484304,0.95427095802199,-0.5804359778762574,0.9820577442478208,0.6295977322901961,0.9065961222265811,-0.5736538929129124,0.9355450575670765,0.7296232463964633,0.8249480734258802,0.6686797555980211,0.8773043406714649,0.6309933940838969,0.943521515346868,0.6023494049944089,0.9989281183735793,0.57981971049557,1.043495157152706,0.6951375979384472,0.9909055518822953,0.658358390392097,1.0648679421631864,0.6204849742188495,1.0915128391627358,0.5908274667475765,1.100811254659524,0.7094721675863255,0.9828215071090214,0.6696806988766719,1.0502020534785603,0.6317713039361235,1.0730759914257018,0.5955544829466142,1.0843787386387345,0.7097701276689251,0.9718851844289863,0.6698874894615475,1.0299454835254624,0.6362579959419273,1.0557012159408883,0.602354644620715,1.070515211395763,0.699776937723965,0.9590194566888822,0.6658311454296743,1.0136762691912091,0.6365711509408143,1.0399407693209448,0.6092868448777261,1.0537656979834622,-0.6973969248015823,0.8667760102264549,-0.6253852473944048,0.9220579101470842,-0.5724927043964039,0.9864726533732329,-0.5317800220550553,1.03633066679613,-0.49404432072654986,1.0844206556491822,-0.6093787129922908,1.0284583029256174,-0.5628276897124078,1.096606279894771,-0.5355361354995964,1.1402027652278215,-0.5122547292800608,1.1671031813368922,-0.6294434252954852,1.019487014764532,-0.5799965478833966,1.0817837263835965,-0.5478401752997004,1.1206633254618008,-0.5226821095915757,1.152772279427428,-0.6355930000365944,1.0087941600535144,-0.5920951070052013,1.0587719862646083,-0.5624212693652746,1.0983821639040752,-0.5390679056111369,1.1318045175303995,-0.6359084255402139,0.9983437253862533,-0.5992288582207822,1.043804819067389,-0.5776983604584922,1.07402209328235,-0.5594593086145087,1.0997184432663083
-0.012383289900579617,-0.4670738263856454,0.04933138425682724,-0.515808712550506,0.08730011136564193,-0.5112519198878074,0.12209986861258529,-0.5063703287915609,-0.053276601397584264,-0.5180132513263257,-0.08737099713787212,-0.5158720814590965,-0.12032545176666047,-0.5125113441690217,0.17118463855825658,-0.4542052180506538,-0.16495516892494258,-0.4548184542750274,0.068893759662971,-0.37643417353728476,-0.08299845503973731,-0.37933498365907936,0.49997819772529944,-0.004669239698425027,-0.49997819772529944,0.004669239698425027,0.7385949155901702,0.5019741872378131,-0.687255086552589,0.5239650340319266,0.6936078851928289,0.8429253118827666,-0.6607588414657786,0.8599770548332509,0.6896809357788242,0.9848089100546067,-0.6202363036380717,1.0221630024527892,0.642914506428262,0.948249857094409,-0.5655662417919304,0.9839921940796142,0.6232531881193258,0.9004252980784724,-0.5603721764222894,0.9362707734252456,0.7196263724115627,0.8225857277384345,0.663559659820087,0.8752181077004791,0.6284417469493239,0.9420444239436638,0.6025762191651188,0.9966007713759069,0.5808297578446866,1.0392177171865729,0.686490114569163,0.9819815204613859,0.6484126551537461,1.0548622333393924,0.6129047394276301,1.0838028575953638,0.5855821637727997,1.0976978674387388,0.6954470694336027,0.973978158414494,0.6556054196030267,1.0395849946402242,0.6212428641226622,1.06539178600157,0.5886282416547011,1.080562914555871,0.6915928413050425,0.9624771822349718,0.6521918894566916,1.0194604277581438,0.6211236431691208,1.0474076023381986,0.5900359928847126,1.0651598120934334,0.6789769219558924,0.9492447052565841,0.6446110450706638,1.0019214871573376,0.6169398967158901,1.0278843845472942,0.5918715060990578,1.0427249459122305,-0.6835408818606661,0.8763799001597685,-0.61503087556758,0.9259856062367492,-0.5602758556812318,0.9900888949237572,-0.5171547555743591,1.0379945661426897,-0.4767595674015713,1.0831104320865999,-0.5860114990541742,1.0412117837804808,-0.5421902817641155,1.1107296616390248,-0.5155033181137955,1.1559329329740942,-0.4937518746860672,1.1851064051921139,-0.60115736745043,1.0339261948057892,-0.5550851117164549,1.0988703233557495,-0.5246085125216413,1.1394966987881539,-0.5029339858381333,1.1720761842888687,-0.604582959540745,1.024220000928332,-0.5612159006631501,1.0772441318535526,-0.5319724167268118,1.117825056482554,-0.5095232160614589,1.1545592698466347,-0.6050892989717308,1.0143335771343043,-0.5671075484596334,1.0636982191424678,-0.5455456873253296,1.0961350590448107,-0.5277882332466253,1.127106460158977
-0.013578574473427517,-0.4682915486009686,0.04777756083999089,-0.5170251610342909,0.08603572060153683,-0.512569185550613,0.12106365242499549,-0.5077077476151929,-0.05522503566827072,-0.5191113462660384,-0.08929018006047258,-0.5168667376254225,-0.12223008960547688,-0.513082071495503,0.17103552181719842,-0.4552730984163233,-0.16648909365280823,-0.4541977262654565,0.06871639416232671,-0.37803534440789843,-0.08398373942990402,-0.3804215806017766,0.4999564602529538,-0.006598321857608398,-0.4999564602529538,0.006598321857608398,0.7362956683215041,0.4992757907088316,-0.6789645898213682,0.5207720364890966,0.686279709808335,0.8418559587162899,-0.655028658535895,0.8609440986990229,0.6815119612549678,0.9842652190915827,-0.6127087010269281,1.021559191767238,0.6337531207957047,0.9489825501247641,-0.557405284699162,0.9815563625046031,0.6141726522955163,0.9005371790675994,-0.5526199529844572,0.9350610602660443,0.7077157704393445,0.8276914538217687,0.6541515124725467,0.8773067611959993,0.6193083350607557,0.9434166485164464,0.5922377897443699,0.9974879313743549,0.5745473798703613,1.040845207923831,0.6748256361122564,0.9757003824734207,0.6356561262272474,1.0496863013753484,0.6027558444040639,1.0799272393942245,0.5787976061228639,1.09584201240837,0.6841667561817152,0.9689218550817047,0.642553974176499,1.033455731284441,0.6105816633755553,1.057958260261378,0.5814462775605882,1.075167538855002,0.6804949372066496,0.9571528590930107,0.6380596831472195,1.008968073637989,0.6082844802077555,1.034502672950558,0.5806815412600206,1.0516556154451695,0.668088573489068,0.9442242492401755,0.6309739315633742,0.989674534337739,0.6022293993049086,1.0113191435091917,0.5787034793487378,1.022553996298244,-0.6881716054812216,0.8699769448353771,-0.6101492575721115,0.9234642217973135,-0.5486301499722647,0.982495705720743,-0.5054828216178654,1.0329088162362658,-0.4682483342641486,1.083405556116161,-0.5807351655281798,1.0368568920446868,-0.5421722309701139,1.1034078455316245,-0.5192725689841745,1.142002272318952,-0.5006079994850091,1.1646646053660399,-0.6099379972008153,1.0329578041484504,-0.570631233683275,1.0951525075443718,-0.5457134446721589,1.1301811391951473,-0.527577769667758,1.1576441126794978,-0.6246203743098596,1.0236343547187439,-0.5900801346478817,1.074964413976265,-0.5676491820074514,1.1096894955283254,-0.551181457934522,1.1374547944135864,-0.6352604613579421,1.0155256305543865,-0.6052226482178028,1.0629529278222574,-0.588974494965558,1.0924042856708152,-0.5765857144093142,1.1157248063094691
-0.015153670452600817,-0.4646728939273326,0.046010591854349255,-0.5172617208070525,0.08432197615952977,-0.5135584907987623,0.1192687785596477,-0.5091394221201213,-0.05758051393673604,-0.5177429760266935,-0.09215056375227511,-0.5151145551820356,-0.12544310608269485,-0.5103422973796975,0.1696287122715905,-0.4568697093221547,-0.16888440473586236,-0.45236400769625773,0.06755775629514867,-0.3766737915191509,-0.08499130108367929,-0.3741449679050595,0.49993797824236963,-0.007875145137200971,-0.49993797824236963,0.007875145137200971,0.7336034175392339,0.49771823890976774,-0.6763508649316453,0.5275134906242118,0.6855150364948798,0.8379860015860648,-0.6516441820130093,0.8635617294690363,0.6737793818177422,0.9794604951400725,-0.6083716818324024,1.0243549322786105,0.6259947854660921,0.9447721024410725,-0.5528387362901168,0.9813965531787524,0.6072599945385428,0.8966611214974342,-0.5480691063830442,0.9346664436006805,0.6843097085330557,0.8269278183084002,0.6452803832413121,0.882427214387795,0.6108008206194186,0.945378620668374,0.5828158383569407,0.99794405928023,0.5661004973444999,1.0434719943707964,0.6585053537619767,0.979334005781288,0.624705189662751,1.0454832102140725,0.593946025964883,1.0752428977459223,0.5708047802559678,1.092781645941586,0.6519575147251783,0.9705102342514582,0.6192086839252121,1.030362300855783,0.5921984756132559,1.058773527730342,0.5654740071131797,1.079629730909305,0.6394566169466965,0.9596393323097223,0.6103235948391849,1.0139122020721505,0.5874777245581235,1.043282085139602,0.5631113540763834,1.066083456394166,0.6224555361223756,0.9476524508451929,0.5965814545302491,0.9991344958355489,0.5755633730029248,1.02563243976373,0.5565901443782764,1.0446818773510809,-0.6857886003920293,0.8624023020778515,-0.612237315768107,0.9235856604237317,-0.552951035014467,0.9886639099392734,-0.5065984663895536,1.0396624222007582,-0.4643005649664508,1.0884501737717984,-0.5882243096030818,1.033480911763985,-0.5392356992372405,1.1008857245546755,-0.5078083493698381,1.1404874054352678,-0.48232398464560083,1.1626400369452627,-0.6092651662227081,1.0263997851812865,-0.5592473844743471,1.088097685420172,-0.5259686823923261,1.1240110276989794,-0.5015310083523792,1.1508560289952379,-0.6151421035981977,1.0167081074417363,-0.570326941300172,1.0656428459546328,-0.5410404501091489,1.102077037075083,-0.5183342086632001,1.1303619497838753,-0.6155047531448511,1.007418147291788,-0.5756247781556311,1.0524499357562085,-0.5542420323619497,1.080943853735125,-0.5369800015377543,1.1037774605049469
-0.02183909133492575,-0.4480181900047357,0.040505885789980836,-0.5106104843372343,0.07978890590463451,-0.5082063962597477,0.11571100702947978,-0.5048754604266201,-0.0640236393838109,-0.5088371822606782,-0.0986855712275756,-0.5055435061982797,-0.13154789998015193,-0.5003717623510399,0.16906875211444383,-0.45500216143018735,-0.17065566766730594,-0.44773834720904837,0.06018518163832936,-0.35741364935794795,-0.08903222215704655,-0.35359097222124575,0.49993008064531536,-0.008361487066816574,-0.49993008064531536,0.008361487066816574,0.7340106889333531,0.5047570181907262,-0.6750224226359137,0.5465291663301775,0.6817014776317286,0.8434041484131384,-0.6496145027905115,0.8724290714608184,0.6685642961630097,0.9889906094684813,-0.6057557198201851,1.029338294655449,0.6203366516521178,0.9526927545145897,-0.5499641665112001,0.9835143875418486,0.6025641793646085,0.902725034875627,-0.5454631862071317,0.9374465823525583,0.6816441414198303,0.8496695761188365,0.6294985224292186,0.8940767352442457,0.5901465936562283,0.9477071341808976,0.5647105317251697,0.9960613742422194,0.5530991597853172,1.0391438389306502,0.6473863685009148,0.9880427209011344,0.6136917879753248,1.0548479994274782,0.585641755870014,1.0793319646288488,0.5643730020373889,1.0929150359656334,0.6571189712955358,0.9795432850125717,0.6217316574682131,1.0352165714257604,0.5945469287443039,1.0566357670620818,0.5698629004916305,1.069720521841634,0.6590489397492513,0.9662847681963492,0.6213106658939994,1.0134956154815578,0.5973807754008817,1.0341939879768578,0.5768724715713242,1.0468845782171208,0.6533696739896575,0.9525754519893298,0.6230458314993387,0.9959826465384202,0.599988433331622,1.0132871361055726,0.5827142776013453,1.0205258766927623,-0.6746063405844313,0.8762039684209387,-0.6041227774917165,0.9301759298676149,-0.5432373313388031,0.9920981620173321,-0.49159029191557035,1.039538003469939,-0.4431795923428379,1.0819422526610525,-0.5801064443305075,1.055602487867229,-0.528568028097706,1.1214025416143276,-0.4935647090840145,1.1599251117259137,-0.4652788445475011,1.181933099409803,-0.5957850051730934,1.046436408927787,-0.5411190476203205,1.1060232863182569,-0.5038950462711781,1.140663651330023,-0.47613222124565163,1.1639216385693352,-0.5983951178651994,1.032662041544577,-0.5482801125442961,1.078400382690574,-0.514672150026895,1.1117302558132631,-0.4878608080407152,1.1353803035106935,-0.5982053122096032,1.018790711087423,-0.554931200794552,1.0621765141446124,-0.5294004552108172,1.0886830273712045,-0.5077805828328514,1.1091234745830107
-0.034401593630851955,-0.44345934859285263,0.029832698565834193,-0.5082135683243436,0.06954806231874974,-0.5062608305170143,0.10740163384461714,-0.503267271068691,-0.07359439374518645,-0.5063668018888201,-0.10715603684279537,-0.503222105823991,-0.13827972329799107,-0.4980952354596644,0.1646769635524744,-0.45423038075253436,-0.17221103601515783,-0.4466030780862971,0.047236958657724676,-0.35251508636369255,-0.09807685608671875,-0.3503217601517165,0.4999278548049219,-0.008493526367117022,-0.4999278548049219,0.008493526367117022,0.7362593033336313,0.5059002993905476,-0.6765350332176264,0.555043073208384,0.6809951450668105,0.8488312153847576,-0.6501158254316742,0.8816746080734609,0.6675475010028379,1.00350899796324,-0.6065071121414711,1.0355288718322389,0.6184702782989046,0.9670878852293934,-0.5514942624346538,0.9887429505306325,0.6010842951931961,0.9149861727928283,-0.5473489013763556,0.9427468059203945,0.6721764992339544,0.8682564883717825,0.6009458118748164,0.8957209991751485,0.5610139361317439,0.9454354560319304,0.547331678831684,0.995815792702596,0.5444172024966484,1.0355355499618053,0.6271323395674505,0.9971217185133563,0.5917751583177036,1.0576716163320865,0.5723516427331962,1.0812503344289903,0.5606260773961298,1.096473130775898,0.6563424782914575,1.0042502703451248,0.6186722038481662,1.0587169193495005,0.5955149108749609,1.0784309335701519,0.5795895050015536,1.0903445409765915,0.6699776372040481,1.0031685890955984,0.6338979877793536,1.0529818119738643,0.6090405836107109,1.0717278488878723,0.5923753112774326,1.0831105449937728,0.6716274866874848,0.9996435911259806,0.640125870820899,1.043900258724389,0.6173956266594482,1.062165294569355,0.5999792404901869,1.0702163069825634,-0.6782933144363934,0.8989894163772102,-0.6085963122542848,0.9356284470232277,-0.544097970329343,0.9936320443343404,-0.48969107301056264,1.0423019011347152,-0.4402418081936728,1.0840442529513248,-0.582906777993602,1.07479311035891,-0.5252839219379075,1.145934873150662,-0.4906016711250095,1.188538703681354,-0.4635193953692015,1.2174402425232864,-0.5999831946458514,1.0809450736116992,-0.5426376567074196,1.147291060673423,-0.5056125247283056,1.1864008235188053,-0.479531441186722,1.214653353611022,-0.6041478871318422,1.079074845852567,-0.5521429197038661,1.1390644837487156,-0.5161416504314523,1.1807312672570722,-0.48700075336663523,1.21434299632643,-0.6026554130438484,1.0738455189214695,-0.5566746457056386,1.1321306521158871,-0.5274669673451562,1.1690315357370133,-0.5029903044319316,1.2005514285897811
-0.03901109972857835,-0.43672638479095016,0.024445761944956446,-0.5042922982411174,0.06451103980400275,-0.5026349032880588,0.10299799706454117,-0.4999950160765666,-0.07863940162165346,-0.5021091775737654,-0.11211758344293474,-0.4987723101782241,-0.1429965147065641,-0.4935440792166042,0.16286511173259766,-0.4522781729486395,-0.1742004512427908,-0.4437520400409399,0.04157982881678743,-0.34386160353955536,-0.10143225447793626,-0.3419982986154141,0.4999213511467154,-0.008868070119397055,-0.4999213511467154,0.008868070119397055,0.7312689879521426,0.5062386356354432,-0.6775447807896139,0.5544161154650191,0.6812373508434457,0.8542046731500583,-0.6509197683348139,0.8846832190277978,0.6653899354269743,1.0061389647902368,-0.6100268924758033,1.0349445471267582,0.6162333057477222,0.9715022865020058,-0.55670553352667,0.9876647679229275,0.5991525414997597,0.9209460671346431,-0.5512888962608813,0.9425378517913815,0.6761139659670589,0.8799739410048313,0.6042423263723219,0.8957705166249397,0.5582785766376661,0.9493765960253308,0.5386519524140453,0.9998680782125496,0.5378386915884878,1.0406553163632006,0.6269654284353247,1.0042232368234791,0.5948863965115281,1.0696964505589954,0.5685563076505087,1.0981885501373199,0.547257775383172,1.1141005268176847,0.6586862948733253,1.0140420023390517,0.6215317272932481,1.0739676971184884,0.5909214201439658,1.0953907780911019,0.5643059951248122,1.105656194966417,0.674912282060638,1.0138732986549266,0.6405697357430606,1.0666033151283707,0.6110344527999176,1.0872627436580369,0.5864237693702197,1.0977885165839307,0.679245627056519,1.0090646279504893,0.6505433075589773,1.0561512511113906,0.6257493193963719,1.0768817498062149,0.6042885923461747,1.085336108883755,-0.6831088358732301,0.8924393665075361,-0.6104514663461219,0.9345333105660911,-0.5466131302836142,0.9926074868101628,-0.4899242945113716,1.0417213688405698,-0.4370049921525069,1.084496636536889,-0.578612120313483,1.0713162873925954,-0.5155563476908396,1.1367048854116737,-0.47120170389851007,1.1728477586357522,-0.43702592618630337,1.1940873589592078,-0.5939177136787501,1.0720144989903972,-0.5285504015259693,1.1301064427757583,-0.48413357133912654,1.1618480673313052,-0.4524980242825656,1.1793489195852012,-0.5977284114947196,1.065407084625712,-0.5373740967712053,1.11722550308963,-0.49729360215650015,1.1469307211306508,-0.4655380802171725,1.1658867526077812,-0.598053504725442,1.0573283067427568,-0.547894416293337,1.1075815983269461,-0.5154955686263295,1.1358427198685075,-0.4893452661732097,1.1564995096544177
