pose_0_x,pose_0_y,pose_1_x,pose_1_y,pose_2_x,pose_2_y,pose_3_x,pose_3_y,pose_4_x,pose_4_y,pose_5_x,pose_5_y,pose_6_x,pose_6_y,pose_7_x,pose_7_y,pose_8_x,pose_8_y,pose_9_x,pose_9_y,pose_10_x,pose_10_y,pose_11_x,pose_11_y,pose_12_x,pose_12_y,pose_13_x,pose_13_y,pose_15_x,pose_15_y,pose_17_x,pose_17_y,pose_19_x,pose_19_y,pose_21_x,pose_21_y,pose_14_x,pose_14_y,pose_16_x,pose_16_y,pose_18_x,pose_18_y,pose_20_x,pose_20_y,pose_22_x,pose_22_y,left_hand_0_x,left_hand_0_y,left_hand_1_x,left_hand_1_y,left_hand_2_x,left_hand_2_y,left_hand_3_x,left_hand_3_y,left_hand_4_x,left_hand_4_y,left_hand_5_x,left_hand_5_y,left_hand_6_x,left_hand_6_y,left_hand_7_x,left_hand_7_y,left_hand_8_x,left_hand_8_y,left_hand_9_x,left_hand_9_y,left_hand_10_x,left_hand_10_y,left_hand_11_x,left_hand_11_y,left_hand_12_x,left_hand_12_y,left_hand_13_x,left_hand_13_y,left_hand_14_x,left_hand_14_y,left_hand_15_x,left_hand_15_y,left_hand_16_x,left_hand_16_y,left_hand_17_x,left_hand_17_y,left_hand_18_x,left_hand_18_y,left_hand_19_x,left_hand_19_y,left_hand_20_x,left_hand_20_y,right_hand_0_x,right_hand_0_y,right_hand_1_x,right_hand_1_y,right_hand_2_x,right_hand_2_y,right_hand_3_x,right_hand_3_y,right_hand_4_x,right_hand_4_y,right_hand_5_x,right_hand_5_y,right_hand_6_x,right_hand_6_y,right_hand_7_x,right_hand_7_y,right_hand_8_x,right_hand_8_y,right_hand_9_x,right_hand_9_y,right_hand_10_x,right_hand_10_y,right_hand_11_x,right_hand_11_y,right_hand_12_x,right_hand_12_y,right_hand_13_x,right_hand_13_y,right_hand_14_x,right_hand_14_y,right_hand_15_x,right_hand_15_y,right_hand_16_x,right_hand_16_y,right_hand_17_x,right_hand_17_y,right_hand_18_x,right_hand_18_y,right_hand_19_x,right_hand_19_y,right_hand_20_x,right_hand_20_y
0.47677548624883914,0.34230315685272217,0.4967803585620425,0.3261722922325134,0.508866037888749,0.3271830976009369,0.5218669597725409,0.32845836877822876,0.45133422577669463,0.32640448212623596,0.43663983758454805,0.3275493383407593,0.42245837534955716,0.32909294962882996,0.5441248050453512,0.340223103761673,0.40816288382874594,0.34226229786872864,0.5063335807645628,0.3653436303138733,0.4507431797839603,0.3647702634334564,0.6514188581589699,0.4673636555671692,0.3303347454888283,0.46537071466445923,0.6996520744187626,0.6176198720932007,0.3006614817110862,0.624809741973877,0.755514581384662,0.791597843170166,0.24521492356048616,0.7812467217445374,0.7675187207471954,0.8339117765426636,0.22093946291397842,0.8200610280036926,0.7452349093498718,0.8434394598007202,0.24854012329946512,0.8284805417060852,0.7364657057776279,0.8238844871520996,0.2597932083434519,0.8108083009719849,0.23869459220013634,0.8296023607254028,0.2611319520581494,0.8395727872848511,0.2693824031282248,0.8544166684150696,0.2722696145120736,0.8701584935188293,0.27634566274056344,0.8821542263031006,0.2336153649172761,0.8714032769203186,0.2451212396832022,0.8981975317001343,0.26752012534452774,0.9006945490837097,0.28109752685852213,0.896369993686676,0.21983515847103063,0.8734424114227295,0.24250526346949894,0.8993412256240845,0.26718072909753465,0.9005169868469238,0.2803333944797023,0.8960050940513611,0.21560239518130092,0.8743999600410461,0.24042765684837386,0.897736668586731,0.2633008834391483,0.8984606266021729,0.27561645796581463,0.8938481211662292,0.2178679395450929,0.8748897910118103,0.23588323673247266,0.8938933610916138,0.2547655016515468,0.8955727219581604,0.2662027561835455,0.891623854637146,0.7601974769426327,0.822413980960846,0.7269548843564776,0.8320125937461853,0.7138907571256995,0.8500369191169739,0.7116805966055342,0.8699309229850769,0.7132030981501721,0.886828601360321,0.7501850659942972,0.860622227191925,0.740035921234195,0.891389012336731,0.7223013115196038,0.8959715366363525,0.7133505350717992,0.8932267427444458,0.7711665179172476,0.8623700141906738,0.7557690494048931,0.8932661414146423,0.7341415476376478,0.8949218988418579,0.7253698107849637,0.8900489807128906,0.7829467152888558,0.8623048663139343,0.7652822141104507,0.8900924921035767,0.7443272349681018,0.8914006948471069,0.7361865382731037,0.8869522213935852,0.7873051609544314,0.861818253993988,0.7732192350580464,0.8845600485801697,0.7554040670254527,0.8877465724945068,0.7478332950975175,0.8840663433074951
0.48331039048922614,0.3420239984989166,0.5074768478393293,0.32617419958114624,0.5231528032951314,0.327179878950119,0.5377780399688348,0.3284061849117279,0.4534616922411963,0.3263457417488098,0.436156833450248,0.3274309039115906,0.41947169535173556,0.3287874162197113,0.5635281326063952,0.33990585803985596,0.40264754366901717,0.3417520821094513,0.5184548158924657,0.36532703042030334,0.4525184150990786,0.3648340702056885,0.6925092277271884,0.4678398668766022,0.3108958538000542,0.4674266278743744,0.7497001253320785,0.6253613233566284,0.2722121612024736,0.6320393681526184,0.8125044847649112,0.7974036931991577,0.21039683210752697,0.8065381050109863,0.8298533054356433,0.8374191522598267,0.18198264209125314,0.8413178324699402,0.8002641987290191,0.8450472950935364,0.21227383270651237,0.850051760673523,0.7893330661250583,0.8278652429580688,0.2250848021597673,0.8339225649833679,0.20722247090684104,0.8355705142021179,0.23304888106915336,0.8420460820198059,0.24501244610453887,0.8550628423690796,0.25172099910427675,0.8702932596206665,0.25764730680507764,0.8821772933006287,0.1934231988378188,0.8744157552719116,0.21367150700333917,0.901656985282898,0.24040454696825514,0.9025436639785767,0.2571714138585558,0.8964410424232483,0.17924551126709246,0.8761613965034485,0.2068845652697424,0.9016535878181458,0.23616095672029844,0.8997260332107544,0.24918233116355418,0.8938523530960083,0.17655157728151386,0.8767604827880859,0.20387110529544675,0.9004061222076416,0.23061552758068024,0.8977922201156616,0.2417412792025294,0.8909264206886292,0.1818452332276166,0.8771983981132507,0.2024274538883537,0.8965814113616943,0.22430800544694957,0.8960556387901306,0.23456463294461846,0.8903765678405762,0.8156825032357319,0.8204773664474487,0.7729843222407826,0.8308634161949158,0.7576564045531159,0.8510866761207581,0.7598604695955861,0.8718121647834778,0.7612659062616786,0.8885612487792969,0.8054772267962824,0.8618348836898804,0.7911446090524471,0.8919452428817749,0.7709227414572382,0.895386815071106,0.7621387996132427,0.8923814296722412,0.8306474555220599,0.8630005717277527,0.8123410271813348,0.8929848670959473,0.7877675305928601,0.8937130570411682,0.7800026236294894,0.8886241316795349,0.8445244819005299,0.8620503544807434,0.8255817631945134,0.8896571397781372,0.8020169267815869,0.8904250860214233,0.7947294801662244,0.885938823223114,0.850073978820196,0.860805869102478,0.8340419246743287,0.8838661313056946,0.8145480031122796,0.8866005539894104,0.8071193410868136,0.882855236530304
0.48154860678327227,0.34193119406700134,0.5035979088489705,0.3261837363243103,0.5182254687930935,0.3271811902523041,0.5309532089531854,0.3283829391002655,0.4550428717417167,0.32628270983695984,0.4395091847918346,0.3272840678691864,0.42467238240847144,0.32843196392059326,0.5537994898450169,0.3396202325820923,0.40962787441361936,0.34110555052757263,0.5133770779221117,0.36533981561660767,0.4535792771739011,0.36491161584854126,0.6702348389364252,0.4680194854736328,0.3268362239001742,0.470031201839447,0.722113132418204,0.629446268081665,0.2913025278720674,0.6361782550811768,0.7784535718659581,0.7992879152297974,0.2392057375752432,0.8148896098136902,0.7957716160627464,0.8387382626533508,0.21297135285965088,0.8476244807243347,0.7687078120917534,0.8460997343063354,0.23896278515337604,0.8570035099983215,0.7570867883682361,0.8295561075210571,0.2506123738274842,0.8419882655143738,0.24736555792892628,0.8378848433494568,0.26398317617350825,0.8458964824676514,0.2660543522517853,0.8599960803985596,0.26474724684018885,0.8761489391326904,0.2650920308052148,0.8898381590843201,0.2161577480410819,0.873113751411438,0.23677370765915165,0.8988029956817627,0.26202746263235616,0.9013875126838684,0.27747505381887866,0.8963364362716675,0.20626254847273373,0.8749374747276306,0.23395125667568675,0.8984147906303406,0.25933179993835576,0.8979175686836243,0.2719148778340521,0.8926309943199158,0.20599836444139238,0.8759351372718811,0.2321579457366656,0.8983849883079529,0.2549030632713169,0.8968295454978943,0.26507622820681775,0.8902862668037415,0.21309852535605314,0.8771376013755798,0.23083159656888164,0.8966501355171204,0.2501009108700634,0.8969006538391113,0.2609036072254271,0.8913488388061523,0.7751370975791173,0.8171718716621399,0.7401138622294632,0.8293424248695374,0.7268740243352707,0.8488857746124268,0.727312421155917,0.8689611554145813,0.7303624228744393,0.8860453963279724,0.7712419742346942,0.8599117994308472,0.7609374773450734,0.8881161212921143,0.7429202433401395,0.895492434501648,0.7300533200406777,0.8956045508384705,0.7922098507031129,0.8606669306755066,0.7787503132591131,0.8898832201957703,0.7565430854373415,0.8947993516921997,0.7429992229228257,0.8933902382850647,0.8029488021161055,0.8600912094116211,0.7887125652904271,0.8871128559112549,0.7671280868008341,0.8924036622047424,0.7541430950389302,0.8920903205871582,0.8060878730255928,0.8590394854545593,0.7946049633438794,0.8819597363471985,0.7761916286907529,0.8890267610549927,0.7641302704072509,0.8895896077156067
0.5181302358470952,0.34192946553230286,0.5428293032076397,0.3261928856372833,0.5588559306523468,0.3271840512752533,0.57245404858026,0.328370064496994,0.48984403420259115,0.3262331187725067,0.4727284861715036,0.3271726071834564,0.45713687913117895,0.3281673192977905,0.5970319445572475,0.3394315838813782,0.4406625446886888,0.34055423736572266,0.552941815640255,0.3655514717102051,0.487118759316312,0.36518290638923645,0.7228840323328433,0.46801185607910156,0.35048811295458054,0.4709244668483734,0.7801529728492828,0.6299872398376465,0.30660547471430977,0.6428126692771912,0.8414012508013379,0.8004032373428345,0.25610155200425117,0.8248729705810547,0.8593149369314356,0.8415969014167786,0.22681002793641283,0.8597407341003418,0.829277769148927,0.8476840257644653,0.25576096022120104,0.866631805896759,0.8165042437505805,0.8320820927619934,0.2683378794633001,0.8509153127670288,0.2582245380771387,0.8391059041023254,0.2854715563480252,0.848179817199707,0.2920105581680031,0.8629392981529236,0.2892527378446769,0.8791944980621338,0.2868027476186027,0.8915336728096008,0.2406911614173844,0.8749666213989258,0.2552705621157966,0.9011894464492798,0.2799125578267686,0.9018318057060242,0.29356459377663346,0.8954439163208008,0.22654962839857817,0.87572181224823,0.24990058302376822,0.8995693325996399,0.27577211507155136,0.8976631164550781,0.28628699434712673,0.8912477493286133,0.22291922634366088,0.8762302994728088,0.2458033719980503,0.8983502984046936,0.27071304762147885,0.8957397937774658,0.2805844426965698,0.8881452083587646,0.22597698368482236,0.8774926066398621,0.24386039498976006,0.8963332772254944,0.2639568239309778,0.8956430554389954,0.2736846658767684,0.889386773109436,0.8339565271286562,0.8130029439926147,0.7934473694062156,0.8253656029701233,0.7810566042973921,0.8459600806236267,0.782918361878899,0.8657325506210327,0.7835577373531116,0.8818711638450623,0.8287643946137137,0.8587965369224548,0.8209204757464221,0.8861836791038513,0.8021910272440961,0.893994152545929,0.7879463615917239,0.8956916928291321,0.8517061525395535,0.859265923500061,0.8390792437944818,0.8869261741638184,0.8161400087707387,0.8930115699768066,0.799757219632899,0.8931527733802795,0.8636109346216417,0.8582210540771484,0.8503582740736794,0.8834465742111206,0.828462367191284,0.8901981711387634,0.8129755687123467,0.8920676708221436,0.8674536749294521,0.8566374778747559,0.8565739840106986,0.8785226941108704,0.8386311042991965,0.8867654204368591,0.824629358077275,0.8894528746604919
0.4887300984867518,0.3416477143764496,0.5146681563350964,0.3261243999004364,0.5311904167039444,0.3271144926548004,0.5450309700530764,0.3282511532306671,0.4600047667708218,0.3259704113006592,0.4422641273616638,0.32684001326560974,0.4266047260316921,0.3277285695075989,0.5699590964711424,0.33924007415771484,0.4094875160765077,0.3400556743144989,0.5248662302822482,0.3654596209526062,0.4564142796853418,0.3651732802391052,0.6984321473390891,0.4677829146385193,0.3159295686737346,0.4715716242790222,0.7566438193271128,0.629480242729187,0.27238800897008664,0.6447365283966064,0.8207083616844248,0.7987014651298523,0.2210809018950255,0.8261793255805969,0.8395191302802625,0.8399955630302429,0.19160861757827724,0.8585984110832214,0.8086056689922705,0.844963550567627,0.2191361942407326,0.8651747703552246,0.7950100277865397,0.8313183784484863,0.23176703393563794,0.8502023816108704,0.22289224355416243,0.8395406007766724,0.2578296084145821,0.847965657711029,0.26850816054210247,0.8619354367256165,0.2663890596931506,0.8771688342094421,0.26459479123631807,0.8888844847679138,0.20765290187399077,0.8737562298774719,0.22371330268394854,0.9003637433052063,0.2485881121405078,0.9021177291870117,0.2638611218812582,0.8969030380249023,0.1915781691409779,0.874690055847168,0.21573266607962494,0.8986327648162842,0.2432885386312443,0.8981631398200989,0.2560628999330211,0.8930883407592773,0.18726744312897495,0.8756276965141296,0.21228036522529634,0.8977836966514587,0.23699316323843675,0.8964466452598572,0.24774276785227145,0.8904488682746887,0.19083162129280049,0.876998245716095,0.21065090468467393,0.8950405716896057,0.23095524732089645,0.8950108885765076,0.24114165703285312,0.8900942206382751,0.8170973793970406,0.8175268173217773,0.778347244659932,0.8261156678199768,0.7608323468372774,0.8460733294487,0.759472525146842,0.8665449619293213,0.7638653423535458,0.8836449980735779,0.8065711614452535,0.86207115650177,0.7953771016360848,0.8908337950706482,0.7720954353695564,0.8948008418083191,0.7603002810930493,0.8920907378196716,0.8287931117066802,0.8637168407440186,0.8134097884734542,0.893477201461792,0.7860561634573224,0.8951133489608765,0.774221564196181,0.8900206089019775,0.8405559593633095,0.8631221055984497,0.8252183363828036,0.889559268951416,0.8005991466167806,0.8917374610900879,0.7895205516973343,0.888229250907898,0.8451830915533636,0.8613308668136597,0.8332220622855023,0.8835153579711914,0.8136703019913751,0.8880828619003296,0.8031953772378906,0.8859770894050598
0.48411299673971725,0.34165459871292114,0.5113109563948198,0.3262312114238739,0.5288371791229097,0.32718831300735474,0.5431469685751983,0.32826143503189087,0.4539795871094011,0.3259787857532501,0.43543903814239987,0.3268374800682068,0.4189715155397544,0.3277011513710022,0.5691121192907406,0.33921512961387634,0.4009284313232528,0.3399363160133362,0.5220155311300608,0.36555469036102295,0.4502355163796813,0.365422785282135,0.7034792495888965,0.46747666597366333,0.3026583608803802,0.471996933221817,0.7650979137223473,0.629423975944519,0.25813907578417983,0.6438347697257996,0.8310605234939223,0.7885236144065857,0.21005964259810478,0.8207120895385742,0.8513596715460298,0.8309601545333862,0.1781308031720042,0.8538700342178345,0.8199854479732055,0.8373750448226929,0.20388759289735583,0.8609552383422852,0.8047529279888128,0.8242176175117493,0.21798617342571258,0.845515251159668,0.20595095937834673,0.8400002121925354,0.2406124297145879,0.8498323559761047,0.24901464244813537,0.8649269342422485,0.24406855125173166,0.8801249265670776,0.24076579479510324,0.8918675184249878,0.19094792897365606,0.8738182783126831,0.20559641087038,0.8980358242988586,0.2280663964166123,0.9018784165382385,0.24268741884408962,0.8989655375480652,0.17457117463760924,0.8747367262840271,0.1968685138221874,0.8974848985671997,0.2226712168577159,0.8995823264122009,0.23820800392530925,0.8962177038192749,0.16917732283160566,0.875167727470398,0.19219236056172712,0.8967364430427551,0.2173937262363894,0.8979288935661316,0.23154445474068044,0.8941190838813782,0.1722675810970006,0.8757535219192505,0.19062555441984513,0.8937510848045349,0.211748120936235,0.8964675664901733,0.2250983491457409,0.8939900398254395,0.8165838605186441,0.8161119818687439,0.7792213559425516,0.8290650248527527,0.7677306360380041,0.8492739200592041,0.766545048918718,0.8688825368881226,0.7683424029940572,0.8857273459434509,0.8160351329608052,0.860601007938385,0.8059333580388921,0.8902763724327087,0.7820235688013928,0.8954836130142212,0.7662558681872268,0.8931723237037659,0.840417679199321,0.8617010116577148,0.8256204312502176,0.8928987383842468,0.7974301206287191,0.8955851793289185,0.7820663647786908,0.8912979364395142,0.8530132434530364,0.8610742688179016,0.8371717274751495,0.888502836227417,0.810408154686741,0.8914710283279419,0.7958196525837393,0.8884936571121216,0.85562933999334,0.8598494529724121,0.8438478229624753,0.8827450275421143,0.8210644300051573,0.8882040977478027,0.8064526056339517,0.8867692351341248
0.5331136960877529,0.341671347618103,0.5577348033223022,0.32630637288093567,0.573753474987311,0.3272169828414917,0.5865892186828551,0.32825967669487,0.5057450068838504,0.3260565996170044,0.4889919151511552,0.32688722014427185,0.4740505368271132,0.32772067189216614,0.610003271336641,0.33914878964424133,0.45769055863306624,0.3399382531642914,0.5676321007832489,0.3656098246574402,0.5025472818854311,0.3657223582267761,0.7318936058585642,0.46750205755233765,0.3688214131922123,0.4728008210659027,0.7880376420635943,0.628972589969635,0.3288931798944039,0.6446468234062195,0.8461432420599135,0.7882956266403198,0.2850729101830913,0.8236086964607239,0.8652660170507328,0.8298496007919312,0.2562811297756895,0.8577192425727844,0.8375150074351841,0.8364690542221069,0.28078823025421146,0.8634160161018372,0.8233409856244543,0.82318115234375,0.2935468030916903,0.8489166498184204,0.2741721304432569,0.8421763777732849,0.30465735247729175,0.8457125425338745,0.32108076640488015,0.8539525270462036,0.3242610483174025,0.8636562824249268,0.32443481766213667,0.8729721307754517,0.2685655883971961,0.8731909990310669,0.2805856154071506,0.8966412544250488,0.30048403324749673,0.9012715816497803,0.3136971534061892,0.8989856839179993,0.2534342510379166,0.8755622506141663,0.2740901549028488,0.8978513479232788,0.29828028561289555,0.8999956250190735,0.31321372576611023,0.8963643908500671,0.2484221491656324,0.8769719004631042,0.2701582361442448,0.8973844051361084,0.2934278349788959,0.8982740044593811,0.3074098435786041,0.8942517042160034,0.2506329819658624,0.8779259920120239,0.2687493674968112,0.8943549394607544,0.28788086403057905,0.8968748450279236,0.30027482066634914,0.8945984244346619,0.8334158474328552,0.8116419315338135,0.7964071201725824,0.8245968222618103,0.7846657299219763,0.8453040719032288,0.7846419154094941,0.8657068014144897,0.7865001437138726,0.8826538324356079,0.8341154509618252,0.8584159016609192,0.8218247253633496,0.8885437846183777,0.8011409160426362,0.8939498662948608,0.7884156104079009,0.8929020762443542,0.8559024571283105,0.8590659499168396,0.8387859503644922,0.8898607492446899,0.8146751491379111,0.8929803967475891,0.8015633799234224,0.8898692727088928,0.8662214525061918,0.8582199215888977,0.8487294841888544,0.8853604197502136,0.8266197287084669,0.8887584805488586,0.8148439397176088,0.8869223594665527,0.8680624814404442,0.8567297458648682,0.8561527184086049,0.8796697854995728,0.8379391425098288,0.8858799338340759,0.8261524907588912,0.8857668042182922
0.41370960255863615,0.3417147397994995,0.4372543942888529,0.32632771134376526,0.45260585521157026,0.32721930742263794,0.4648378214228603,0.32823991775512695,0.3874876203778479,0.32608622312545776,0.37152268995957305,0.3269042372703552,0.3572316225928076,0.32772475481033325,0.4869822156454752,0.33910149335861206,0.34155657628658453,0.33994626998901367,0.44671777113783756,0.3658062517642975,0.384602140116427,0.36622801423072815,0.6034788697097971,0.46749013662338257,0.25672296470848543,0.4734126627445221,0.6571293661781958,0.6286496520042419,0.2186996547525291,0.6441429257392883,0.7122997434588084,0.7871423959732056,0.17593210979419693,0.8202491998672485,0.7305842453130161,0.8287374377250671,0.14764196965667964,0.8558356165885925,0.704536685491784,0.8356484174728394,0.17107812962580474,0.8615583181381226,0.690945634080996,0.8221310377120972,0.1833966422975147,0.8463225364685059,0.16489123758263824,0.8412719964981079,0.1965656301518999,0.8467444777488708,0.2061344314910736,0.8605840802192688,0.20441845846823087,0.8763127326965332,0.2033679359947462,0.8885742425918579,0.16278622093750447,0.8727837800979614,0.17530511325970288,0.899161696434021,0.1973253711421994,0.9016292691230774,0.2090782408761646,0.8963897824287415,0.14856631177801977,0.8744888305664062,0.1666133426415591,0.899478018283844,0.19044705464075845,0.9012051820755005,0.20262331736984268,0.8970428705215454,0.14371489077915608,0.875628650188446,0.16378527751469102,0.8981755375862122,0.18632479754172332,0.8989285826683044,0.19660242236836875,0.8944680094718933,0.14592965259030624,0.8765638470649719,0.16402766742860914,0.8945884108543396,0.18279706543654078,0.8962420225143433,0.19276619400910863,0.8924972414970398,0.7056415820087584,0.8111265301704407,0.6675969677973761,0.8220812678337097,0.6548474510938973,0.8428362607955933,0.6553285084933284,0.8647051453590393,0.6576409341961621,0.8829396367073059,0.6991884200087353,0.8579946160316467,0.6903569586174942,0.8902131915092468,0.6699859691702588,0.8959147930145264,0.6575222153188118,0.8934040069580078,0.7214484089277177,0.858153760433197,0.7071538850202902,0.8906835317611694,0.6827802214865353,0.8945822715759277,0.6691988749783749,0.891347348690033,0.7321840253920693,0.8569970726966858,0.7179445402474895,0.8860276937484741,0.6952411835166784,0.8901802897453308,0.6829083793787701,0.8882867693901062,0.7351984612089546,0.8556529879570007,0.7239822526487225,0.8804940581321716,0.705032898492579,0.8862834572792053,0.692579780150861,0.8851569890975952
0.40453381247204134,0.3415997326374054,0.429325776109768,0.32626286149024963,0.44566259766167915,0.3271316587924957,0.45840171752228903,0.32807689905166626,0.37666015522777746,0.32601219415664673,0.3597392533183796,0.32683536410331726,0.34477833690327586,0.3276304006576538,0.4811451912331514,0.33894145488739014,0.32816545416942516,0.33986878395080566,0.43933522926829005,0.3657902777194977,0.3737113230504024,0.36622875928878784,0.6040760318811571,0.4674341678619385,0.23876679153329547,0.47379717230796814,0.6605980221054413,0.628420889377594,0.19812488550310062,0.6439346075057983,0.7162852625513406,0.7866598963737488,0.1522434052990899,0.8183172941207886,0.7369765790245968,0.8286048769950867,0.12058581683137624,0.8547245264053345,0.7103968188635985,0.835800290107727,0.1447873783664326,0.8606587648391724,0.6957852749185025,0.8220766186714172,0.1592074886908036,0.8451733589172363,0.15028672038446345,0.8406753540039062,0.17221093433897905,0.8480063676834106,0.17839496327251492,0.8615232706069946,0.1801314174454005,0.8748629093170166,0.18217676396305751,0.8856948614120483,0.1307331608737922,0.8748162388801575,0.1490965732684234,0.8973934054374695,0.17589843275330241,0.9001267552375793,0.19117334082144719,0.8958801627159119,0.12241910547123137,0.8757981061935425,0.14589846874090887,0.8989090919494629,0.17429738966371383,0.9007552862167358,0.19048179079583957,0.89682936668396,0.12301490375970753,0.8761129379272461,0.14529914284876674,0.8985727429389954,0.17228358201843683,0.8995195627212524,0.18695017055142968,0.8949040770530701,0.13089583230027035,0.8762443661689758,0.14688836322705892,0.8948795199394226,0.1684685659706037,0.8974347710609436,0.18262442036094706,0.8938602209091187,0.7097839937752495,0.8122439980506897,0.6722148750255045,0.8257744312286377,0.6578117041840841,0.8463923931121826,0.6589823097728853,0.8674378395080566,0.6623029374059469,0.8844434022903442,0.7054244344724038,0.8611887693405151,0.6936855474215591,0.8905547857284546,0.67214551046233,0.8949481248855591,0.6595669838854444,0.8928988575935364,0.7274890016480257,0.860910177230835,0.7133714619232425,0.8913410305976868,0.6883261744301759,0.8947238326072693,0.674337863750582,0.8914448022842407,0.7393954673363888,0.8589116334915161,0.7258932674273205,0.8858466744422913,0.7027688823740705,0.8900479674339294,0.689814404055991,0.8882564306259155,0.7434435497135593,0.8564782738685608,0.733441291469445,0.8798593878746033,0.7144585925342053,0.8858394026756287,0.7017320463104246,0.8847653865814209
0.5074313408819139,0.3414823114871979,0.5333558073793971,0.3261392116546631,0.550768330485543,0.32696884870529175,0.5639718757812446,0.32781943678855896,0.4779523380623486,0.3259296417236328,0.4602207829559271,0.32676970958709717,0.444674854777486,0.3275439143180847,0.5872896165067946,0.33872097730636597,0.4273243687178015,0.3397846221923828,0.5441659363705208,0.3657601475715637,0.47516670285884105,0.36624035239219666,0.7166453030207937,0.4674634337425232,0.33300181024783115,0.4739089012145996,0.7758136570189923,0.6294354200363159,0.28568728451976066,0.6440936326980591,0.8308921721191906,0.7885703444480896,0.23878482808321166,0.8214656710624695,0.855413804426393,0.8300034403800964,0.20621510451432679,0.8590502738952637,0.825802721554462,0.8368673324584961,0.2316112873592393,0.8635951280593872,0.808893842755386,0.8239455223083496,0.2468278927721844,0.84874027967453,0.23149662666611856,0.8399455547332764,0.26551775025688346,0.8455262184143066,0.27862412733249425,0.856252908706665,0.27672199910534323,0.8676883578300476,0.27411724740560145,0.8782944679260254,0.22511580387614175,0.8722526431083679,0.23778040918512802,0.8982267379760742,0.2633640009391059,0.9017965197563171,0.2813818330701819,0.8978585600852966,0.20773524977242988,0.8729771375656128,0.2276830116473533,0.898289144039154,0.2554824080440163,0.9005612134933472,0.2730513946497817,0.8964630961418152,0.20175031984907232,0.8735107779502869,0.2233355380499211,0.896619439125061,0.2496299785772875,0.8977317214012146,0.26474705785057967,0.8931711316108704,0.20406910525774535,0.8743857741355896,0.22280445779507912,0.8929377198219299,0.2442151716698919,0.8953656554222107,0.25736804911267935,0.8922157287597656,0.8269035226994491,0.8112365007400513,0.7870602387488912,0.82517409324646,0.7728488930425557,0.846234142780304,0.7738868894463404,0.8679240942001343,0.7776613885902007,0.8851204514503479,0.8207750521379475,0.8604120016098022,0.8075355348600903,0.8907647728919983,0.7861308163156369,0.8939084410667419,0.7749653908869425,0.8905607461929321,0.8448577823945815,0.8600603938102722,0.8293721365317649,0.8908113837242126,0.8050261966496026,0.8926591277122498,0.7937431311410541,0.8879839181900024,0.858521725193603,0.857653796672821,0.8430988840719889,0.8849902153015137,0.8201917503622629,0.8874452114105225,0.809142137168801,0.8839207887649536,0.8646784907898489,0.8546959161758423,0.8527691326001128,0.8781867027282715,0.8332208461672672,0.8828213214874268,0.8217777345836406,0.8803929686546326
0.4449051703660956,0.3414953351020813,0.4688328404075583,0.32613804936408997,0.4850496741428382,0.3269614279270172,0.49713969924334306,0.3277849853038788,0.41740038856456174,0.32592806220054626,0.4009540815175268,0.32676634192466736,0.3866244819093985,0.3275321125984192,0.5185682962893817,0.33871376514434814,0.3706913692196727,0.3397410213947296,0.478957565923193,0.36582112312316895,0.4149188921047779,0.366398423910141,0.638111544281782,0.4678195118904114,0.2834977856772104,0.47425833344459534,0.6923041532071875,0.6343056559562683,0.23935757195570737,0.6467089056968689,0.7406245798934433,0.7970576882362366,0.19623568400828906,0.8247901797294617,0.7661903088370323,0.8372702598571777,0.16594185010942145,0.864452064037323,0.7356577410524496,0.8431785702705383,0.19063595493963822,0.8688379526138306,0.7188333192041577,0.832499623298645,0.20479090248440934,0.8528725504875183,0.18253602271444258,0.8395968079566956,0.21583922265689737,0.8457985520362854,0.23025501813558344,0.856662392616272,0.23138619134098545,0.8660371899604797,0.23031891440910063,0.873132050037384,0.1769034177648295,0.8694597482681274,0.18627351614521115,0.896445095539093,0.21000408271358814,0.9005486369132996,0.22572010325965866,0.8968551754951477,0.1609163272305274,0.8703666925430298,0.1810421015254114,0.8945730924606323,0.20474515626113093,0.8934122920036316,0.214565041899521,0.8870173692703247,0.1565133375803624,0.871885359287262,0.17922785556497275,0.8942074775695801,0.20029063463747196,0.8925789594650269,0.20921958221497738,0.8862550854682922,0.15995015754876454,0.8739314079284668,0.17899308567721872,0.8919527530670166,0.196052918400169,0.892074465751648,0.20436339795536507,0.887028694152832,0.7406767359857652,0.809651792049408,0.7018141048092511,0.8222446441650391,0.6896064080075699,0.8442816734313965,0.6921310192707091,0.8664699196815491,0.6939487231868159,0.88416588306427,0.7355729283641591,0.8583813309669495,0.7245347290375291,0.8891132473945618,0.703938200465634,0.8937490582466125,0.6918765812058375,0.8915397524833679,0.756916307888073,0.859107494354248,0.7429185708156303,0.8896912336349487,0.7193120352132437,0.8926132917404175,0.7068584693295175,0.8895323872566223,0.7680559855625063,0.8582156896591187,0.7531753058974069,0.8855383992195129,0.7310557249684859,0.8888731598854065,0.7195315226237521,0.8869865536689758,0.7717297176643692,0.856730043888092,0.759552180983345,0.8807556629180908,0.7397145134338869,0.8862725496292114,0.7274371177403967,0.884987473487854
0.4335518413419396,0.34153565764427185,0.4607273821588221,0.32615596055984497,0.47946633751444295,0.32696422934532166,0.49317256157059075,0.3277783691883087,0.4022143584090329,0.325971782207489,0.38354531706279416,0.32678624987602234,0.36715988966417173,0.32753878831863403,0.5175498105149834,0.33868664503097534,0.34913292595940754,0.3397316634654999,0.47259248599762005,0.3658459782600403,0.39965155015647624,0.36651507019996643,0.6532023814849792,0.46781086921691895,0.24989077843467228,0.47421663999557495,0.7148035882171563,0.6342276334762573,0.1989448592050288,0.6465878486633301,0.7709682785015631,0.7973704934120178,0.15124476615889518,0.819056510925293,0.800393418965405,0.838975727558136,0.11590265725050292,0.8618556261062622,0.764584286783003,0.8449459075927734,0.14419312835679432,0.8674616813659668,0.7455732939775574,0.8334029912948608,0.16039303544928804,0.8508367538452148,0.13402441080783334,0.8337616920471191,0.16273709788823035,0.838997483253479,0.1825395773051179,0.8465440273284912,0.18878224037400237,0.8454992771148682,0.1903642516539944,0.8378274440765381,0.12612774465292828,0.8597307205200195,0.12658537936431305,0.8847311735153198,0.15126385110587015,0.8950011730194092,0.17329519068096805,0.8964157700538635,0.11086986823445633,0.8627243041992188,0.13198262930323656,0.8844260573387146,0.15612883880385656,0.8847604990005493,0.16735119164115564,0.8784099817276001,0.10714072346434841,0.8659973740577698,0.13394037547679838,0.885022759437561,0.15445384612393506,0.8847418427467346,0.16393883390420289,0.8793781995773315,0.11003282400765475,0.8691340088844299,0.13298389642054054,0.8842587471008301,0.1491065210211003,0.8848567008972168,0.15765950157227981,0.881196916103363,0.7738187846342244,0.8111541271209717,0.7303585895560732,0.8233417868614197,0.713727212598854,0.8449308276176453,0.7159932422304067,0.8667228817939758,0.7205358443876072,0.884618878364563,0.7652304815400549,0.860922634601593,0.7529428539054259,0.8908026814460754,0.7293798703801551,0.8941882252693176,0.7159192111054473,0.8910877704620361,0.7892882884889107,0.8615321516990662,0.7738595710128403,0.8919954895973206,0.7468196641437134,0.8936768174171448,0.7330691907145389,0.8891072869300842,0.8022532778302887,0.8599942326545715,0.785719249493728,0.8872286677360535,0.7606481703802774,0.889363706111908,0.7479876936807544,0.8861085176467896,0.80650137155171,0.8578556180000305,0.7936418111512826,0.8817110657691956,0.7718898197919878,0.886009693145752,0.7583963775035246,0.8834765553474426
0.49091573882394846,0.34169748425483704,0.5152891442124243,0.3262055218219757,0.5321220691200176,0.32698965072631836,0.5443856438780651,0.3277810513973236,0.46272880836305924,0.3260396718978882,0.44599085424893786,0.3268147110939026,0.4312188335894896,0.32755810022354126,0.566244138298384,0.3386853337287903,0.4150321387771191,0.3397377133369446,0.5259989940234674,0.3659023642539978,0.46067696212288284,0.3667071461677551,0.6881568355786511,0.46803799271583557,0.32593484116692917,0.4742492735385895,0.7432471560277545,0.6363919377326965,0.2837449909827315,0.646499514579773,0.7936224721762757,0.7993577718734741,0.24147249511895805,0.8104811906814575,0.8204806412697461,0.8413336873054504,0.20897656309252027,0.8539575338363647,0.787800454840757,0.847115695476532,0.23347436051409123,0.8600172996520996,0.7707220302591761,0.8360601663589478,0.24893278457127938,0.8453563451766968,,,,,,,,,,,,,,,,,,,,,,,,,,,,,,,,,,,,,,,,,,,0.7931669442640857,0.8122137784957886,0.7548143013487076,0.8258338570594788,0.7429305406194489,0.8473940491676331,0.7456437943040777,0.869511604309082,0.7496796554423147,0.8873312473297119,0.7883268564794186,0.8603521585464478,0.7752935584793402,0.8923872113227844,0.7530307726651878,0.8932605385780334,0.7441529568246108,0.8878377079963684,0.8108276397243175,0.8613011837005615,0.7946192679234115,0.8938870429992676,0.7698694020434483,0.8927586674690247,0.7629416854298741,0.8850280046463013,0.8233492639918205,0.8599037528038025,0.8053962921981299,0.8887189030647278,0.7828267095797293,0.887653648853302,0.7766692693689777,0.8806878924369812,0.8279230740002516,0.858182966709137,0.8142377377166348,0.882042407989502,0.7960116427819073,0.8825266361236572,0.7890661558778909,0.8754882216453552
0.44490730268755885,0.34174391627311707,0.4697949756582958,0.32620686292648315,0.4869872986277633,0.32698485255241394,0.49950419200996843,0.3277609646320343,0.41612369727333826,0.3260428309440613,0.39903759716088044,0.32681137323379517,0.3839109539780264,0.3275519907474518,0.5218265247360945,0.3386783003807068,0.36732483203899086,0.33971160650253296,0.4807381186365494,0.36590325832366943,0.4140508512388109,0.36671215295791626,0.6464156632096825,0.46808212995529175,0.2758703764199251,0.47423821687698364,0.7024225382854395,0.6378000974655151,0.23361810811607592,0.6447874307632446,0.7534232067150508,0.7999194264411926,0.1928789065700501,0.794590413570404,0.7822258750547567,0.8416369557380676,0.15840545916989626,0.8368762731552124,0.7480427312985439,0.8475344777107239,0.18675284130592867,0.8441165685653687,0.7302875225015527,0.836269199848175,0.20421107443505887,0.8304784893989563,0.1775677236779844,0.7883498072624207,0.20516898644069428,0.7954327464103699,0.21864216794969718,0.8137712478637695,0.22130808277709993,0.831413209438324,0.22087701354913555,0.8443836569786072,0.15910732784489323,0.8263198733329773,0.16437748540558247,0.8528316020965576,0.18683399994609656,0.8571970462799072,0.20184829542458596,0.8535470366477966,0.1507214939713471,0.828510046005249,0.1569867715440819,0.8525924682617188,0.18076152268361706,0.8566144108772278,0.19752397668339144,0.8543812036514282,0.14970780525781033,0.830451488494873,0.15851304114288958,0.8527866005897522,0.1814076323015696,0.8556267023086548,0.19783957400531443,0.8533634543418884,0.15461493764400347,0.8322002291679382,0.165320817803393,0.8512097597122192,0.18263267237599595,0.8546426892280579,0.1961385256211778,0.852253258228302,0.7492970717954754,0.8080417513847351,0.7110768946454742,0.8260108828544617,0.7004715537671625,0.8469945192337036,0.7039234965554084,0.8674619793891907,0.7058738456428358,0.8836724162101746,0.748982886542107,0.857126772403717,0.7392932721213661,0.8852019309997559,0.7197616104794298,0.8926481008529663,0.7052768936614356,0.8941102027893066,0.7719449569268335,0.8577625751495361,0.7589794140631608,0.8875827193260193,0.735358684301204,0.8939710855484009,0.718613739951505,0.8937501311302185,0.7841815900026912,0.8568825721740723,0.7713502642551204,0.8836680054664612,0.7484375456663724,0.8900465965270996,0.7322205031457603,0.8900280594825745,0.787966710366363,0.8551837205886841,0.7780219351578304,0.8775556087493896,0.75982665519584,0.8851966261863708,0.7451424836945276,0.8859075903892517
0.38140860972734464,0.3418857455253601,0.40506453850034496,0.326215922832489,0.42251119240100166,0.32698407769203186,0.4352667324042337,0.32774925231933594,0.3519803650789726,0.32610639929771423,0.3347569184529336,0.32686448097229004,0.32011374792147446,0.327609121799469,0.45705837074827405,0.33867505192756653,0.303853256143963,0.3400142788887024,0.4177152941121384,0.3661043345928192,0.35142020269656216,0.3671189844608307,0.5821128650838236,0.4679425358772278,0.21341128540348334,0.47417116165161133,0.6361302206668573,0.6377063989639282,0.1621136137970979,0.6251960396766663,0.6884588638267128,0.7995786070823669,0.16457233859157896,0.6786059141159058,0.7182348548637135,0.8420946002006531,0.1661461080560169,0.7095192074775696,0.6839372820057419,0.8480245471000671,0.19640935881597033,0.6975306272506714,0.6661708968657274,0.8359872698783875,0.20318568561809852,0.6870763301849365,,,,,,,,,,,,,,,,,,,,,,,,,,,,,,,,,,,,,,,,,,,0.6904312428177908,0.811130940914154,0.6486566129183992,0.8236039876937866,0.6334100445796824,0.8451722264289856,0.6340436720335811,0.8674637079238892,0.6370133481578011,0.8860852718353271,0.6794920476179157,0.8608896732330322,0.6669487830054579,0.8914594650268555,0.6445748373053047,0.8952666521072388,0.6338281979243834,0.8924790024757385,0.7044831777021524,0.8615596294403076,0.6882564657972249,0.8933985233306885,0.6608345909170261,0.8938629627227783,0.6498908964209069,0.8871565461158752,0.7176062188165857,0.8596835732460022,0.7019888803467402,0.8880598545074463,0.6767509919841074,0.8891808390617371,0.6665031417727646,0.8839057087898254,0.722904561953226,0.8571569919586182,0.7124100237649909,0.8808821439743042,0.6923160261351132,0.884422779083252,0.6813823847540398,0.8803776502609253
0.5116153146800851,0.3424750864505768,0.5336838306579659,0.32630667090415955,0.5506577234063976,0.3270009160041809,0.5636309818302979,0.3277478814125061,0.4828788012452643,0.32636740803718567,0.4660157436966086,0.3271012306213379,0.4522844901468098,0.32789236307144165,0.5843253943949718,0.3386741280555725,0.4369582151367343,0.34070074558258057,0.547010592155018,0.36652570962905884,0.48325179708727534,0.367986798286438,0.7072683394597851,0.4674704074859619,0.34982040866049685,0.4741605818271637,0.7604158867217501,0.6376548409461975,0.29280901843441504,0.6263051629066467,0.8110813547489885,0.7963499426841736,0.3142340336550644,0.6165534257888794,0.8410079530194182,0.8411288261413574,0.33548313518622036,0.6193199157714844,0.807315215014048,0.8478178977966309,0.3461305985046678,0.5997745394706726,0.7900676711491065,0.835205078125,0.34890294900619473,0.5964373350143433,,,,,,,,,,,,,,,,,,,,,,,,,,,,,,,,,,,,,,,,,,,0.8079580660123175,0.8093038201332092,0.7691624630980333,0.8252468109130859,0.7566978975456756,0.8469188809394836,0.7574676225307297,0.8690029978752136,0.7567054210704984,0.8873616456985474,0.8004993118986594,0.8613548874855042,0.7886183666855116,0.8911424279212952,0.7667897485559583,0.8943904042243958,0.7549354092624111,0.8907748460769653,0.8246520152416603,0.8614621758460999,0.8105877431249316,0.8923198580741882,0.7856848075657358,0.8938428163528442,0.7733633941720522,0.8882139921188354,0.8389640165121002,0.859130859375,0.8259610401651498,0.8863881230354309,0.8019009445731498,0.8884555101394653,0.7900393553375006,0.8843557834625244,0.8452494427318001,0.8559360504150391,0.8349755224208054,0.8792632222175598,0.8151757937489246,0.8834260106086731,0.8035789641913582,0.8803369998931885
0.4171804591514674,0.3432956337928772,0.4410382508333033,0.3265005052089691,0.4598820016567788,0.32708582282066345,0.47478696109526225,0.3278251588344574,0.38512866261491496,0.32669442892074585,0.3661356180641639,0.3274008631706238,0.35151574652007295,0.3282589912414551,0.49729236303771224,0.33890247344970703,0.3343590604471277,0.3415491282939911,0.45650490605517646,0.36720412969589233,0.3854304443315882,0.36895987391471863,0.6345804561275964,0.4671805500984192,0.23923697660702203,0.47369131445884705,0.6954814211540506,0.637516438961029,0.1601543476357462,0.6230889558792114,0.752918437070727,0.7911574244499207,0.2125535558627969,0.576642632484436,0.7852641437494376,0.836077094078064,0.2611671451789937,0.5795125365257263,0.7478233608244848,0.8431947827339172,0.255263996669734,0.560375988483429,0.7287629705806605,0.829614520072937,0.24908503883700764,0.5554027557373047,,,,,,,,,,,,,,,,,,,,,,,,,,,,,,,,,,,,,,,,,,,0.7504507174737269,0.8081307411193848,0.7061421949325167,0.8204706907272339,0.6898179183578044,0.8427526354789734,0.6894031966589589,0.8662958741188049,0.6894655608241989,0.8857402801513672,0.7365124786503224,0.8598159551620483,0.7236459147688641,0.891621470451355,0.6994716629753656,0.8929952383041382,0.6893069124721373,0.8874610066413879,0.7646323286492873,0.8606317639350891,0.7474922223178326,0.8929294347763062,0.7201072047146584,0.8918847441673279,0.7112680729920787,0.8841447234153748,0.7820232606111825,0.8583545684814453,0.7647815463227029,0.8870150446891785,0.7398137485534563,0.8862624168395996,0.7318058094673489,0.8800731897354126,0.7909910754649646,0.8549571633338928,0.7775834644231198,0.8792545795440674,0.756833841893754,0.8810297846794128,0.7480249035536137,0.8755609393119812
0.516482434954819,0.34401240944862366,0.5379842295323696,0.3266561031341553,0.5550462295629706,0.3271369934082031,0.568824759700973,0.32785987854003906,0.4876258892744388,0.32701778411865234,0.47036632125723205,0.32773470878601074,0.45799571506736897,0.3287018835544586,0.5892353337609109,0.33899548649787903,0.44229980829547544,0.34231045842170715,0.5525032722345947,0.36780649423599243,0.4878931750767641,0.3699468970298767,0.7131937468121274,0.4671996533870697,0.3584966356978119,0.47404590249061584,0.7686332855216289,0.6377528309822083,0.27533361960267466,0.6187887787818909,0.8199952889227243,0.7941509485244751,0.34935399855117055,0.5441563725471497,0.8476468100039495,0.8379873037338257,0.39020699814371823,0.517463207244873,0.8127520179742465,0.8448746800422668,0.39041539973208034,0.5119767189025879,0.7969143174683231,0.831224799156189,0.3844275962729547,0.5157584547996521,,,,,,,,,,,,,,,,,,,,,,,,,,,,,,,,,,,,,,,,,,,0.8148723964833213,0.8076130747795105,0.7741903422408863,0.8224554657936096,0.7577280521270742,0.8446805477142334,0.758858027548131,0.8673098087310791,0.7600817802664108,0.8864767551422119,0.8017081008070494,0.8608137369155884,0.7924020027228651,0.8914191722869873,0.7706043175333043,0.896263062953949,0.7565636962537555,0.8932855725288391,0.8272762211618508,0.8611301779747009,0.8141056372120041,0.8926440477371216,0.7888383970775928,0.8949452638626099,0.7752160826923623,0.8897281289100647,0.8426705983807568,0.8587310314178467,0.8290742572994217,0.8866115212440491,0.8050365113504672,0.8892245888710022,0.7918942246317067,0.8852275013923645,0.8503262297039768,0.8552836775779724,0.8394358967837621,0.8792433142662048,0.8185439963921594,0.8842154741287231,0.8056314367112752,0.8815476894378662
0.4275096802351485,0.34421437978744507,0.44906799370334644,0.32669734954833984,0.4661536866018508,0.3271426558494568,0.4800229563354465,0.32786163687705994,0.3985206855111329,0.32713279128074646,0.3811752287763059,0.32784491777420044,0.36916846574914347,0.32885345816612244,0.5005595434405928,0.33901768922805786,0.3532425500209154,0.3425196707248688,0.4637477949651731,0.36795058846473694,0.39856706702769734,0.3703656494617462,0.6247828482221447,0.4667746126651764,0.27049806118774516,0.47387075424194336,0.6807684490455813,0.6374226808547974,0.1817482597019474,0.6190418004989624,0.7320811035302865,0.7941610217094421,0.25559828097189585,0.5210819244384766,0.7596276911942164,0.8378283381462097,0.29200807909005844,0.5024591088294983,0.7245238899426181,0.8448302149772644,0.294700394535734,0.4905089735984802,0.7089025814919304,0.8308829069137573,0.28966029252203185,0.49742770195007324,,,,,,,,,,,,,,,,,,,,,,,,,,,,,,,,,,,,,,,,,,,0.725526715068632,0.8091073632240295,0.6834676687405907,0.8240378499031067,0.6707077273059012,0.845971405506134,0.6701559342304285,0.8689019083976746,0.6715592741767095,0.8881663680076599,0.7156111876416754,0.8624876737594604,0.7053371861205936,0.8939801454544067,0.6812740998606546,0.8953877687454224,0.6685146369382952,0.8894773721694946,0.7412041461797462,0.862454891204834,0.7261072188839088,0.8941820859909058,0.6999023797934897,0.8940643668174744,0.6887298004754444,0.8871597051620483,0.7556632165396029,0.8594079613685608,0.7404286144105146,0.8869398832321167,0.7161292797773305,0.8871903419494629,0.706018724396419,0.88136225938797,0.7621039925023184,0.8555885553359985,0.7517195229918952,0.8791146278381348,0.7316311652222139,0.8815068006515503,0.7210765503989994,0.8762181997299194
0.37819795384474036,0.3442009389400482,0.40013445863726177,0.3266649544239044,0.4173534237755692,0.32708269357681274,0.43141267746742956,0.3277896046638489,0.3495291168843038,0.32712382078170776,0.3322237137961098,0.3278363347053528,0.3205963933599221,0.3288406729698181,0.4520830522739096,0.33901411294937134,0.30486287786968574,0.34250518679618835,0.4144640143429602,0.3679508864879608,0.3489692323822156,0.37035900354385376,0.575863152004067,0.4660395681858063,0.2224500085456634,0.47283807396888733,0.6325455627927953,0.6360751390457153,0.1282309881196892,0.6182944178581238,0.6836423689572285,0.7933032512664795,0.20415068847034054,0.5251220464706421,0.7109782597034839,0.8370135426521301,0.23724301225665592,0.5074259042739868,0.6758055556657327,0.8445494771003723,0.2425322776954732,0.4937308728694916,0.6604675117117126,0.8298426866531372,0.23861571378533283,0.49988168478012085,,,,,,,,,,,,,,,,,,,,,,,,,,,,,,,,,,,,,,,,,,,0.6737442170155746,0.8069958090782166,0.6332107903471141,0.823003351688385,0.6219638924396812,0.8455236554145813,0.6216690547424762,0.8689080476760864,0.6216299477979164,0.8881925344467163,0.6681304253614311,0.860008180141449,0.6546933338102469,0.8926469087600708,0.631391737304613,0.8934735059738159,0.6221422965462771,0.8878446221351624,0.6930401158072372,0.8596868515014648,0.6772057617295887,0.8931825757026672,0.651500009501329,0.8923816680908203,0.6443636404890959,0.8848057985305786,0.7076790804713335,0.856468141078949,0.6924889331121845,0.885845959186554,0.6687156645404896,0.885090708732605,0.662481962978079,0.8782572746276855,0.7143266468013022,0.8526313304901123,0.7042370551048659,0.8777173161506653,0.6849254589358059,0.8788400888442993,0.6778340663222899,0.8717862963676453
0.3803662296638747,0.34415411949157715,0.40223748569632706,0.32661885023117065,0.4195222417022758,0.32701772451400757,0.43353644716973977,0.32772618532180786,0.3517553676875226,0.3271135687828064,0.3345608659081318,0.32782262563705444,0.3230850393003061,0.32883575558662415,0.45444154412407484,0.33900898694992065,0.30764183692874636,0.3425106406211853,0.4167956319208339,0.36791345477104187,0.3510650062025847,0.3703511953353882,0.5778703394953463,0.46600598096847534,0.22576679507421368,0.4714125990867615,0.6345406043404349,0.635818362236023,0.1266434152874338,0.6175172924995422,0.6847112040859182,0.793319821357727,0.20661384801985597,0.5160061120986938,0.711841291196312,0.8372460603713989,0.24896757444933876,0.5013129711151123,0.6764711598976394,0.8453344106674194,0.2560632644450221,0.4862244129180908,0.6616053056146265,0.8301445841789246,0.24792180930633428,0.4909614026546478,,,,,,,,,,,,,,,,,,,,,,,,,,,,,,,,,,,,,,,,,,,0.6773359403119261,0.8059844970703125,0.6359897068788675,0.8214079141616821,0.6222425559453197,0.8444439172744751,0.6225193401093889,0.8674910664558411,0.6243568794208477,0.8865461349487305,0.6684987825976222,0.8604695796966553,0.658402828467526,0.8928353190422058,0.6339509751452965,0.8943892121315002,0.6227142048699331,0.8885833621025085,0.6936373572984037,0.860294759273529,0.6794736012919467,0.8931872844696045,0.6520340711190684,0.8933236598968506,0.6416198968475388,0.8861822485923767,0.7080041427900088,0.857793927192688,0.6929189976120119,0.8870811462402344,0.6672201186852941,0.8879149556159973,0.6574504133424918,0.8820682764053345,0.7142478437732847,0.854967474937439,0.7023320405683713,0.8803462982177734,0.6810716420150271,0.8835096955299377,0.6704843075425251,0.8784433603286743
0.4871427794291777,0.3438452482223511,0.508914375933292,0.32646098732948303,0.5261150350377536,0.3268662393093109,0.539952544821778,0.3275921940803528,0.45876978473951285,0.32700276374816895,0.44173710220842666,0.32770633697509766,0.43023909223619605,0.328739196062088,0.5609534710286005,0.33900946378707886,0.4148059064402341,0.3425111174583435,0.5233325342065628,0.36777108907699585,0.45783387661732455,0.37017005681991577,0.6835439103514177,0.466134250164032,0.3335862239710676,0.47085365653038025,0.739992018569025,0.6356852054595947,0.23144737200893156,0.6169829368591309,0.7890177802915899,0.793805718421936,0.3153665813738897,0.5112285614013672,0.8157648036775007,0.8378428220748901,0.35919514521128265,0.4948415756225586,0.7793981460354015,0.8461176753044128,0.365480911087562,0.4809568524360657,0.7653460671421499,0.8307336568832397,0.3579730885906089,0.4857552945613861,0.30238998534012385,0.5054860711097717,0.3063154572031952,0.48951566219329834,0.3257568183039507,0.4758152961730957,0.3483115616262054,0.4708477854728699,0.3646772743733939,0.47323426604270935,0.3191816580050627,0.4644891917705536,0.33663215183188155,0.4423035681247711,0.3642020846064418,0.4433043301105499,0.37740778878456993,0.4518570303916931,0.324036715200624,0.47263234853744507,0.36634547650245913,0.46856552362442017,0.37553120508913745,0.4778811037540436,0.36689305713970044,0.4836713671684265,0.33100196119335906,0.48406004905700684,0.3708141672922312,0.4843035042285919,0.3738556320073758,0.49186015129089355,0.36283487431638384,0.4958985447883606,0.33729404985933664,0.49607113003730774,0.36950250964107334,0.49618470668792725,0.370646968388177,0.5014300346374512,0.3609784762115925,0.5047396421432495,0.7796407788636104,0.8068250417709351,0.7379740681156853,0.8237037658691406,0.723625190035419,0.8457738161087036,0.7256918969740258,0.8681838512420654,0.7268169477998095,0.8863304853439331,0.773067241526784,0.8609821200370789,0.7599324066920123,0.8929319977760315,0.7362332384343636,0.8937618732452393,0.7251795819499147,0.8881420493125916,0.7990195544898655,0.8607016801834106,0.7826181703890315,0.8936683535575867,0.7560196480317568,0.8935595154762268,0.746002726187573,0.8866814970970154,0.8139821827230929,0.857865571975708,0.798547137283102,0.8872689604759216,0.7734211148796316,0.888511598110199,0.7629396201453152,0.8829401135444641,0.8212366878915982,0.8542617559432983,0.8105865403497141,0.8795253038406372,0.7900775745178135,0.883293867111206,0.7792703377730505,0.8790531158447266
0.4238939245103852,0.3434743881225586,0.44869585957944713,0.32627975940704346,0.46832681683888017,0.32671216130256653,0.4840206267439277,0.3274773359298706,0.3915984142718881,0.3268434405326843,0.3722183787906585,0.32754024863243103,0.35903374811767175,0.32860761880874634,0.5081391864308706,0.3390496075153351,0.3413977905423386,0.3425503969192505,0.4651111707905103,0.3675708472728729,0.39044307156290714,0.36994320154190063,0.6479178441297602,0.4667789340019226,0.24872538874159414,0.4707755148410797,0.7122770250654861,0.6360493898391724,0.12897797195307872,0.6169483065605164,0.7670016423976299,0.7945657968521118,0.226796004955806,0.5112254023551941,0.7982716847882256,0.8386865854263306,0.27468216536998014,0.4932161867618561,0.7564676308098655,0.8467242121696472,0.28190928312184854,0.4793854355812073,0.7405079417368552,0.8318193554878235,0.27435637954303327,0.4842519760131836,0.20949254090282723,0.504982590675354,0.23714910151743604,0.49344170093536377,0.259181028233017,0.4802800416946411,0.27308519416336535,0.4722352921962738,0.282931898271703,0.47032082080841064,0.2404053406880134,0.45891499519348145,0.25388287406046084,0.4383904039859772,0.2831276164877022,0.4360496401786804,0.30192227061972005,0.4434235394001007,0.2318116649217751,0.46533203125,0.29055002840586014,0.46309950947761536,0.3096627583701036,0.47537529468536377,0.3078179493831739,0.4847163259983063,0.22767849095160153,0.4751644730567932,0.2857943880118656,0.474656343460083,0.2974233344999699,0.4857540428638458,0.29264005377489954,0.49303120374679565,0.22690201738322333,0.48685044050216675,0.2699436797142404,0.4868299961090088,0.27763100705102084,0.49309688806533813,0.2724867058231275,0.4974028468132019,0.7603564750473223,0.8072171211242676,0.7127628318328727,0.8238160610198975,0.696331136883027,0.8469592332839966,0.697769744798067,0.8705682754516602,0.7019569658312367,0.8896384239196777,0.7520432503390698,0.8613740801811218,0.7342078737502713,0.8931117057800293,0.706752582547861,0.894591748714447,0.6945868276772889,0.8892773985862732,0.7813864879488753,0.8609732985496521,0.7602650345099281,0.8937033414840698,0.7296782518515305,0.8938202857971191,0.7184282901539497,0.8867671489715576,0.7982070750324615,0.8578261137008667,0.7784134368844099,0.887225329875946,0.7488896311982325,0.8882975578308105,0.7368958092099445,0.882372260093689,0.805811365726094,0.854193925857544,0.7904487386442982,0.8793823719024658,0.7661138365054767,0.8824788928031921,0.7537546378673481,0.8775656819343567
0.42174242767729264,0.3433980345726013,0.4453973508043753,0.3262123167514801,0.4640562066933413,0.32663220167160034,0.47901724529516815,0.3274121582508087,0.39126027645893585,0.32681623101234436,0.3728659672618013,0.32751330733299255,0.3602736254858223,0.32860055565834045,0.5023057233515482,0.3390763998031616,0.3435284842879392,0.34268954396247864,0.46096067636604277,0.36752206087112427,0.3899637150257637,0.3698953092098236,0.6352511727676952,0.4668703079223633,0.25519650172511604,0.4702470898628235,0.6966644006992192,0.6359462141990662,0.14015550780796404,0.6167047619819641,0.7474134640679203,0.7944921255111694,0.23322392964285368,0.5101590156555176,0.7777024635320913,0.8385170698165894,0.2752029416505073,0.4909185767173767,0.7381171457551887,0.8465307354927063,0.28279899594691676,0.47589874267578125,0.7227003174666029,0.8316170573234558,0.2769910452996244,0.48131734132766724,0.2204915877166533,0.5013521909713745,0.26172207243974643,0.4917885959148407,0.28568335142780116,0.47868821024894714,0.298831435803243,0.4697472155094147,0.3081791070814072,0.46625465154647827,0.2534326613427258,0.4545711874961853,0.2634538309838321,0.43351900577545166,0.2907508503104724,0.4318044185638428,0.30814977826126383,0.439753919839859,0.24041022471615853,0.46027156710624695,0.3012967819200014,0.4564356505870819,0.3143885578973207,0.4707346260547638,0.3069580150527592,0.47946295142173767,0.2351721855351317,0.4692820906639099,0.29608271235043093,0.4670083522796631,0.30652296476948093,0.47916218638420105,0.3001767440113218,0.4865977466106415,0.23407384140956192,0.4800848364830017,0.28291983509073654,0.47963085770606995,0.2931946127648474,0.4873911738395691,0.2898750234661406,0.4923604726791382,0.739302999151374,0.8062982559204102,0.6943666216212024,0.8220714926719666,0.6795853367518438,0.8456063270568848,0.6814314006099802,0.8695197701454163,0.683051863806538,0.8890056014060974,0.7321323779281333,0.8609001636505127,0.7168740500718117,0.8926198482513428,0.6905612897981435,0.895226001739502,0.6779319841649876,0.8898199796676636,0.7612784710794328,0.8605214357376099,0.7430509947828635,0.8944385647773743,0.712427742207021,0.8948456048965454,0.6999280853758004,0.8878577947616577,0.7772595579703265,0.8576540946960449,0.7602032523064166,0.8886744976043701,0.7304402628455681,0.8900108933448792,0.7176237519774543,0.8843268752098083,0.7836596277637176,0.8542764782905579,0.769808936446643,0.8805156946182251,0.7447145518903705,0.8846728205680847,0.731536404556609,0.880806028842926
0.49167136113138815,0.3432644307613373,0.5143387793557728,0.3261072635650635,0.5322182619486733,0.32651713490486145,0.5465409259337234,0.32731950283050537,0.4625027643948767,0.32673773169517517,0.44487852283068136,0.32743221521377563,0.43274777552410404,0.328548401594162,0.5690975260134341,0.3390901982784271,0.4167118686584112,0.3427110016345978,0.5292380428990447,0.36745932698249817,0.4611486413441608,0.36982399225234985,0.6962593391963419,0.4668777883052826,0.3317449975250552,0.4697697162628174,0.7551666860354458,0.63592129945755,0.22068994648374984,0.6163522005081177,0.8028003120968711,0.7942100763320923,0.31005634375327956,0.5093600749969482,0.8328526007581863,0.8381567001342773,0.34857822438588243,0.4893549978733063,0.7946740943386416,0.8462539911270142,0.35620952957810187,0.4751552939414978,0.7795974724487602,0.8312572240829468,0.3515061693965103,0.48069244623184204,0.3017406502162196,0.5021278262138367,0.34274512500022863,0.4916015863418579,0.36681369177537354,0.47915592789649963,0.38493837624528454,0.4717186987400055,0.40053446259146125,0.46935930848121643,0.332961108658787,0.45467135310173035,0.3412740194134473,0.4325936436653137,0.3671031363700287,0.4316922128200531,0.3833089690875673,0.4401640295982361,0.3194154045647322,0.46036893129348755,0.37663874535093633,0.4572228491306305,0.3896834429377768,0.47143667936325073,0.3834741043266744,0.48021095991134644,0.3126482765954256,0.469149112701416,0.36999067819822146,0.4680836498737335,0.380505685683424,0.47974470257759094,0.37539829367748123,0.4865960478782654,0.3106043053103509,0.47958770394325256,0.3565515652376006,0.47920048236846924,0.36809095367170985,0.48641112446784973,0.36655760534442033,0.4910765588283539,0.7987138489806556,0.8046350479125977,0.7551132143432605,0.82192462682724,0.7402978217480077,0.8444567918777466,0.7425791397142053,0.8683480024337769,0.7415406335027385,0.8876233696937561,0.7900830669807516,0.8605236411094666,0.7755843479775578,0.8915275931358337,0.7524017979833988,0.8947553634643555,0.7410148637546768,0.8904146552085876,0.817830014161989,0.8595834970474243,0.8028256741643107,0.8919064402580261,0.7774512779418662,0.8942265510559082,0.7658968836178552,0.8891781568527222,0.8343855263843519,0.8561403751373291,0.8199960756217107,0.8852075934410095,0.7958437787989213,0.8886887431144714,0.7843045312651867,0.8855272531509399,0.8421546321429935,0.8520045280456543,0.8300274777959701,0.8769859075546265,0.8087475055609096,0.8827658295631409,0.7965437718602559,0.880856990814209
0.5150639861355686,0.3432532548904419,0.5380119953029291,0.3260602056980133,0.5560399317659461,0.3264581859111786,0.5704556638510753,0.3272738456726074,0.4858075233331968,0.3267248272895813,0.4680691553501454,0.32741668820381165,0.45582907404736994,0.3285459876060486,0.5933704455944749,0.3391135632991791,0.43977827580817175,0.34275543689727783,0.5529008986850379,0.36742085218429565,0.48426631755194,0.36981743574142456,0.7212844550440266,0.4668969213962555,0.35430175715127155,0.4692308306694031,0.7802549677159222,0.6358534097671509,0.24091539159671693,0.615957498550415,0.828350243923738,0.7939279675483704,0.33514600524035565,0.5078083276748657,0.8584315704260588,0.8379735946655273,0.3769523879740601,0.489316463470459,0.8201251075168363,0.84624844789505,0.38275834782043416,0.4752015173435211,0.8051900194353975,0.8310490846633911,0.37711685662278893,0.48084092140197754,0.32680812278804866,0.4975302517414093,0.3720117256266641,0.4878779351711273,0.3915818263543215,0.4743632376194,0.40446725096925795,0.46456143260002136,0.41254815337663764,0.4585455060005188,0.35806327194067544,0.4481411576271057,0.3647228854878875,0.42742425203323364,0.38976755930692564,0.42522329092025757,0.4066409847848447,0.43335726857185364,0.34386838152697774,0.45348694920539856,0.4015172166118188,0.4494524896144867,0.41699998919845704,0.4627383351325989,0.4121649730195517,0.4715171456336975,0.33754420166460036,0.4620194137096405,0.39513783520642964,0.4591241180896759,0.4071328642574945,0.47091034054756165,0.40135594290770155,0.4783309996128082,0.3363039241663728,0.47221168875694275,0.384834280831521,0.47197988629341125,0.3947590922724154,0.48035237193107605,0.390327562098572,0.4860067367553711,0.8243206377820353,0.8062030673027039,0.7783424738714115,0.8197407722473145,0.764180278390906,0.8429155349731445,0.7662412306617028,0.8667544722557068,0.7670997477782274,0.8855992555618286,0.8125862452125088,0.8592124581336975,0.7981329547785009,0.893582820892334,0.7710837017113686,0.8963963389396667,0.7605105650100091,0.8906564712524414,0.8409257589113481,0.8595666289329529,0.8249545857917482,0.8964906334877014,0.792884938759468,0.8973414897918701,0.7817765423375098,0.8898038268089294,0.8567251860083817,0.8575817346572876,0.843002685905203,0.8912432193756104,0.8122835774596355,0.8932551741600037,0.8000548914593081,0.8875445127487183,0.8636364191934505,0.8548226952552795,0.8515267271302133,0.882858157157898,0.826500867984999,0.8878864645957947,0.8138645780509991,0.8842475414276123
0.47179444610775295,0.3436647355556488,0.49545993663833127,0.32615429162979126,0.5138696359743651,0.3264983296394348,0.5285819647491479,0.3273080587387085,0.44237607353188535,0.32703012228012085,0.42437265801282414,0.32773515582084656,0.41193689841765857,0.32892459630966187,0.5520015105331253,0.33923277258872986,0.39583598778157797,0.3429984450340271,0.5106938098684187,0.36746785044670105,0.4405165882102503,0.36999332904815674,0.6823764992334564,0.4672408699989319,0.3090649546190493,0.4691244065761566,0.7421563516452517,0.6363370418548584,0.1929102426578758,0.6152850985527039,0.7909163334502803,0.7956674695014954,0.28961155232325153,0.5056529641151428,0.8210001908273485,0.841375470161438,0.3337797106723195,0.48617663979530334,0.7815026709492336,0.8493126630783081,0.3404148729908461,0.4733043313026428,0.7668398995532637,0.834531307220459,0.33412650396239363,0.4791164994239807,0.2783206693161696,0.4938091039657593,0.3235072462480561,0.4841861426830292,0.34399871669961274,0.4709252715110779,0.358387224846803,0.4611629843711853,0.3685864006984635,0.4558752775192261,0.31029633989682437,0.4449371099472046,0.3187112695085313,0.4245666563510895,0.3440398218724181,0.42179790139198303,0.3613915867565217,0.4291192293167114,0.29811656655796076,0.44992631673812866,0.3565438854058745,0.44614627957344055,0.3734356191117274,0.4587847888469696,0.3705636389755867,0.4671250879764557,0.2929394097757162,0.45834168791770935,0.3496538926882777,0.45615389943122864,0.3613270032336957,0.4673102796077728,0.35630220288281583,0.47385090589523315,0.29204318697462045,0.46867528557777405,0.33811692045244085,0.4688301980495453,0.3463898241067922,0.4763317108154297,0.3413526344112091,0.48096543550491333,0.7848013430065958,0.8051774501800537,0.7414875437545099,0.8218465447425842,0.7303559162016449,0.845895528793335,0.731702778840983,0.8691598176956177,0.7279924771269513,0.8880912065505981,0.7815124234946269,0.8639068007469177,0.7643958394366531,0.895631730556488,0.7358316453550751,0.898131787776947,0.7191992209950655,0.8929085731506348,0.8086164086870749,0.8633815050125122,0.7881137408685852,0.8954421281814575,0.7571807618726166,0.8959279656410217,0.7413453010739233,0.8899207711219788,0.8226294438366273,0.8603295087814331,0.8028715092807925,0.8888975977897644,0.7745433267977296,0.890742301940918,0.7592196940294864,0.8866550326347351,0.8272538841388474,0.8566620945930481,0.8144539933951309,0.8813191652297974,0.7904464774855595,0.8862133026123047,0.7748039726034973,0.8840324878692627
0.39158983488311544,0.3439893126487732,0.41524613936511423,0.32634812593460083,0.43370044942958913,0.32664918899536133,0.44839549400509326,0.3274714946746826,0.36214361572797693,0.32730305194854736,0.34410486274041174,0.32798150181770325,0.33163656116659435,0.3291974663734436,0.4718461329507232,0.33951786160469055,0.3156779052239795,0.343348890542984,0.4305075768587428,0.36766722798347473,0.36014493247280105,0.3702643811702728,0.6029950795507756,0.46774840354919434,0.22935172873676288,0.46966075897216797,0.6624877549322464,0.6380281448364258,0.11293430760292987,0.6154735684394836,0.7103055339334157,0.7979576587677002,0.20899087675593842,0.5045767426490784,0.7386991529724913,0.8438898324966431,0.25168670258099457,0.48113617300987244,0.6987660864047794,0.8513900637626648,0.25871927919885407,0.46875065565109253,0.6849291373943465,0.8371580839157104,0.2529945966926765,0.4753900170326233,0.19838580958563143,0.49433648586273193,0.24277304843089859,0.48520731925964355,0.2655615411502001,0.4727436602115631,0.28154475848458366,0.46409478783607483,0.2957055927891192,0.46002382040023804,0.23107185691352697,0.4452430307865143,0.2364203166893185,0.4241216480731964,0.2615690146788145,0.42161616683006287,0.27889888255630324,0.4288748502731323,0.21834129024319143,0.4502096176147461,0.2774962826075368,0.44675102829933167,0.2939788185887,0.4594708979129791,0.29101162186457524,0.4678153693675995,0.21339231428057864,0.4589298367500305,0.2714746600988147,0.4572548568248749,0.2850091066738614,0.4682008922100067,0.28229994904208283,0.47509580850601196,0.21353379512110496,0.46945852041244507,0.26038027943690445,0.46950238943099976,0.2731106293890773,0.4766727089881897,0.2723654078670607,0.4816908538341522,0.7068511908993143,0.8059876561164856,0.663872800709837,0.8225119709968567,0.6508608977446688,0.8459436893463135,0.6510717645169416,0.8694056272506714,0.6470913020232777,0.8883737921714783,0.6987189140847061,0.8646522760391235,0.6819023070557951,0.8955667018890381,0.6543169745240716,0.89742511510849,0.6394526369438324,0.8922485709190369,0.7250574670266193,0.864602267742157,0.7022922353901104,0.8951731324195862,0.672170000046233,0.8954749703407288,0.6578199346659974,0.8894315958023071,0.7391252931196778,0.8619297742843628,0.717672001000554,0.8892040252685547,0.6896645737273469,0.890550971031189,0.6752539717403403,0.8858886957168579,0.7448746814963991,0.8586986064910889,0.7305420980479519,0.8827882409095764,0.7069986314893139,0.8871120810508728,0.6920133651743078,0.8841304183006287
0.43990722036250124,0.34476178884506226,0.46057245696142485,0.32713228464126587,0.47671284237083333,0.32744720578193665,0.4895428537069059,0.32826924324035645,0.41419089387353053,0.3280539810657501,0.3984288865246161,0.3287210166454315,0.38750111731383835,0.3298717141151428,0.5100465324368105,0.34032300114631653,0.37361439947835273,0.3438732326030731,0.47386684854456645,0.3682272434234619,0.4122089932091843,0.37081286311149597,0.6246590743096793,0.46803268790245056,0.2983571209512983,0.4700184464454651,0.6767395999063398,0.6381545662879944,0.1967515339957983,0.6156204342842102,0.7178264265425877,0.7998726963996887,0.28007652773337494,0.5048284530639648,0.7425654525877132,0.8455279469490051,0.31696193452250015,0.481605589389801,0.7071403155859765,0.8525689244270325,0.32312369925656326,0.46916693449020386,0.6954283642358129,0.8387252688407898,0.3184216046616153,0.4755985736846924,0.26983156854334867,0.4948112368583679,0.3087708969104949,0.4863075017929077,0.3294448126291646,0.4751010537147522,0.34445381954890825,0.46803271770477295,0.35646007195955287,0.46496346592903137,0.29899722970289905,0.4457433223724365,0.30378583145138893,0.42465129494667053,0.3256378666646106,0.42262449860572815,0.3411614349237733,0.43050417304039,0.28738254761476256,0.45059072971343994,0.34012057176295135,0.4471728503704071,0.35421268491228264,0.4604794681072235,0.3516374796220937,0.46974146366119385,0.2824682406519138,0.45916202664375305,0.3336821166913829,0.4571863114833832,0.3457271884376191,0.4687592685222626,0.3441650731250647,0.47651970386505127,0.2815491376510206,0.4698209762573242,0.3225126261055677,0.46988579630851746,0.33544296806590507,0.4768160283565521,0.33722278726212684,0.4818855822086334,0.7152728717111108,0.8073284029960632,0.6765015711022488,0.8227048516273499,0.6652387247484011,0.8456965684890747,0.6650042938339503,0.8695822954177856,0.6623624960249823,0.8889707922935486,0.7080195261964731,0.863808810710907,0.6931583483563319,0.8963574171066284,0.6698153666124738,0.8983942270278931,0.6583891634447869,0.892978310585022,0.7319843116393766,0.8636666536331177,0.7145902194925365,0.8968064188957214,0.6888453623699278,0.8969708681106567,0.6778110766895389,0.8907345533370972,0.7449822244919917,0.8606732487678528,0.7289197933581208,0.8897321820259094,0.7050381381021672,0.8910529613494873,0.6936607904885419,0.8865708112716675,0.7503837298967327,0.8568448424339294,0.7394999243725234,0.8815436363220215,0.7196770042350666,0.8861635327339172,0.7081398976972425,0.8837270736694336
0.38880073505430385,0.3451272249221802,0.41213813315169273,0.32746249437332153,0.4304181811671844,0.3277600407600403,0.44477710880371046,0.3285854458808899,0.3598584375890398,0.32851389050483704,0.342098435084228,0.32921019196510315,0.32970686352474216,0.33034345507621765,0.4679784112471345,0.3406978249549866,0.3141599008853699,0.3442401587963104,0.4270913273535838,0.3684980273246765,0.35752791070415135,0.37114638090133667,0.597538983182261,0.4683353006839752,0.23017009585172052,0.4705471098423004,0.6560664477273869,0.6392499208450317,0.11513224667548029,0.6157456040382385,0.7015172725505592,0.802906334400177,0.21011813579245112,0.5038520693778992,0.7290646696189504,0.8480466604232788,0.2540264364623323,0.4814782738685608,0.6873202008957027,0.8551040887832642,0.2615164296452956,0.46994438767433167,0.6746864680235672,0.8418523669242859,0.25596045355172153,0.47587934136390686,0.199150071402593,0.4953603744506836,0.2423597477154546,0.48648640513420105,0.2640835316944225,0.47504010796546936,0.2791147184906903,0.46790212392807007,0.29059115796652224,0.4644660949707031,0.2287778995776455,0.44598957896232605,0.2341463661035346,0.4250718951225281,0.25980891842077963,0.42329537868499756,0.27739304620204935,0.4314801096916199,0.21552606116284923,0.4511754810810089,0.27567318852212797,0.4476012587547302,0.2914011850666958,0.46153807640075684,0.2862689734799771,0.47023794054985046,0.21029169777938983,0.46005117893218994,0.2691193555356273,0.45717182755470276,0.2824697521102883,0.4695030748844147,0.2772093793351823,0.4770122766494751,0.2088629958475454,0.4708026945590973,0.25691703699141966,0.4706355035305023,0.2704778925969832,0.4778498113155365,0.268597780060733,0.4826453924179077,0.6983486099206261,0.8057623505592346,0.6565703396624066,0.8209022283554077,0.643906292150486,0.8442929983139038,0.6419741252503794,0.8681266903877258,0.6391770660217557,0.8876760601997375,0.6939079421588644,0.8614924550056458,0.6783565319491012,0.8955840468406677,0.6497899652304695,0.8986296653747559,0.6350946945306938,0.893750786781311,0.7205793457630426,0.8609802722930908,0.7022643932151224,0.8965115547180176,0.6691971699052952,0.8973032236099243,0.6538042355237044,0.8903999328613281,0.7344342747228597,0.8579198122024536,0.718286249630565,0.8894903659820557,0.6870448073370915,0.8913043141365051,0.6716151538143524,0.8863103985786438,0.7385187098865831,0.8542357087135315,0.7260053104789467,0.8806823492050171,0.7007282379826312,0.8855476975440979,0.6859826563665924,0.8825812339782715
0.4454315010050132,0.3456829786300659,0.4671172534262862,0.3278881013393402,0.4841115915474903,0.32816439867019653,0.4974253709500973,0.32896849513053894,0.4186006143090941,0.32914644479751587,0.4021146950667451,0.32995203137397766,0.3905295001914083,0.33105072379112244,0.5190354372742125,0.34106385707855225,0.3762603903790434,0.34484967589378357,0.4809988107603664,0.368925541639328,0.41637732694241003,0.3716738820075989,0.6397389640074861,0.46906986832618713,0.2990307264983147,0.47071418166160583,0.6939941957227153,0.6408829092979431,0.19150168700325018,0.6157523393630981,0.7358552175904557,0.8039939999580383,0.28141566322832456,0.5029395818710327,0.7607659909673887,0.8483872413635254,0.3240077665236326,0.481687068939209,0.7223295501665044,0.855610191822052,0.3313420798451957,0.4706072211265564,0.7107331180540349,0.842114269733429,0.3255341138332136,0.47614341974258423,0.2685849858703268,0.49669352173805237,0.3076496873790156,0.4876214861869812,0.3276307509272738,0.475811243057251,0.3412980075390959,0.4683051109313965,0.35151242473774325,0.4649774432182312,0.2956542011455493,0.44748741388320923,0.30063801496594783,0.42603203654289246,0.32454285731532884,0.424233615398407,0.341372470760448,0.4323771595954895,0.2836795699021732,0.4530341327190399,0.33876239108152056,0.44810429215431213,0.3526959702133851,0.46189069747924805,0.3479595408633909,0.470859169960022,0.2788891687632451,0.46163296699523926,0.3323740878730348,0.45765846967697144,0.3438761602442878,0.46994486451148987,0.33968040725385873,0.4778708815574646,0.2776935267323369,0.4720827639102936,0.32195624363159003,0.4714192748069763,0.33485143595100786,0.47847384214401245,0.33486145031233483,0.48317933082580566,0.7341308966031563,0.8044686913490295,0.6949892861215041,0.821194052696228,0.6821065869657219,0.845289945602417,0.6807566642791226,0.8690630793571472,0.6770804352018914,0.8884834051132202,0.7271538282703174,0.8622259497642517,0.7135204816740779,0.8940480351448059,0.6896602577662527,0.8988991379737854,0.6744792131098802,0.8967266082763672,0.7517402421024878,0.8618245720863342,0.7360690556029494,0.8946145176887512,0.7078001330610325,0.8978120684623718,0.6907375121988992,0.8934894800186157,0.7652943992276401,0.8589838147163391,0.7515565463260674,0.8881189823150635,0.7245932585361683,0.8924323916435242,0.7077012453742657,0.8901427388191223,0.7698986918892339,0.8554775714874268,0.7593046874303869,0.8801561594009399,0.7379182421252104,0.8867940306663513,0.7226527198861588,0.8860509395599365
0.44247654225853256,0.34662899374961853,0.4657033313481639,0.3284579813480377,0.48389140368493055,0.32876214385032654,0.4980801019144718,0.32954928278923035,0.41389931841472866,0.32981014251708984,0.39631136417500556,0.33071017265319824,0.3837968562353857,0.33173900842666626,0.5213724991111448,0.34162792563438416,0.36870543708876213,0.34537553787231445,0.4804909817794701,0.3698351979255676,0.41134470053865846,0.372563898563385,0.6503466612435727,0.46959394216537476,0.28599986441805786,0.4709937572479248,0.7083521418242444,0.6413598656654358,0.17136284018223405,0.616317629814148,0.7530050830710967,0.804409384727478,0.2683445002331352,0.5052917003631592,0.7792941844353922,0.8485337495803833,0.3151704582983534,0.48570242524147034,0.7385419754891631,0.8556543588638306,0.32200868141850975,0.4733240604400635,0.7261305609563001,0.8421537280082703,0.3152447576247447,0.47862139344215393,0.25651688126341526,0.49842143058776855,0.29649966998608296,0.4872474670410156,0.316323387408257,0.473855197429657,0.3299017217943669,0.46495240926742554,0.3398278008948369,0.4595099985599518,0.2826580199178074,0.44839221239089966,0.28841545811469405,0.42668989300727844,0.3144096939639816,0.4254394471645355,0.33203863118925575,0.43412771821022034,0.2688006479283506,0.45389723777770996,0.3276678664405537,0.44933050870895386,0.3449642408701449,0.46336209774017334,0.3416565253044137,0.4724723696708679,0.26290711795530647,0.4626671075820923,0.3209125632058183,0.4593871533870697,0.3358700810462017,0.47194045782089233,0.33305772965323915,0.47975677251815796,0.2612366726623407,0.47326433658599854,0.3095262179339716,0.47325241565704346,0.32453485851581393,0.4804367125034332,0.325048311730481,0.48509132862091064,0.7501512540703437,0.8050461411476135,0.7041409280779118,0.8214297294616699,0.6932610053189006,0.8448419570922852,0.694879762587848,0.8691301941871643,0.6947589334407922,0.8887192606925964,0.7442880020443834,0.8616437315940857,0.727934165622147,0.8949938416481018,0.7008520434874381,0.8982112407684326,0.6860646756974117,0.8936402797698975,0.7721962846395458,0.861362874507904,0.7512129253770763,0.8963217735290527,0.7203195269067575,0.8972392082214355,0.7056111573543966,0.8910940885543823,0.786485497174167,0.858397901058197,0.7670842931349287,0.8893338441848755,0.7376919318405779,0.8919442892074585,0.7225181934212527,0.8875031471252441,0.7912612162163057,0.8545883297920227,0.7788285329271482,0.8807579278945923,0.7548872620126897,0.8863957524299622,0.7395358835490965,0.8840569853782654
0.43818732565578233,0.34702563285827637,0.4596099236444456,0.32869023084640503,0.476380893089781,0.32900968194007874,0.48940656467445465,0.32980048656463623,0.41193890602662064,0.33008208870887756,0.39575503785411503,0.3310238718986511,0.3842023527205297,0.3320451080799103,0.510937858635676,0.3418272137641907,0.37036129881778845,0.3456113636493683,0.47319155692607867,0.37023499608039856,0.40941916825846114,0.37304699420928955,0.6293551647154735,0.46963366866111755,0.2941362977748866,0.471034437417984,0.6827932772911818,0.6412895917892456,0.1887604118439685,0.6163748502731323,0.7241169896909079,0.8046887516975403,0.27783928047544487,0.5069030523300171,0.7484902412695613,0.8483566045761108,0.3203774038293397,0.48719391226768494,0.7106554615583782,0.855582594871521,0.32661529796979794,0.4735254645347595,0.6992357534653835,0.8422149419784546,0.32065405198198366,0.4791852533817291,0.2639349072681154,0.49979108572006226,0.3027237996833941,0.48775047063827515,0.3207937900160826,0.47394588589668274,0.33150411386711975,0.46485045552253723,0.3404600899218347,0.4598509967327118,0.28877574005647194,0.44963476061820984,0.29393814865744833,0.42762619256973267,0.31818999489593897,0.4266004264354706,0.33527362778626113,0.43526116013526917,0.2763697720354402,0.4552742838859558,0.33019296869813863,0.45016229152679443,0.3450397853948064,0.4646100103855133,0.3414743364624232,0.4740316569805145,0.2706665814681218,0.4640721082687378,0.32414597510996307,0.46097055077552795,0.3360587481574233,0.47423991560935974,0.33276604680450617,0.4824393391609192,0.2689163617784128,0.47463518381118774,0.31284091136362263,0.47536978125572205,0.3262685370142809,0.4827727973461151,0.32727556749449027,0.48734691739082336,0.7214322901820989,0.8041753172874451,0.6795833656039659,0.8217054605484009,0.668055221576625,0.8450918197631836,0.670008888662339,0.8687009215354919,0.6686520742823997,0.8882378935813904,0.7143228454698111,0.862481415271759,0.7023246823745308,0.8942334651947021,0.6783837443230969,0.8979341983795166,0.6639023463236472,0.8941940069198608,0.7393337757535013,0.8622915148735046,0.7238295174476952,0.8952323198318481,0.6965164038648439,0.8967617750167847,0.6819257248068595,0.891360342502594,0.75292090234236,0.8596246242523193,0.7393386514699737,0.8893154263496399,0.7136064401961332,0.8924930691719055,0.6990764800606184,0.888892412185669,0.7583566761135556,0.8561153411865234,0.7484652125916696,0.8819129467010498,0.7271901862882377,0.8881627917289734,0.7130605549798834,0.8866792917251587
0.43222160299782186,0.34710708260536194,0.45650928839200855,0.3287401795387268,0.47551904713013743,0.3290717601776123,0.49018535589500467,0.3298792243003845,0.40262688959759396,0.3301045000553131,0.38434363577344155,0.33103033900260925,0.3712095571781483,0.33205002546310425,0.5147233055502218,0.34194621443748474,0.3556574209569719,0.34561023116111755,0.4717599022925249,0.3703139126300812,0.39953560604444616,0.3730984926223755,0.6483192991503433,0.46963921189308167,0.26944559023473424,0.4707406461238861,0.7084871486116003,0.6412807703018188,0.15028052251060026,0.6164173483848572,0.7554966316084495,0.8045754432678223,0.2508224532194893,0.5077356100082397,0.7830209970733141,0.8484798669815063,0.2998606897979377,0.48871374130249023,0.7402959529789271,0.8556758165359497,0.3067863701644123,0.4748384356498718,0.7273584187284073,0.8422026634216309,0.2995744162907158,0.48034533858299255,0.23041075899239336,0.5000823140144348,0.2737838592858397,0.4885103404521942,0.2940079012473238,0.47424638271331787,0.30605439037524956,0.4644794166088104,0.3139718682653967,0.4594826102256775,0.26056008827222676,0.45013612508773804,0.26809539047907077,0.42791658639907837,0.2956710507476938,0.4269760251045227,0.3140599071979219,0.43532857298851013,0.24794615956375582,0.45574256777763367,0.3089295082188625,0.450442373752594,0.3231380218834247,0.4643404185771942,0.31604695619337086,0.472402960062027,0.2438549580344781,0.46458834409713745,0.30428108197683684,0.4607875645160675,0.3154448668993987,0.47309792041778564,0.308209323295034,0.4799799621105194,0.2444107129820754,0.4749554395675659,0.2950136982840564,0.475784033536911,0.3053526877481907,0.4831281900405884,0.3008078064610298,0.4871227443218231,0.7525338055294702,0.8042953014373779,0.7049862415109607,0.8222305178642273,0.6943853398969769,0.8456863164901733,0.6945516438237752,0.8696030974388123,0.6916398920837818,0.8892040848731995,0.7463010459432793,0.86281818151474,0.7292759478322296,0.8949429392814636,0.7010427146351966,0.8980124592781067,0.6845744370514785,0.8939142227172852,0.7751564307285911,0.8621869087219238,0.7545839809381406,0.8949519991874695,0.7237245713698894,0.8951853513717651,0.7082951237946653,0.8889632225036621,0.7901140102021925,0.8586781024932861,0.7717617876483449,0.8874357342720032,0.7428322532111817,0.8887941241264343,0.72741375538633,0.8840962648391724,0.7955106938824246,0.8541685342788696,0.7835645897142895,0.8787058591842651,0.7594661733273804,0.882671594619751,0.7443087057932878,0.8793208003044128
0.4026741293492969,0.3471112847328186,0.42470444085550907,0.32875075936317444,0.4419215374140532,0.3290858566761017,0.45516774078018657,0.3299025893211365,0.37597138312643935,0.33010321855545044,0.35943183297248904,0.33102506399154663,0.3475284922160588,0.33204618096351624,0.4775404314034893,0.3419893980026245,0.3335775900731065,0.3455946445465088,0.4384486592740208,0.37031441926956177,0.37302789315920215,0.3730927109718323,0.5981867629932858,0.46971574425697327,0.2556311721003704,0.47037234902381897,0.6524190568052384,0.6412835717201233,0.14783969411032208,0.6164602041244507,0.6950026838244828,0.8044900894165039,0.23856156908887033,0.5063445568084717,0.7199227123012857,0.8483806848526001,0.28281455186927373,0.4882689416408539,0.6812551419821982,0.8555852770805359,0.28897820683284725,0.4746519923210144,0.6694805838969702,0.8420775532722473,0.2828722132717346,0.4800388216972351,0.22040603735955483,0.5010367035865784,0.2582409238523267,0.49044471979141235,0.275954473454076,0.47618839144706726,0.2872662780131567,0.4659644365310669,0.29417158822590445,0.46087706089019775,0.24668614378120476,0.45096680521965027,0.25376450466981065,0.42857664823532104,0.27842474111028104,0.4273696839809418,0.2951326891468074,0.43570664525032043,0.2353167110539009,0.4566321074962616,0.29013748351333196,0.451107919216156,0.30387070139915523,0.4647572636604309,0.2986756250599738,0.47331660985946655,0.23171687812574138,0.4652889370918274,0.2859722032644406,0.46056580543518066,0.29598056101976555,0.4729977548122406,0.2896353474154751,0.48038041591644287,0.23237654451043666,0.47532883286476135,0.27879759602336973,0.47609153389930725,0.2869997394265651,0.4839443564414978,0.28249979040373646,0.48836755752563477,0.6906557784663991,0.8045085668563843,0.6484786726430635,0.8224369287490845,0.6379009459269547,0.8455613255500793,0.6405268495184476,0.869108259677887,0.6381540578815035,0.8884593844413757,0.6841724433701044,0.8626737594604492,0.6705205496640055,0.8940844535827637,0.6479188086742702,0.8985542058944702,0.6339527184846755,0.8959694504737854,0.7101790320152396,0.8622546792030334,0.6943330804027065,0.8943430781364441,0.6689236445410972,0.8966690897941589,0.6546578479956567,0.8923539519309998,0.7250149951431694,0.8591348528862,0.7116053790301194,0.8876919150352478,0.6875561540503082,0.8914620280265808,0.6730712109412786,0.8890008330345154,0.731322454653399,0.8551725149154663,0.722393943750385,0.8800440430641174,0.7022954055464449,0.8862943053245544,0.6883347657718378,0.8853471279144287
0.37922242565307507,0.34711045026779175,0.40321032203792456,0.3287525773048401,0.42186228162194195,0.32909050583839417,0.4361969538101735,0.32991284132003784,0.3504497447257558,0.330100953578949,0.3325219325729828,0.3310212194919586,0.3195927742030312,0.3320426344871521,0.4605917198736731,0.3420097231864929,0.3045662652460445,0.345568984746933,0.417978201772225,0.37033531069755554,0.34698599133394387,0.37308844923973083,0.5910118020345599,0.4697297513484955,0.2201967569040669,0.47011059522628784,0.6494239387882682,0.6411548852920532,0.10324984320389481,0.6164819002151489,0.695903222566597,0.8041218519210815,0.20124158801849448,0.5063635110855103,0.7229569618572139,0.8475448489189148,0.2492382855709399,0.4885835647583008,0.680996349414484,0.8552601933479309,0.25595836365829405,0.4746313989162445,0.6682343573451168,0.8416711688041687,0.24906583010845582,0.4799450933933258,0.18397862711458043,0.5012068152427673,0.22425926501133836,0.4891200363636017,0.24291482266467526,0.47498518228530884,0.2550012052579182,0.4650067090988159,0.2623771394208325,0.4595300555229187,0.20983100704010643,0.4506828486919403,0.21879304212044678,0.42834755778312683,0.24621680685988204,0.42786622047424316,0.26422528772679843,0.4365900456905365,0.19670024884618273,0.45664992928504944,0.2572326558884914,0.4513740539550781,0.27215276993570026,0.4654369652271271,0.26621537986741894,0.47387877106666565,0.19235853055971738,0.46571311354637146,0.25242477174099043,0.46078434586524963,0.26375739479248944,0.4733146131038666,0.2566456308790135,0.48055627942085266,0.19284059988714522,0.4759945273399353,0.24461059273495994,0.47638964653015137,0.25481604861073626,0.4840550422668457,0.2500426699480094,0.48819199204444885,0.6946374937413801,0.8064283728599548,0.6478993648562058,0.8231252431869507,0.6342466347461009,0.8458433151245117,0.6366044495711752,0.8699659109115601,0.6365329199531035,0.8894962668418884,0.6850117947750562,0.8629971146583557,0.6669171761286309,0.8955223560333252,0.6422165022115865,0.8987239599227905,0.6306351086473367,0.8946118354797363,0.7145948328745154,0.8627706170082092,0.6953503432349613,0.8970155715942383,0.6676165688429571,0.8971304893493652,0.6573754561002244,0.8902710676193237,0.7312301465663342,0.8595579862594604,0.7141175129985893,0.8905959725379944,0.6876834332061782,0.8916228413581848,0.6769337693458262,0.886271595954895,0.7389939885825848,0.8555338978767395,0.726466086903145,0.8822273015975952,0.7042156981926864,0.8862873911857605,0.6926751067345197,0.8829232454299927
0.43642337615533205,0.34711259603500366,0.46209655394477095,0.3287498652935028,0.4820129784438703,0.32908666133880615,0.4973047120415975,0.3299088180065155,0.40578310420081803,0.3301008343696594,0.38664251211078193,0.33102157711982727,0.3728104956684438,0.3320450782775879,0.5233682257109032,0.3420122563838959,0.35679454940213756,0.34557032585144043,0.4778174918579081,0.37038111686706543,0.4019023290386115,0.3731251358985901,0.6625666170583262,0.46976613998413086,0.2667421837879079,0.4700623154640198,0.7248101917507628,0.6410542130470276,0.14160827054895453,0.6165142059326172,0.774776794682948,0.8041013479232788,0.24411249667960724,0.5055086016654968,0.8033487051164083,0.8475196957588196,0.2949519878870787,0.48677611351013184,0.7585615132580755,0.8551057577133179,0.30232266462599483,0.4729366898536682,0.7449235317330932,0.8414409756660461,0.2953759687763683,0.47834935784339905,0.22905716152137434,0.5018938183784485,0.2730244675165253,0.48870590329170227,0.2939120267910289,0.47380560636520386,0.30745529531003346,0.4635228216648102,0.31595123630245137,0.45792460441589355,0.25805939008904977,0.45100682973861694,0.26441814323976837,0.4289248585700989,0.29315658878836226,0.4276520609855652,0.31286422987282464,0.4366815686225891,0.24331434948689715,0.45707887411117554,0.3062175737647625,0.45188820362091064,0.32249346229564996,0.46544721722602844,0.3169208347760555,0.47309809923171997,0.23739171400968911,0.4660853147506714,0.3008392884228839,0.46211302280426025,0.3136138299286507,0.4741119146347046,0.30688989784004234,0.48066800832748413,0.23635332762298442,0.4765717685222626,0.29024552732239484,0.4763111472129822,0.30090020278925883,0.48360979557037354,0.2949015203729446,0.4875006079673767,0.7694210929775313,0.8062918186187744,0.7238549192914449,0.8226155042648315,0.7105695190295913,0.8466243743896484,0.7088107607288079,0.8708136677742004,0.7061224630238586,0.890474259853363,0.7619945332606355,0.8637137413024902,0.7444271526214727,0.8960853219032288,0.7161373840136054,0.8986832499504089,0.7015343745128744,0.8931115865707397,0.7913753065918618,0.864108145236969,0.7696350230031986,0.8971779942512512,0.7375233195920696,0.8970557451248169,0.7239490945917926,0.8899582028388977,0.8076134020984661,0.8616554737091064,0.7867153191566317,0.8914401531219482,0.7563076048871117,0.8923503160476685,0.7424279630889696,0.8864415287971497,0.813754230838837,0.8585147261619568,0.7993870436644253,0.8846571445465088,0.7732792076881859,0.888617992401123,0.7577521894697695,0.8845514059066772
0.44770580969931856,0.3472002148628235,0.47156206604106976,0.3288227617740631,0.48999867106622236,0.32916200160980225,0.5041410050099513,0.32997560501098633,0.4194831675667966,0.33016765117645264,0.401754352427866,0.3310924768447876,0.3889338846589172,0.3321020007133484,0.5282445828327244,0.34206435084342957,0.3741613107848799,0.34557995200157166,0.485971828325668,0.370509535074234,0.4155495055565956,0.37320858240127563,0.6570056450432926,0.46983152627944946,0.29085230260241396,0.47006097435951233,0.7145135377743409,0.6410287618637085,0.17452839894214672,0.6165271997451782,0.7607286933154896,0.8030679821968079,0.2687630697865896,0.5059666633605957,0.787206941020535,0.8461843729019165,0.3161537306145826,0.4869524836540222,0.7458881255726394,0.8535820841789246,0.32178432633714316,0.47287383675575256,0.7331817269326134,0.8398502469062805,0.3156633150665353,0.47836366295814514,0.25612228487472327,0.501688539981842,0.2977166282466069,0.4882912039756775,0.316659812461557,0.47378212213516235,0.3290241813372512,0.46371081471443176,0.3372429135866489,0.45807021856307983,0.28322782397762586,0.45046690106391907,0.2893971840755349,0.42858487367630005,0.3160422547732372,0.42821961641311646,0.3338075535606897,0.4372025728225708,0.2687183444569995,0.4569082260131836,0.326657646562585,0.4519071578979492,0.34201275098040207,0.4658169150352478,0.33657164287343616,0.47386467456817627,0.2626049354266873,0.46638190746307373,0.32130105121105584,0.4625749886035919,0.3334605148436398,0.4747576117515564,0.3268195316514985,0.4814377427101135,0.2615141205177166,0.47707295417785645,0.31175135851811303,0.47682061791419983,0.3221647935968017,0.48412010073661804,0.3165082294739787,0.4880525767803192,0.7597526935496764,0.8038150072097778,0.7170673221218979,0.8213485479354858,0.703174973995743,0.8446590304374695,0.7025837754770466,0.8682164549827576,0.7023738257567308,0.888060450553894,0.7545342174050149,0.8624466061592102,0.737011621915227,0.8932328820228577,0.7123542883834383,0.8970516920089722,0.6984865232025386,0.89345383644104,0.7800449201722395,0.8618790507316589,0.7609546290551188,0.8937065005302429,0.7332077308573632,0.8960167169570923,0.7186013405352104,0.890938937664032,0.7936041907048782,0.8588602542877197,0.7756062775741722,0.8875461220741272,0.749332721965313,0.8909472823143005,0.7350033515956174,0.8876610398292542,0.7977791705577366,0.8553647994995117,0.784069631443552,0.8809645175933838,0.7615944961215025,0.8870607614517212,0.7467567703376414,0.8854013085365295
0.4781437535714403,0.3472710847854614,0.5039449313345407,0.32886233925819397,0.523847766134633,0.3291938900947571,0.5390977950610997,0.3299987018108368,0.44775309323352813,0.33024415373802185,0.4286125528907679,0.33118894696235657,0.41475065346989903,0.33218812942504883,0.565119377768619,0.3420790433883667,0.3988602236031877,0.3455986976623535,0.5194632409924835,0.37055304646492004,0.44337696264491394,0.3732526898384094,0.7040533018944113,0.46990489959716797,0.3089668979174385,0.47005805373191833,0.7659765885013884,0.6409927606582642,0.1828648538274797,0.6163635849952698,0.8162160365138919,0.8026982545852661,0.28497637552121063,0.5061585903167725,0.8449355290662776,0.8458690643310547,0.3361680112248986,0.4868985712528229,0.8003101591354238,0.8532608151435852,0.3413531621190617,0.4725765585899353,0.7864413600815122,0.8394815325737,0.33518423854689655,0.4780876040458679,0.2718643895494917,0.5018800497055054,0.31672998170411476,0.48839136958122253,0.33606007029907536,0.473296582698822,0.3472472886396548,0.4627058207988739,0.35444828232112074,0.45748141407966614,0.29950236462243746,0.4506893455982208,0.30710579856676506,0.42864879965782166,0.3350951182867619,0.4275967478752136,0.3545267848126286,0.4365582764148712,0.28528498077469183,0.4568643867969513,0.3473260594502254,0.4518037438392639,0.36328318576968266,0.46551764011383057,0.35855540388365986,0.4734800457954407,0.2793474248972245,0.4658263921737671,0.3431261378232623,0.46197474002838135,0.3540794202724002,0.47418367862701416,0.3470989081979425,0.4807930886745453,0.2783719701101684,0.4762149751186371,0.332147020081509,0.4767336845397949,0.3403769790374066,0.4843308627605438,0.33347864925874615,0.4880450665950775,0.8135837498455202,0.8041027188301086,0.7651033249459532,0.822216808795929,0.7506910647960466,0.8444533348083496,0.7522726140146074,0.868128776550293,0.7504986416967452,0.8876330852508545,0.8067850047704425,0.8610835075378418,0.7889818049678269,0.892815351486206,0.762460995478375,0.8967164754867554,0.7484184789969667,0.8936159610748291,0.83552956598955,0.8604795932769775,0.8158608587373726,0.8932623267173767,0.7856617015476894,0.8957463502883911,0.7701156783636919,0.8910799026489258,0.8512830381403641,0.8573575615882874,0.8336619886500752,0.8865616321563721,0.8047564359933053,0.890392541885376,0.7886603587306273,0.8873676061630249,0.858096809082957,0.853649914264679,0.8453554100682193,0.8788809180259705,0.8213779586434778,0.8847424983978271,0.8057054421870311,0.8829413652420044
0.37987085099397383,0.34729284048080444,0.4048897238012994,0.3288634419441223,0.4241918714754792,0.3291928768157959,0.43892714363301055,0.32999613881111145,0.3504456383240547,0.3302510976791382,0.33189226101781655,0.3311956822872162,0.31844197949916003,0.3321940004825592,0.4641784664241562,0.3420815169811249,0.303094228922354,0.34559503197669983,0.41988744427948627,0.3705788254737854,0.3461073887458129,0.3732720613479614,0.5988094428220528,0.4701371192932129,0.21620790745061452,0.47007089853286743,0.6586919891569712,0.6409543752670288,0.09339451224978644,0.6160315275192261,0.7084892283037761,0.8010945320129395,0.19276550664663766,0.5059488415718079,0.7365208919970645,0.8437445759773254,0.24226844280322665,0.48598989844322205,0.693583173535548,0.8514725565910339,0.24729453790937675,0.47233766317367554,0.6795325168869836,0.8375085592269897,0.24134246691335992,0.4778691232204437,0.18041944608609897,0.5017247200012207,0.22270670556078787,0.4882022440433502,0.24170214994214903,0.4730648994445801,0.25057330414817236,0.4627405107021332,0.2548063367875632,0.45787668228149414,0.20623542816552431,0.4503163993358612,0.2137893286699129,0.42861315608024597,0.24138705602541358,0.4276728332042694,0.2605839496340879,0.4364093244075775,0.19225490376730897,0.4567488431930542,0.25222844753240514,0.4515933096408844,0.26860854186421845,0.46510860323905945,0.26437276185239467,0.47320157289505005,0.1866630726998987,0.465981125831604,0.24788407205617094,0.46179163455963135,0.25960803839391955,0.4737527370452881,0.25336882985200526,0.4803650379180908,0.18583355185842113,0.47663408517837524,0.23762909605699564,0.47700557112693787,0.24630990190540114,0.4841558039188385,0.2400034941188431,0.48759597539901733,0.7054227894020619,0.8059722185134888,0.659332275440466,0.8237839937210083,0.6454258929712857,0.8458799123764038,0.6465497910562882,0.8688282370567322,0.6446421492948058,0.8878653645515442,0.6989986158674322,0.8618685603141785,0.6811020833325955,0.8935379385948181,0.655263194107344,0.8977891206741333,0.6404474313628582,0.8953534364700317,0.7266125304442945,0.8618560433387756,0.7071028447714637,0.8953732252120972,0.6769696639268977,0.8973941206932068,0.661105221699425,0.89218670129776,0.7411109345461204,0.859271228313446,0.7240170802815583,0.8895223140716553,0.6956067989656862,0.892787516117096,0.6798949472882055,0.8891788125038147,0.7467374047821785,0.8558263182640076,0.7344438784377563,0.8814778327941895,0.7115647261091882,0.8875593543052673,0.6967762885824138,0.8861161470413208
0.40719587731387763,0.34735286235809326,0.43200066579726704,0.3288852274417877,0.451092857455796,0.3292068839073181,0.46565315912034755,0.3300047218799591,0.3781974034164019,0.33029693365097046,0.35985376829222837,0.33124610781669617,0.34654415567794483,0.3322314918041229,0.4906385362254432,0.342098206281662,0.33139412445622635,0.3456228971481323,0.4467680150138743,0.3706194758415222,0.3738142485745836,0.3733157515525818,0.6237254879818883,0.4704434871673584,0.24554583134049374,0.4700614809989929,0.6828828855625729,0.6407102346420288,0.12349194161067624,0.615755021572113,0.7326383719705027,0.7994574904441833,0.22239558839627227,0.5060703754425049,0.7604090927836862,0.8419709205627441,0.2711942963963329,0.48624786734580994,0.7182735581311552,0.8496686816215515,0.27592475680934153,0.4722828269004822,0.7039717906750816,0.8353229761123657,0.27030599560848084,0.47793978452682495,0.2071639418332259,0.5016041398048401,0.2503859073220933,0.48954030871391296,0.2699687818623199,0.47531238198280334,0.28175357476099394,0.4653114676475525,0.2896236202893917,0.4605408310890198,0.2362291318685317,0.45093822479248047,0.2427972218755126,0.4284740388393402,0.26971670642186063,0.42765432596206665,0.28828210481385996,0.43671292066574097,0.2221803572915564,0.4564055800437927,0.28247805770546125,0.4513264298439026,0.2974437571558263,0.46553587913513184,0.2916065354662404,0.47382915019989014,0.21660027530371712,0.4652518928050995,0.277830350257693,0.4611976146697998,0.28894350467750773,0.4736056923866272,0.28187214453070186,0.4803693890571594,0.21602192198567413,0.47571051120758057,0.2681919234037967,0.4763430655002594,0.2780928844986371,0.4839988350868225,0.27269038193376804,0.4878997802734375,0.7286886151417611,0.8049812912940979,0.6829811615895857,0.8233326077461243,0.6705480331534834,0.8458579182624817,0.6714596735803124,0.8690239787101746,0.6709318160849616,0.8880833983421326,0.7227257777537195,0.8615005016326904,0.7055958772514339,0.8932037949562073,0.6790245056222785,0.8958147764205933,0.665691479973927,0.891267716884613,0.7505039848661974,0.8607600331306458,0.7305439696502394,0.8943342566490173,0.6999327120204443,0.8955360054969788,0.6859807455686592,0.8892747163772583,0.7657219432447494,0.8573867082595825,0.7473409500191946,0.8878383636474609,0.7180120514214867,0.8901474475860596,0.7038352024105032,0.8852202892303467,0.7717862126487219,0.8532590866088867,0.7580168531836489,0.8797251582145691,0.7339304191546181,0.88478022813797,0.7196821567199726,0.8816950917243958
0.45464426002437053,0.3473958969116211,0.48229881839886235,0.3289320766925812,0.5035708930751859,0.32926326990127563,0.5197212407239407,0.3300608992576599,0.4224959445964247,0.3303277790546417,0.40221484931828,0.33127716183662415,0.3872057383138503,0.3322537839412689,0.5477627288556239,0.34216761589050293,0.3703525982155159,0.34564340114593506,0.498651427567491,0.37068256735801697,0.4174813284120748,0.37334340810775757,0.6954529068967046,0.4705522656440735,0.27473894473737565,0.4698396623134613,0.7607010445191467,0.6403446793556213,0.1394692568037891,0.6157622337341309,0.8167486709386765,0.7990385293960571,0.2492087242069345,0.5061884522438049,0.8475476101683443,0.8416991233825684,0.3032668810087836,0.4862689971923828,0.801754050921039,0.8491414785385132,0.3076478124636642,0.4717075228691101,0.7858522543105307,0.8344129323959351,0.3023439480190064,0.4777103364467621,0.23318422363502544,0.5015074014663696,0.2792111081795252,0.4893203675746918,0.3010112670703002,0.4753628671169281,0.3154648222148949,0.46597570180892944,0.32548482933566514,0.4606389105319977,0.264471202971981,0.4503580331802368,0.27225710812621,0.42808467149734497,0.3032888419972179,0.4271416664123535,0.324186477738768,0.43583306670188904,0.24836367516870503,0.45613452792167664,0.3161116100619989,0.4513496160507202,0.3343160857033043,0.46515953540802,0.32815255877458155,0.47331318259239197,0.24201556164202684,0.4651666581630707,0.309864198688606,0.46115362644195557,0.3241715377354837,0.4734460413455963,0.3165863429532465,0.4802572429180145,0.2412863996784536,0.4756573736667633,0.2999614256919685,0.47625842690467834,0.31169112433612783,0.4838603734970093,0.305159526342884,0.4879007339477539,0.8177123419701963,0.8047717213630676,0.7649905398883527,0.8224998116493225,0.751554170377206,0.8463066816329956,0.7534106494738476,0.8706074953079224,0.7509848174651577,0.8909457325935364,0.8100030553574008,0.8620884418487549,0.7935879920766821,0.8936797380447388,0.7643455889268985,0.895768940448761,0.7493063938174948,0.8912219405174255,0.8407957899955407,0.8610545992851257,0.820876928567519,0.8932614326477051,0.7893324586821551,0.8947535753250122,0.7743288583346745,0.8893668055534363,0.8576410110757409,0.8575802445411682,0.8378599568911287,0.8861189484596252,0.8080325260717526,0.8886940479278564,0.7933693618646853,0.8852777481079102,0.8644716132330765,0.8539270758628845,0.8495318548668438,0.8789865970611572,0.8242139374978281,0.8837296366691589,0.8093136925829046,0.8811633586883545
0.4668758819146081,0.34748587012290955,0.49076512872028877,0.32897406816482544,0.5091678560106604,0.32930347323417664,0.5230676234592523,0.33009272813796997,0.4391660208913297,0.3303613066673279,0.42171409730326515,0.33130890130996704,0.40868500470264624,0.3322705030441284,0.5474139745601186,0.34217697381973267,0.3941352601648759,0.34565842151641846,0.5048405808833503,0.3707759380340576,0.4347924647466152,0.37339597940444946,0.6746441544381182,0.47090649604797363,0.3113825820929435,0.4699276387691498,0.7305492284023557,0.640344500541687,0.19486564765014755,0.6165308356285095,0.7787978582544428,0.7992963194847107,0.28921876487676523,0.5061103105545044,0.8059519244111755,0.8425775766372681,0.33495532872937317,0.48510581254959106,0.7663710880880952,0.8498965501785278,0.3389617010031283,0.4707557260990143,0.7525935743772587,0.8353549838066101,0.33484279611856116,0.4767324924468994,0.27500031352750753,0.5015268921852112,0.31538522089040877,0.4893202781677246,0.33442193472056647,0.4751664400100708,0.34609183062283283,0.46545761823654175,0.35501955863315204,0.45964744687080383,0.3032285642114844,0.450227290391922,0.31000978990546,0.4281459450721741,0.336267152544614,0.42714810371398926,0.3545603410495003,0.43574368953704834,0.2888604920388372,0.45575210452079773,0.3471771451359978,0.4509637653827667,0.3641184277877391,0.4647495150566101,0.3606083965316877,0.4737676978111267,0.2832657017111225,0.4646209180355072,0.3414519649099337,0.4608801603317261,0.3551031039705061,0.4733416438102722,0.3509643693958335,0.4810846745967865,0.28273840101739256,0.47501569986343384,0.3330112794480679,0.47593817114830017,0.3444544194979374,0.4838942885398865,0.341555480823291,0.4888019859790802,0.7780748318272912,0.8064703345298767,0.7333231308427666,0.82245272397995,0.7186415523261951,0.8454012274742126,0.7199116386942334,0.8691490888595581,0.7209346111976527,0.8888545632362366,0.7708618965211957,0.863641083240509,0.7561367842622256,0.8946455121040344,0.7304742066618144,0.8973905444145203,0.716625616015573,0.8931295871734619,0.797534555565384,0.8634666800498962,0.7783876689632012,0.8949757814407349,0.7499135723876851,0.8947433233261108,0.7372908299375946,0.8882927894592285,0.8117772745105257,0.8605480790138245,0.7937590952780088,0.8885447382926941,0.7674523873531749,0.8894973397254944,0.7552904122316112,0.8842336535453796,0.8178370587436992,0.8571061491966248,0.8059666469874882,0.8815582990646362,0.7838317818232935,0.8852687478065491,0.7706683192977144,0.8814625144004822
0.4513983083561901,0.3475058674812317,0.4774500647321668,0.3290056884288788,0.49753143095766955,0.32934051752090454,0.5126662820616547,0.33012664318084717,0.4212366916581018,0.3303801119327545,0.4023140865703353,0.3313310444355011,0.3879837525848427,0.3322889506816864,0.5393189785140656,0.34219276905059814,0.37216694526735367,0.3456736207008362,0.49278304060737427,0.3707905411720276,0.4164145804627006,0.3734070062637329,0.6778723921677566,0.47109419107437134,0.28192913679674075,0.4697895646095276,0.7387631992787024,0.6403489708900452,0.15486421454039045,0.6164957284927368,0.7914799773108812,0.8000952005386353,0.2576939081197037,0.5056604146957397,0.8211535389766037,0.8438749313354492,0.3070762769692294,0.48337334394454956,0.7778774830857161,0.850971519947052,0.3108534335815268,0.46953901648521423,0.7628726801600508,0.8366812467575073,0.30700148102846564,0.4756835997104645,0.24241407268701015,0.5009037256240845,0.2855371962205763,0.4884515702724457,0.30715902093860614,0.47539153695106506,0.3218884841870554,0.466728538274765,0.333044329468992,0.4619444012641907,0.27255622247443767,0.44989922642707825,0.28181701967814204,0.42800605297088623,0.3105694547427748,0.4273154139518738,0.3304627944169838,0.4362022280693054,0.25790286064005097,0.45545294880867004,0.32236083514356256,0.4510934352874756,0.33923096743177683,0.4650091826915741,0.33440275122889024,0.4736662209033966,0.2524389557332193,0.46461814641952515,0.3157891209539195,0.4607292115688324,0.3292426760342062,0.472926527261734,0.32385775226194896,0.4803842604160309,0.25187979080234507,0.47533097863197327,0.3056907474402453,0.47561681270599365,0.31942524805367817,0.4829353094100952,0.3172627699305693,0.4874480366706848,0.7915097728191114,0.8086898922920227,0.7452855742569073,0.8252259492874146,0.7314004066662891,0.8473962545394897,0.7309706755733588,0.8706589341163635,0.7301026126222359,0.8899747133255005,0.7828809782770969,0.8636977672576904,0.7659291003226167,0.8954682350158691,0.737160769200758,0.8974379897117615,0.7224657474096318,0.8926529884338379,0.8111659003156825,0.8638601303100586,0.7898630334415565,0.8963752388954163,0.7598489736225006,0.8959134817123413,0.7480670771012655,0.8892567753791809,0.8267398895996037,0.8618103861808777,0.8062702218602693,0.8903132081031799,0.7791141502623691,0.8907392024993896,0.768121220368862,0.8853976130485535,0.8331153604354256,0.8592220544815063,0.8189977418050826,0.8840987682342529,0.7959979132276732,0.8875717520713806,0.783069273602305,0.8837043046951294
0.433673398700315,0.347504198551178,0.4551787360313308,0.3290024399757385,0.47178538730679026,0.3293381929397583,0.48416112033332576,0.3301244378089905,0.4087851017368001,0.3303690254688263,0.3933587081894388,0.3313194215297699,0.3812681108752854,0.33228087425231934,0.5062585041262785,0.3421894907951355,0.36824888905008596,0.3456628918647766,0.46778347145025856,0.3707844913005829,0.40482765513376684,0.3733908236026764,0.6204697468434116,0.4711010456085205,0.29361594755906106,0.4696921408176422,0.6706851378805145,0.6401900053024292,0.18872790729349914,0.616438627243042,0.7142566386091188,0.8001704216003418,0.2736998709833309,0.506135106086731,0.7388033495819333,0.8443601727485657,0.31447808135390865,0.4841841757297516,0.7028204017642993,0.8512295484542847,0.3174487415926032,0.4698825478553772,0.6904625768833279,0.8370653390884399,0.31429281921085916,0.4760909974575043,0.26271006994430296,0.500488817691803,0.2989509901455605,0.48773306608200073,0.316490449782003,0.4740487039089203,0.3292701461983017,0.4647875726222992,0.3391847611951527,0.4592874050140381,0.28676467141617873,0.4493579566478729,0.2942142697959037,0.4279782772064209,0.3180502017168987,0.42731723189353943,0.334912543276016,0.4359154999256134,0.2745182256918672,0.454984188079834,0.3271343225012291,0.4511273205280304,0.3420873070890374,0.4648057222366333,0.3394395322996577,0.4736369550228119,0.2696732640730035,0.46416282653808594,0.3220098987240648,0.4612089991569519,0.3341797990120266,0.47313016653060913,0.330815127875086,0.48061519861221313,0.26904568658243383,0.47480687499046326,0.3133548761249532,0.4753139317035675,0.3249690216795994,0.48236849904060364,0.3234709498354436,0.48690664768218994,0.7162824460703445,0.8095047473907471,0.6753067706610674,0.8253093957901001,0.6630480269536072,0.8479329347610474,0.6631008956028128,0.8721576929092407,0.6629150946306047,0.8916854858398438,0.7073780723541465,0.8651041984558105,0.6909219762847582,0.8965538740158081,0.6678986938223851,0.8938579559326172,0.6602554339039036,0.8862977623939514,0.7314650035755366,0.8652084469795227,0.712237487272793,0.8967490196228027,0.6886536957021758,0.8924157619476318,0.6845164386393445,0.8830456733703613,0.7449079035985362,0.8621481657028198,0.7265063807000475,0.88974529504776,0.7053211395850552,0.8867915868759155,0.701107558956704,0.8788846135139465,0.7513294793353755,0.8587359189987183,0.738211144640832,0.8824810981750488,0.7207862971360006,0.8821924924850464,0.7151147715878907,0.8750234842300415
0.45616085006782675,0.3474981188774109,0.4769131880335399,0.32900530099868774,0.4929865037812719,0.32934337854385376,0.5048624072945507,0.33013129234313965,0.43210731296188865,0.3303672671318054,0.41735997958371707,0.33131831884384155,0.40544329593887296,0.33228129148483276,0.5262324217834474,0.34219324588775635,0.39282336183586253,0.34565600752830505,0.4890306778258515,0.3707544207572937,0.4282137448782495,0.3733336925506592,0.6362423263305582,0.4710463881492615,0.32058005662240974,0.46951955556869507,0.684925469688709,0.6394436955451965,0.2193529699296884,0.6165235042572021,0.7271617368909973,0.8001761436462402,0.3013396780349735,0.5065025687217712,0.7509444890211469,0.8445268869400024,0.3407444988973071,0.48480692505836487,0.7161309410929453,0.8514708280563354,0.342979317512264,0.46994686126708984,0.7042236941727609,0.8372618556022644,0.3402078311403586,0.47634759545326233,0.29181869690504847,0.5004733800888062,0.3265841726871749,0.4882468283176422,0.34206508885277626,0.47483447194099426,0.35299425602843737,0.4653323292732239,0.36137219856459213,0.45985591411590576,0.3143278588707291,0.44942551851272583,0.32111323156568555,0.4279674291610718,0.34394740903523185,0.4270375072956085,0.36032352721741934,0.4354092478752136,0.30292639588133413,0.45490869879722595,0.3533063419939705,0.45094189047813416,0.3685810289592966,0.464309960603714,0.36689776851747213,0.4733891785144806,0.2986537349593343,0.4639727473258972,0.3485636525232525,0.46122613549232483,0.3605782268670833,0.47282958030700684,0.3580976857463758,0.48035937547683716,0.2985456415677772,0.47445717453956604,0.34070978523159445,0.4755081832408905,0.3517207271414013,0.482385516166687,0.35080426185561425,0.486926406621933,0.7239906297407246,0.8079954981803894,0.6878691150082221,0.8253193497657776,0.6770132662809726,0.8476308584213257,0.6771439097678205,0.8707577586174011,0.6755095793561312,0.8895368576049805,0.7213612150968945,0.8635758757591248,0.7085688156591123,0.8950046896934509,0.6861944640457138,0.8966575264930725,0.6739908794602402,0.8922075629234314,0.744169043270313,0.8627424240112305,0.7286941016544151,0.8949092626571655,0.7042949598271718,0.8956655263900757,0.6922221412834119,0.889829695224762,0.7564709168580869,0.8590194582939148,0.7422546749904739,0.8868908882141113,0.7189987249505831,0.8887009024620056,0.706933627363363,0.8842300772666931,0.7613058901426852,0.8547545671463013,0.7512563298769486,0.8785489797592163,0.7320848884014747,0.8821508288383484,0.7203372079164461,0.878288745880127
0.40155280247060793,0.3474966883659363,0.42814712648221614,0.3290063738822937,0.4487092760416467,0.32934582233428955,0.4637345410360355,0.3301335573196411,0.3709528664307876,0.3303605318069458,0.3522810315960134,0.3313109874725342,0.33688855814790875,0.3322724401950836,0.49131643619764037,0.3421960175037384,0.32089592276651235,0.345636785030365,0.4434767314048868,0.3707444667816162,0.36588595242132094,0.37330469489097595,0.6311429917644555,0.4710754454135895,0.22864122628589378,0.46915680170059204,0.6932197410645996,0.6391932964324951,0.0994793060208094,0.6165132522583008,0.7470629406963123,0.8001262545585632,0.20445630236897977,0.50656658411026,0.7774273053627071,0.844528317451477,0.25457904503687906,0.48525458574295044,0.7330893266416727,0.8515045046806335,0.25717607388181196,0.47020649909973145,0.7178863965228909,0.8372929692268372,0.2538127835997837,0.47669702768325806,0.190651522931121,0.4993554651737213,0.23759973718546415,0.4880909025669098,0.25866366275709085,0.4755385220050812,0.2736183227636243,0.4668672978878021,0.28502757303688775,0.4628565013408661,0.2214154876034907,0.44913557171821594,0.2290289871599815,0.42744725942611694,0.2578599302722073,0.42676496505737305,0.2781474744887229,0.43546950817108154,0.2061231974364381,0.4544188976287842,0.2709069271232002,0.45072653889656067,0.2883676148586095,0.4645535349845886,0.2839124674760666,0.4731544852256775,0.20030979294939724,0.4634215533733368,0.26580133080162677,0.4606853127479553,0.27873192905891675,0.4728018343448639,0.2728920721220818,0.47977200150489807,0.20025325425685342,0.47395047545433044,0.256161307894213,0.475400447845459,0.2676333485468254,0.48262614011764526,0.2637261224397089,0.4865529537200928,0.7461346433518368,0.808513343334198,0.7014005421256128,0.8238893747329712,0.6850372989358001,0.8461602926254272,0.6848976518817907,0.869999885559082,0.6837783655054186,0.8898751735687256,0.7405533718104785,0.8623959422111511,0.7222796131330206,0.8940808773040771,0.6954952769155791,0.8957492113113403,0.6824308144145744,0.8910099267959595,0.7691934431099355,0.8622872233390808,0.7476913915123973,0.8943996429443359,0.7187855453776376,0.8953661918640137,0.7067368256902952,0.8899914622306824,0.785123366258068,0.8592989444732666,0.7647257532807398,0.8875200152397156,0.7375191937656974,0.8893303275108337,0.7252948798252161,0.8854123950004578,0.791279324108987,0.8558689951896667,0.7761539930526737,0.8803582787513733,0.7530480712052814,0.8844735026359558,0.7400872304130717,0.8816019892692566
0.3659742807829044,0.34761467576026917,0.3900650199828641,0.3291994035243988,0.4086154456373658,0.329537034034729,0.4220375078486035,0.3302781581878662,0.3385014608097294,0.3305533528327942,0.3219359560423709,0.3315606713294983,0.3077567630512038,0.33249950408935547,0.44719617066874995,0.3422471880912781,0.29343572463011175,0.34577780961990356,0.4038009724035486,0.37077948451042175,0.3339654692239435,0.37333232164382935,0.5728332084149247,0.4711310863494873,0.21008112007045923,0.46889790892601013,0.6285534018428947,0.6388181447982788,0.09375044483031544,0.6158797740936279,0.6771700606139287,0.8000845909118652,0.18936031854859728,0.5067719221115112,0.7044269798756497,0.8445360064506531,0.2338471282688091,0.4858432710170746,0.664531808794502,0.8514552116394043,0.2361250321233705,0.4711019992828369,0.6508364389496745,0.8372282981872559,0.23389267367484456,0.4779636859893799,0.17278992134581458,0.49965718388557434,0.21603707944271214,0.4898681640625,0.2369488971303812,0.4781671166419983,0.2521411410307542,0.47080257534980774,0.26351936194549525,0.4682653844356537,0.2034072749938021,0.44987279176712036,0.2105499843315089,0.4280466139316559,0.2366674589026691,0.4270579516887665,0.25468812883364716,0.4355721175670624,0.18960465874079058,0.45557230710983276,0.2477442846768525,0.45092448592185974,0.2625361232147376,0.4649128019809723,0.25711889489718226,0.47345542907714844,0.18454785156527778,0.46477073431015015,0.24187477006288635,0.4610403776168823,0.25385359902135923,0.473422646522522,0.248187278865695,0.4806268811225891,0.1845917778919642,0.47544512152671814,0.23283024084549359,0.47623640298843384,0.2441616492486217,0.4832589626312256,0.24125343076401168,0.4872053861618042,0.6802671482243394,0.8090831637382507,0.6363862965491867,0.823209285736084,0.6219607923127057,0.8458474278450012,0.6206044965815077,0.8694105744361877,0.6200757615819216,0.8890565037727356,0.6707255616467978,0.864021897315979,0.656512297594547,0.8961472511291504,0.6308138477983884,0.8987308740615845,0.6176090589963137,0.8941189646720886,0.697451986040075,0.8639411926269531,0.6787046662577816,0.8969020843505859,0.6491725181421628,0.8977484703063965,0.6357517582338797,0.8918217420578003,0.7118196961832713,0.8606548309326172,0.6929784697987349,0.8899478316307068,0.6653526116297004,0.8918240070343018,0.6521973103399022,0.8874096274375916,0.7174169942823393,0.856556236743927,0.702815643949604,0.8816794157028198,0.679914118531499,0.8857492208480835,0.6669295245208908,0.882294774055481
0.4296904733213075,0.3475157618522644,0.4528802938299179,0.32919710874557495,0.47067205174406207,0.3295392096042633,0.48339010580473785,0.3302810490131378,0.40316277979835236,0.3305221199989319,0.38748138644818364,0.3315342664718628,0.37339437859102753,0.33248192071914673,0.5076650408021117,0.3422442078590393,0.35943407866068694,0.3457823395729065,0.4661006736742553,0.37061625719070435,0.39892680506423384,0.37318307161331177,0.6284183726398376,0.4712023138999939,0.2791244941392458,0.46888619661331177,0.6816045331075415,0.6384459137916565,0.16714304366176175,0.6145373582839966,0.728573128830581,0.8005582690238953,0.2590464034868267,0.5067466497421265,0.7546954247459761,0.8451836705207825,0.3011385396210824,0.48591795563697815,0.7163753564897198,0.8518551588058472,0.30408144979831064,0.4712727963924408,0.703108968793881,0.8377255201339722,0.30196187011238496,0.4782668948173523,0.2404375149612215,0.4998837411403656,0.2824568109771206,0.4898509085178375,0.3034531614285795,0.4772181510925293,0.31675766313983744,0.46902385354042053,0.3264373017704259,0.4663700461387634,0.27221237345670807,0.45007550716400146,0.2782771094693231,0.4282933473587036,0.3034512980767145,0.42732173204421997,0.32035013777718196,0.4361068606376648,0.2579807017365834,0.45596644282341003,0.31420544702999875,0.45195910334587097,0.3269348505974883,0.46563753485679626,0.32019144795653914,0.4731137752532959,0.2522349376841203,0.46504849195480347,0.308972985597638,0.46116364002227783,0.3181919020098401,0.47367310523986816,0.31017735460575735,0.4802887737751007,0.2511713703187404,0.4756464958190918,0.29994067540492786,0.4766833782196045,0.30882080056896005,0.4845966696739197,0.3035795983223965,0.4884643852710724,0.7286370248599858,0.8069220781326294,0.6883621988600387,0.8230343461036682,0.6755473521397607,0.8460593819618225,0.6743754054540912,0.8697205185890198,0.6735292404326619,0.8890755772590637,0.7249584972456061,0.861712634563446,0.7087550604611323,0.894321620464325,0.6838511933906558,0.8967956304550171,0.6711951042492703,0.8926755785942078,0.7498788295707438,0.8617329597473145,0.7296231106669093,0.8947821855545044,0.7015755996046638,0.8949146866798401,0.6894748570772784,0.888703465461731,0.7630892489523851,0.8590890765190125,0.7430525247113675,0.8881223797798157,0.7164355258153947,0.8890366554260254,0.7044148735390768,0.8841498494148254,0.7677235744361017,0.855944037437439,0.7531607003917662,0.8807085156440735,0.730964588493163,0.884284257888794,0.7185291202125857,0.8807223439216614
0.49344328485014566,0.34751439094543457,0.5161668630055148,0.329234778881073,0.5335724755656132,0.32958000898361206,0.5459312278750921,0.3303097188472748,0.46752552112526624,0.3305324614048004,0.45238838634698947,0.33154603838920593,0.43838872105985616,0.33249175548553467,0.5698075835965531,0.3422470688819885,0.42473083671015605,0.34582072496414185,0.5291030478304226,0.37058985233306885,0.46353611088310476,0.37316152453422546,0.6880637879484437,0.471362829208374,0.3464589265115038,0.46868038177490234,0.7395090588900989,0.638429582118988,0.2369511710224365,0.614084005355835,0.7855181077007879,0.8018967509269714,0.326067046499432,0.5061009526252747,0.8108181806611855,0.8469241261482239,0.364892565767172,0.48580455780029297,0.7729900719391184,0.8528873324394226,0.3695790898379963,0.4713810384273529,0.7601397713788569,0.8387470245361328,0.36786720305830783,0.4783174395561218,0.307418232701089,0.5007535815238953,0.3468509722751208,0.4908750355243683,0.36654229248494824,0.47766804695129395,0.3804607123180257,0.4689658582210541,0.38997630448224707,0.4652588665485382,0.3378385916568808,0.4506250023841858,0.3444250400081143,0.4288388788700104,0.36925947578831325,0.42799973487854004,0.38564239628502084,0.43666407465934753,0.3238470774226422,0.4565470516681671,0.3798710863576162,0.45239391922950745,0.39245863143228915,0.46620821952819824,0.38535187420461225,0.47365322709083557,0.3182895835290966,0.4658891260623932,0.3744799932268229,0.4619883596897125,0.38344045230081103,0.4745768904685974,0.3745768780994409,0.4809677302837372,0.31725337264627074,0.4765883982181549,0.36589663631947816,0.4776771664619446,0.3730836781047315,0.48541340231895447,0.36566893698820907,0.4890361726284027,0.7884174305885514,0.8067082166671753,0.7479831718080382,0.8219296932220459,0.734633403884629,0.8455626368522644,0.7312390536381401,0.8695793151855469,0.7320735093946421,0.8894479870796204,0.7815297908925514,0.8628415465354919,0.7673959314419081,0.8952370882034302,0.7423888987733824,0.898368239402771,0.7290207081450569,0.8938092589378357,0.8062727427010341,0.8624656796455383,0.7879194211373036,0.8956061005592346,0.7599141263779922,0.896247923374176,0.7472172379108296,0.8900260329246521,0.8195875870075693,0.8597134947776794,0.8012358558931841,0.8889424204826355,0.7751952299563801,0.8905676603317261,0.7629600356804144,0.8857448101043701,0.8243373314398694,0.8566558957099915,0.8109546942299907,0.8821403384208679,0.7889966192251324,0.8862428665161133,0.7757978777208043,0.882742166519165
0.44050059492915966,0.3475040793418884,0.466024585220245,0.3292408585548401,0.4855350329585805,0.32958555221557617,0.49929414176170117,0.330313116312027,0.4114491628628128,0.3305334448814392,0.39468932476968277,0.3315469026565552,0.37869828761242447,0.33249253034591675,0.5262506963154068,0.3422326445579529,0.36349322922304306,0.3458349406719208,0.48057655136033556,0.37051695585250854,0.40729748164699653,0.37310606241226196,0.6592254093117453,0.4715496003627777,0.2759841847660757,0.46867626905441284,0.7160481159640472,0.6385036706924438,0.1532267123932283,0.6139113903045654,0.7679140885464683,0.8023169636726379,0.2515618809735094,0.5059977173805237,0.7963416901682605,0.8479652404785156,0.2932580936499085,0.48585715889930725,0.7538826999516279,0.8536747694015503,0.3007166190711006,0.4717719554901123,0.739428930033022,0.8396414518356323,0.2989803195062055,0.47883376479148865,0.2359298679414519,0.5017967224121094,0.2802079980037322,0.4909478724002838,0.3012002754319759,0.47855931520462036,0.31619603941365687,0.4702374339103699,0.32524964923533717,0.46698224544525146,0.26539011010065117,0.45110225677490234,0.27332083999471507,0.4294207692146301,0.3004746421648447,0.4284418821334839,0.31880004258354483,0.43745043873786926,0.2495563133147137,0.4570172131061554,0.31214932144405455,0.4533551037311554,0.3254852681128638,0.46695390343666077,0.31872709256970433,0.47472691535949707,0.24219345577609638,0.4662475883960724,0.30482174910581167,0.46329882740974426,0.31393514670641937,0.4750615954399109,0.3058315230486662,0.48144036531448364,0.24007418722926588,0.4771232008934021,0.29240236247328294,0.477784126996994,0.30214353175262826,0.4849441647529602,0.29697359922231853,0.4885241687297821,0.7693524159345448,0.8047581315040588,0.7229644614148915,0.8223530650138855,0.7094222320362009,0.8459111452102661,0.7085699587348492,0.8696891665458679,0.7079119957150114,0.8896074295043945,0.7624440273149757,0.8620025515556335,0.7466276314497708,0.8937861323356628,0.7211410085205152,0.8981505036354065,0.7063247937828891,0.8946931958198547,0.7911555465237641,0.8610250353813171,0.7728580321959816,0.894364595413208,0.7434767262648064,0.8965980410575867,0.7277344702199879,0.8915788531303406,0.8069119315213141,0.8576194047927856,0.789803926287714,0.8878078460693359,0.7614946360543215,0.8911799788475037,0.7459603730662939,0.8877829909324646,0.8130021794148147,0.8537998199462891,0.7997841723198597,0.87986159324646,0.7761305207373469,0.885800302028656,0.7609749880454352,0.8842993974685669
0.47635022901789925,0.34750205278396606,0.5012896884603326,0.3292609751224518,0.5202666762278202,0.3295990526676178,0.5335947436429737,0.33031660318374634,0.44813057377600635,0.3305613100528717,0.43186833942862196,0.3315812945365906,0.41614450094350486,0.33251598477363586,0.5599812098530943,0.34222832322120667,0.40151642657241976,0.345852792263031,0.5154488117078074,0.370450884103775,0.4441639685107188,0.3730834722518921,0.6896143335031805,0.47168365120887756,0.3170469312937649,0.46867242455482483,0.7445289735256299,0.6387103796005249,0.19759475753723163,0.613690972328186,0.795060122609749,0.8035968542098999,0.2924758403451248,0.5056326389312744,0.8227564078322018,0.8489912152290344,0.3327973456069186,0.4855222702026367,0.7813771918559217,0.8541677594184875,0.3403346342307086,0.4721011221408844,0.7672912788595231,0.8404518961906433,0.3398340021131855,0.4794546663761139,0.2771755495934846,0.5027806758880615,0.3184445157109482,0.4904577434062958,0.3378799546154921,0.4770947992801666,0.34974331011321713,0.46866855025291443,0.3578432531888991,0.46475961804389954,0.305057539750542,0.452067494392395,0.3110818165187555,0.4302065372467041,0.3372650536787816,0.4289921820163727,0.3554264097321271,0.43774861097335815,0.28974501108353895,0.4581800103187561,0.3493754485153264,0.4541409909725189,0.3649425837528381,0.4678052067756653,0.3592892823716314,0.47613561153411865,0.2822812585724769,0.4675767123699188,0.34237528851404714,0.465088427066803,0.35371063951550835,0.4769878387451172,0.34635061963022945,0.48335978388786316,0.2798336754998968,0.47859832644462585,0.33138068017968725,0.4802440106868744,0.3413823880613938,0.4873765707015991,0.33535318716155504,0.4908486306667328,0.7985633526063548,0.8046006560325623,0.7534637379460526,0.8217937350273132,0.7402178238739714,0.8448031544685364,0.7394792765438755,0.8687207102775574,0.7383037849457337,0.8885285258293152,0.7902367184416577,0.8615221977233887,0.7743493698211001,0.893978476524353,0.7487656818933056,0.8974019885063171,0.7349037444721582,0.8933210968971252,0.8185678545752736,0.8607937097549438,0.7991848069829489,0.8937519788742065,0.7708312226022177,0.8949036002159119,0.7574979776074877,0.888910174369812,0.8337281696440944,0.857358992099762,0.8157460374991701,0.8866549134254456,0.789126037105349,0.8883293271064758,0.7762429880858329,0.8835822939872742,0.8400331581218006,0.8535254001617432,0.8273577191812516,0.8788307309150696,0.8052955819162569,0.8830711841583252,0.7920385885480189,0.8800259828567505
0.49998593200872427,0.34749671816825867,0.5226462637297777,0.329302579164505,0.5398826774073854,0.3296399712562561,0.5518526523547748,0.3303397297859192,0.47432266334176787,0.33057039976119995,0.45969351325199515,0.3315901756286621,0.44520222339712995,0.3325212895870209,0.5758647583228385,0.3422302007675171,0.4319471659018524,0.3458544909954071,0.5354854033482509,0.37044277787208557,0.47072990316542723,0.3730620741844177,0.6937659386671049,0.47169095277786255,0.3560540202939978,0.4687393605709076,0.743550139934552,0.6386678218841553,0.24832381783457708,0.6136910915374756,0.7894331730646152,0.8041437268257141,0.33307965164815484,0.5056267380714417,0.8146299290168845,0.8499795198440552,0.37138261027663483,0.48566287755966187,0.7769676188821416,0.8548194766044617,0.38027354205483904,0.4742036461830139,0.764164458546561,0.8412502408027649,0.37796122300013973,0.48108068108558655,0.31270250662557014,0.5055651068687439,0.3462168959197614,0.49252113699913025,0.36386952373542325,0.47824761271476746,0.3733122256324241,0.46900859475135803,0.379248708555943,0.46541038155555725,0.33849023793535976,0.45479249954223633,0.3420188410921601,0.4331081509590149,0.36605876269978843,0.4301995038986206,0.38344989058562556,0.4381222426891327,0.3285175246624643,0.4612732529640198,0.38249102459168527,0.4568312466144562,0.39394807256191866,0.4702132046222687,0.3865527004906281,0.477192759513855,0.32448985297141536,0.47106820344924927,0.3786923957646494,0.46769261360168457,0.38672275444801407,0.4792906641960144,0.37788399756769153,0.48498064279556274,0.323023063523649,0.4828307032585144,0.3680962829863387,0.4827668368816376,0.376566523789825,0.48946627974510193,0.3701754444374444,0.49263447523117065,0.7909726123544162,0.8065711855888367,0.7504371606191,0.8231379389762878,0.737306730356239,0.8450521230697632,0.7377087239543026,0.8681907057762146,0.7371359522046868,0.8876012563705444,0.7829086444781574,0.8624202609062195,0.7688081890476135,0.8938043117523193,0.747010603003898,0.8985151052474976,0.7347436096946245,0.8955550193786621,0.8079676718671857,0.8623185157775879,0.7925366742458674,0.8950267434120178,0.767488575605165,0.8970133662223816,0.7548789067836214,0.8915453553199768,0.8217511935962755,0.859665036201477,0.8074897037175062,0.8885777592658997,0.783841274892532,0.8911992907524109,0.7716035785290721,0.8871229290962219,0.8277887345238932,0.8563254475593567,0.8173495414542273,0.8809593915939331,0.797630326831618,0.8861279487609863,0.7857406386829249,0.8837244510650635
0.46667689789281663,0.3474414050579071,0.4895131969556004,0.3293014168739319,0.5069980258113458,0.32963433861732483,0.5190916042693083,0.330321341753006,0.440607256916908,0.33054500818252563,0.425863389995898,0.3315523564815521,0.4111058402911589,0.33247852325439453,0.5434373479859187,0.3421967625617981,0.3976961782743127,0.3458346426486969,0.5025105065925509,0.3704143166542053,0.43698272087970286,0.3730160593986511,0.6630380266000139,0.471660315990448,0.32122159824321983,0.4687466025352478,0.7134028183653782,0.6387432217597961,0.2157867389965436,0.6140850782394409,0.759988024793036,0.8049986958503723,0.29711867387883684,0.5056386590003967,0.7856899659857065,0.8508135080337524,0.33559119097027307,0.48545995354652405,0.7473206371071739,0.8558496236801147,0.3449409374461816,0.474336713552475,0.7343458206317683,0.8426713943481445,0.34240985606479396,0.4811793863773346,0.2660283857083457,0.5098217129707336,0.2803896352745885,0.4900702238082886,0.299738159392172,0.47363340854644775,0.3188537758325711,0.46739673614501953,0.3323216397392309,0.4686763286590576,0.2892598168671124,0.4594252109527588,0.29462450264087464,0.4384858310222626,0.3221358418048289,0.43591052293777466,0.34143010200450125,0.44338199496269226,0.2888014436121863,0.46667107939720154,0.3375652495633119,0.46276262402534485,0.3463321094523592,0.4729664623737335,0.33524768635338525,0.4783704876899719,0.2912226288793787,0.47726792097091675,0.34019788389808436,0.47527897357940674,0.34397469930640184,0.48361945152282715,0.332579743762063,0.48701155185699463,0.29407699105584967,0.4900493025779724,0.3327014204193226,0.48835206031799316,0.3352857311666809,0.4934424161911011,0.32592357006748646,0.49584755301475525,0.7635936051688798,0.8069467544555664,0.7220529407483657,0.8226818442344666,0.7100563431916637,0.8449711799621582,0.709580783025468,0.8685276508331299,0.7087799730782379,0.8883157968521118,0.7567913260421907,0.8620474934577942,0.7408132386561692,0.8947771191596985,0.7156172934803309,0.8983577489852905,0.7018203753113069,0.8939131498336792,0.781368809393472,0.8622369170188904,0.7618454126253015,0.8959293365478516,0.7342279484558383,0.8966180682182312,0.7219897329620657,0.8908095955848694,0.7941477951983347,0.8600873947143555,0.7756726998996755,0.8900955319404602,0.750151838669235,0.8918122053146362,0.7383084215450129,0.8871468305587769,0.7983566194734173,0.8572068214416504,0.7861946270968089,0.8836206793785095,0.7643326757261126,0.8888292908668518,0.7511411373054948,0.88625568151474
0.43558363611555867,0.3472934663295746,0.4582611539152461,0.32919490337371826,0.4755774646537937,0.3295289874076843,0.48742835544610613,0.33021169900894165,0.40977017064434573,0.3303679823875427,0.39518824059342283,0.33134061098098755,0.38042170486033094,0.33227190375328064,0.511651664624586,0.34212619066238403,0.36715566925533455,0.345608115196228,0.4709270556359155,0.37031614780426025,0.4061455472503619,0.37271490693092346,0.6300806429190148,0.4713462293148041,0.29119079496082384,0.46857690811157227,0.6799294042906133,0.638275682926178,0.19732730802599932,0.615367591381073,0.7264144383989778,0.8048324584960938,0.26994668404130384,0.5137430429458618,0.7520664235234763,0.8507958650588989,0.3112734119216365,0.49950146675109863,0.7137721913490523,0.8558476567268372,0.32206291929184416,0.4873496890068054,0.700831333029009,0.8426361083984375,0.31606955356137023,0.4909897744655609,,,,,,,,,,,,,,,,,,,,,,,,,,,,,,,,,,,,,,,,,,,0.7296249230959383,0.8067773580551147,0.6883798451839914,0.8219417333602905,0.6765657431942905,0.8452759385108948,0.6758080658944637,0.8692784309387207,0.6754442802168419,0.8891584277153015,0.7243611468114987,0.8607928156852722,0.7091552627882269,0.8953350186347961,0.6823530982468314,0.898444652557373,0.6690291996780153,0.8934864401817322,0.7488186206886152,0.8611107468605042,0.7282745887727469,0.8965653777122498,0.6981381412435888,0.8972844481468201,0.6854722064394637,0.8907479047775269,0.7613379296175837,0.8590177297592163,0.7404837072221427,0.89054936170578,0.7124385310874762,0.8920382857322693,0.7001347939551049,0.8866298794746399,0.7649925266223283,0.8562910556793213,0.7502116988364234,0.8835729360580444,0.7265548445844842,0.8881186246871948,0.7130350919585999,0.8845711946487427
0.4601930403340717,0.3477857708930969,0.4859767555121721,0.32956448197364807,0.505551005086176,0.3298334777355194,0.5189575975955054,0.33039575815200806,0.4311677797050189,0.3307937979698181,0.41467913496534026,0.3318644165992737,0.39798010127862465,0.33273985981941223,0.5465955102782154,0.3422274589538574,0.3831304410342776,0.34571292996406555,0.49997880184369653,0.37079671025276184,0.4270332965936775,0.3730263113975525,0.680355836637917,0.4708479046821594,0.2971118019028583,0.4686965048313141,0.736690861529799,0.6372442245483398,0.19127929940821725,0.6149364709854126,0.78907987830022,0.8044527173042297,0.27097248976468424,0.5214501023292542,0.8182490754840444,0.8505324125289917,0.3117639373661443,0.5092085599899292,0.7753879929937088,0.8558376431465149,0.32181904068042444,0.4932294487953186,0.7606731821171213,0.8426128625869751,0.31691409125628484,0.49666666984558105,,,,,,,,,,,,,,,,,,,,,,,,,,,,,,,,,,,,,,,,,,,0.790069222413766,0.8067964315414429,0.7452497950285794,0.8219742774963379,0.7326965379942654,0.845639169216156,0.7316835597153217,0.8705439567565918,0.7321373207326247,0.8907377123832703,0.7862701799094138,0.8611124157905579,0.769581243097156,0.89585280418396,0.7391853878541943,0.89805668592453,0.7247184365476319,0.8923658728599548,0.8145714946398372,0.8610995411872864,0.794382233223855,0.8973396420478821,0.7603310102604935,0.8969454169273376,0.7466519891199583,0.8891901969909668,0.8289896817823512,0.8586532473564148,0.8100679894649764,0.8906604051589966,0.7780012884783937,0.8910827040672302,0.7644587621221963,0.8847999572753906,0.8333224375913801,0.8558171391487122,0.8190073133599991,0.8825146555900574,0.7924828241591729,0.8855865597724915,0.7780132551444178,0.8808870315551758
0.44052925623391925,0.3471103310585022,0.46313601494533174,0.32924550771713257,0.4799111373327373,0.32959508895874023,0.4914192323267229,0.3302287459373474,0.415015365651743,0.33038562536239624,0.4006410884456957,0.33147352933883667,0.38571833399279243,0.33244264125823975,0.5160608037439037,0.3422282338142395,0.37260389556881823,0.3455163538455963,0.4751943505686054,0.37022864818573,0.41146851782087535,0.3723982274532318,0.6350939508874079,0.471689373254776,0.29623807223705023,0.470648854970932,0.6840259846863925,0.6374632120132446,0.21390992634991568,0.6222633123397827,0.7268133491244351,0.8049182891845703,0.2497513273877599,0.5914207696914673,0.7523483676405668,0.8505020141601562,0.2710760091053162,0.5877451300621033,0.7150056097379066,0.856011688709259,0.25738229955238406,0.5704604983329773,0.7019904105585857,0.8428494334220886,0.2689456471959101,0.574860155582428,,,,,,,,,,,,,,,,,,,,,,,,,,,,,,,,,,,,,,,,,,,0.7262766930709206,0.8049167394638062,0.6874208224205637,0.8215135335922241,0.6804342359139657,0.8464310765266418,0.6801502007214703,0.871519923210144,0.6762657304653084,0.8919204473495483,0.7257190070491413,0.862639307975769,0.7074187547893162,0.8960157632827759,0.6825653162384367,0.8987906575202942,0.671153488863154,0.8933185338973999,0.7499593763077801,0.8622942566871643,0.7291647869424632,0.8960269689559937,0.7016345991700561,0.8963161706924438,0.6910054523528015,0.890038013458252,0.7616603984019339,0.8597127199172974,0.7437256234787849,0.8896055221557617,0.718374323287898,0.8908439874649048,0.7080730349821005,0.8859352469444275,0.7648510103262791,0.8569218516349792,0.7538742812385116,0.8827094435691833,0.7330342357927218,0.8872875571250916,0.7216214287605321,0.8842830061912537
0.47782120375707887,0.3463510572910309,0.5025903375155192,0.32887834310531616,0.5197805204759565,0.3293552100658417,0.5318141168558229,0.3300933837890625,0.45075996466186624,0.3297661542892456,0.4353589247184455,0.3307268023490906,0.41919766550214754,0.33168479800224304,0.558741246541547,0.34223103523254395,0.4046661859745706,0.34511715173721313,0.5141330781932996,0.3698880076408386,0.4460897935339207,0.3718489110469818,0.6842612015854217,0.47208842635154724,0.32064698782442336,0.47161126136779785,0.7361349709396618,0.638285219669342,0.2406591199110828,0.6241241097450256,0.7791645959152292,0.8059132695198059,0.20620399822780563,0.7421690225601196,0.8061617982877528,0.8515903353691101,0.17411190445959876,0.7779815793037415,0.7667876780594939,0.8568185567855835,0.1838641318871306,0.7837880849838257,0.7530978339413876,0.8435214161872864,0.20781025847016524,0.7704411745071411,,,,,,,,,,,,,,,,,,,,,,,,,,,,,,,,,,,,,,,,,,,0.7823336852099123,0.805277407169342,0.7382956379545118,0.8196938037872314,0.7266775864831462,0.8438678979873657,0.7269660639402874,0.8690345883369446,0.7258751501509446,0.8895922899246216,0.7743082812044291,0.8617287874221802,0.7590866204013255,0.8957473635673523,0.7337539565453314,0.8998156785964966,0.720974363566641,0.8954235911369324,0.8016961561505845,0.862002432346344,0.7831745574515069,0.8973936438560486,0.7530399719406046,0.8985257744789124,0.740571127045256,0.8922068476676941,0.8162671816499197,0.8596274256706238,0.7992873208182277,0.8921700119972229,0.7706453529150538,0.8937814235687256,0.7580913107331805,0.8883693218231201,0.822009603643694,0.8565977215766907,0.8096920047455959,0.8844096064567566,0.7861244094290745,0.8892552256584167,0.7731097607445654,0.8858922123908997
0.5118679091897417,0.3449559509754181,0.5364135029888663,0.3281649351119995,0.5524510001800139,0.3287881016731262,0.564819859027521,0.32960182428359985,0.4847633414521455,0.3287331461906433,0.4689183490802568,0.32957789301872253,0.452792650814338,0.330443799495697,0.5911641729781029,0.34205299615859985,0.43635847387780236,0.34447795152664185,0.5472946829309286,0.3687293529510498,0.4798558017928347,0.3705449402332306,0.7145994127829626,0.47215360403060913,0.35022674799756937,0.4729490280151367,0.7661650785904169,0.6397867202758789,0.2783511484850442,0.6287657022476196,0.8090998519472802,0.8073528409004211,0.22118208259543323,0.7735933065414429,0.8358476676345065,0.8529111742973328,0.1775973847111635,0.8094713091850281,0.7963666225820104,0.857585608959198,0.19679626883517548,0.8153339624404907,0.7830618003858917,0.8447108268737793,0.22242558962093628,0.8035677075386047,,,,,,,,,,,,,,,,,,,,,,,,,,,,,,,,,,,,,,,,,,,0.8083641850323066,0.8066158294677734,0.7678675982763405,0.8235809206962585,0.7574058495936531,0.8471855521202087,0.7568679857957162,0.8711368441581726,0.7553788524555876,0.8907575011253357,0.8051834056369876,0.8633570671081543,0.7899312339164563,0.8966483473777771,0.7638076477438842,0.9004406929016113,0.748307529539112,0.8965476751327515,0.8314076940967347,0.8632608652114868,0.8134866347308908,0.8979331851005554,0.7841121792629855,0.8988733887672424,0.76960668660575,0.8930546641349792,0.8454691686225545,0.8606837391853333,0.8296687442849141,0.8915055394172668,0.8022690648240359,0.8935987949371338,0.7881638879988987,0.8890706896781921,0.8500702381162883,0.857492983341217,0.8393641444066731,0.8837515115737915,0.816834604856086,0.8891135454177856,0.8025783053413921,0.8868571519851685
0.5072572230529112,0.3443504869937897,0.5309277258654282,0.32774579524993896,0.5464278302023597,0.3284589648246765,0.5587903268496042,0.329328715801239,0.47994316788658853,0.32811272144317627,0.4640041373537418,0.32890811562538147,0.44805398299498056,0.3297629952430725,0.584801620137615,0.34196826815605164,0.4305562048314298,0.34416767954826355,0.5419415533280325,0.368232399225235,0.4755705744467625,0.37002167105674744,0.708059879184865,0.47322121262550354,0.34319212127409177,0.47504180669784546,0.758791137660295,0.6443654298782349,0.275357171136473,0.6369591951370239,0.8003329450012823,0.810013473033905,0.21593615549597114,0.789201021194458,0.826816535962952,0.8550156354904175,0.1781060554669469,0.8268685340881348,0.7877209371504751,0.8591774702072144,0.1995765031432883,0.8328173756599426,0.7745618299235746,0.8466714024543762,0.22212422275931806,0.8200374841690063,0.22762870853480913,0.7604767680168152,0.24721482142813708,0.7824573516845703,0.2475301112926804,0.8047287464141846,0.23447685260741544,0.8225213885307312,0.22060700867057356,0.8356657028198242,0.19601982339279356,0.7978677153587341,0.18071943133598084,0.8184454441070557,0.17621438515786603,0.8338956236839294,0.17742665832846757,0.8469836711883545,0.17877577522127153,0.795872688293457,0.16302753724435817,0.8161356449127197,0.16055689418183433,0.832725465297699,0.163931632222402,0.8450878262519836,0.1688602103234173,0.7956651449203491,0.1536144731016707,0.8141723275184631,0.15181596052973778,0.8302691578865051,0.15519219667069953,0.8426156044006348,0.16489978390695056,0.7962072491645813,0.1518305971427832,0.8139100670814514,0.1481923656283083,0.8271805644035339,0.1500156571251499,0.8376260995864868,0.8046892143126765,0.8061479926109314,0.7627207066525531,0.8219494819641113,0.750906239236819,0.8459615707397461,0.7503257339438925,0.8706151843070984,0.7488381030330445,0.8908270597457886,0.7992445320161345,0.8646672368049622,0.7819921323654042,0.8976990580558777,0.7558376413431749,0.9002780914306641,0.74238835034799,0.8951522707939148,0.8250161292410955,0.8644192218780518,0.8068769230352597,0.8985910415649414,0.7778084028924985,0.8994905352592468,0.7645948819041585,0.892876923084259,0.8384429659499141,0.8614450097084045,0.8226033955075973,0.891765296459198,0.7954489999602832,0.8936936855316162,0.782244502013397,0.888864278793335,0.8427924851997627,0.8577741384506226,0.8315146476769084,0.8836246132850647,0.8096341165421236,0.8887001872062683,0.7965418211488893,0.886221170425415
0.43290738632003295,0.3439822793006897,0.4602176147034586,0.32739782333374023,0.47783687341395775,0.32819050550460815,0.4924746499313999,0.3290938138961792,0.3998677217059559,0.32769858837127686,0.3805564446181849,0.32852137088775635,0.361745270278433,0.32938432693481445,0.5226557569387946,0.3418896794319153,0.3399884344515109,0.34398049116134644,0.47352121271986286,0.36802536249160767,0.39513698144273496,0.3697431683540344,0.6696940428743867,0.4738995432853699,0.23446426593716652,0.4763708710670471,0.7282431906367719,0.6466958522796631,0.15519096310800456,0.6438222527503967,0.77734889061987,0.8116793632507324,0.08016896201674567,0.805137038230896,0.8098327223216437,0.8553053140640259,0.03485195445030819,0.8459945917129517,0.7632468743640519,0.8596630096435547,0.06949377969141136,0.8501993417739868,0.7471508116151531,0.8476155400276184,0.09471157703477887,0.8363208770751953,,,,,,,,,,,,,,,,,,,,,,,,,,,,,,,,,,,,,,,,,,,0.7852521296421642,0.8053122758865356,0.7353527439958285,0.8232965469360352,0.7223096008614078,0.8473410606384277,0.7215578556146302,0.8716155290603638,0.7167181437051406,0.8919411897659302,0.7776654836468425,0.8641839623451233,0.7584158116455055,0.8970803022384644,0.7277308484676068,0.8996781706809998,0.7124086435196891,0.8941823840141296,0.8075126176492377,0.8638327121734619,0.7863761980801984,0.8979474306106567,0.7528685795976453,0.8986897468566895,0.7381958799318671,0.8925375938415527,0.8232586329533654,0.8611910343170166,0.80414000435443,0.8914923071861267,0.7720772903362142,0.8934072852134705,0.7570897927585648,0.8889036178588867,0.8285628716934101,0.8578745126724243,0.814923342364623,0.88421231508255,0.7876181729419376,0.8894580602645874,0.7719356394354863,0.8867132663726807
0.535231510694705,0.3437317907810211,0.5573698395467968,0.3271431624889374,0.5711840769787704,0.32801923155784607,0.5837396558112142,0.3289680480957031,0.5073348648507237,0.32727131247520447,0.49037469804593936,0.32807308435440063,0.47485919866893456,0.32888370752334595,0.6073772902635107,0.3418833911418915,0.4547089821671062,0.34367042779922485,0.5675313102590005,0.3679921627044678,0.5029977208724706,0.36965224146842957,0.7288949761571524,0.47403067350387573,0.36540469922761276,0.47853460907936096,0.7790605360853218,0.6481285095214844,0.2993692430765458,0.649141252040863,0.8206115685580753,0.8124561309814453,0.24219893284803742,0.8147104978561401,0.8474334474015957,0.8552674055099487,0.21072113043902096,0.8531641960144043,0.8090032107423373,0.859632134437561,0.24021155469821595,0.8569830656051636,0.7954010377170889,0.847518801689148,0.2577216205596019,0.8415939211845398,0.21946513328865558,0.8162153959274292,0.24972648508634096,0.8215866088867188,0.26568095095549543,0.8315960764884949,0.26733828039501106,0.8423404693603516,0.27027742135962135,0.8527015447616577,0.21359552516930744,0.8524221777915955,0.21374169935497367,0.8801339864730835,0.23016057261531325,0.8845540285110474,0.23929839716713125,0.88140469789505,0.18959212230148217,0.8529471158981323,0.19466544735544886,0.8814339637756348,0.21175884592880617,0.8833566904067993,0.221907766935781,0.8780478239059448,0.17864811343914772,0.8528845310211182,0.1853668329068409,0.8783408403396606,0.20065981832664415,0.8793455362319946,0.20920572365237974,0.8746274709701538,0.17886236337276995,0.8532333970069885,0.1839603439020435,0.8728612661361694,0.1952050163825764,0.8755155205726624,0.20165300370590283,0.8723778128623962,0.8229102647697181,0.8058314919471741,0.78143511105892,0.8241144418716431,0.7708242413785192,0.8474682569503784,0.7720566736552846,0.871059238910675,0.7700242019387835,0.8901846408843994,0.8190658546601669,0.8626505732536316,0.8048658717308717,0.8968997001647949,0.7782556475077833,0.9007647633552551,0.7635913084105895,0.8971392512321472,0.8459518650585713,0.8622354865074158,0.8307429882754451,0.8987516164779663,0.8002650644218094,0.8989660143852234,0.7868150587067653,0.891806960105896,0.8599589752392058,0.859106183052063,0.846923058573429,0.8913936614990234,0.8183319957067813,0.8930327892303467,0.8045775187758978,0.8873740434646606,0.8650701030787191,0.8551219701766968,0.8556821722926249,0.8821103572845459,0.8320509578255884,0.8868986368179321,0.81838581430662,0.8833860754966736
0.40333502067928345,0.34362301230430603,0.4261297291278378,0.32697972655296326,0.44035767226955147,0.32788988947868347,0.4532678260549181,0.32886195182800293,0.3748765861554648,0.3270612359046936,0.35757504621296826,0.32782766222953796,0.34170750237014424,0.32863208651542664,0.47716990203681986,0.34188181161880493,0.3209529570677767,0.34359851479530334,0.43632946272929096,0.36798760294914246,0.37036277973734294,0.3696453273296356,0.6010164794999145,0.4740104675292969,0.22794563861686631,0.48000645637512207,0.6524496050402017,0.6478261947631836,0.16624551291027534,0.647748589515686,0.6975745440380348,0.8122577667236328,0.11090380549850999,0.8092195391654968,0.7227397792911816,0.854733943939209,0.08930964989459984,0.8509812355041504,0.6843080554867126,0.8591588139533997,0.11437691752229069,0.856418251991272,0.6705490932992126,0.8466261625289917,0.13065863769721342,0.8397495150566101,,,,,,,,,,,,,,,,,,,,,,,,,,,,,,,,,,,,,,,,,,,0.7003753743947368,0.8044660091400146,0.6569230585008936,0.8225201964378357,0.6454654715533938,0.8471294641494751,0.6452303352893385,0.8715558052062988,0.6415314072780022,0.8907281160354614,0.6952469184312636,0.8626733422279358,0.6802285669720017,0.8965333700180054,0.6518307666065358,0.8999248743057251,0.6357439693678489,0.8961365818977356,0.7232364418156738,0.862092912197113,0.7067628705559458,0.8983815908432007,0.6736025834360857,0.8992287516593933,0.6573656145513231,0.892276406288147,0.7378457483310223,0.8589280247688293,0.7236882832352006,0.8911433815956116,0.6921958019977688,0.893478512763977,0.6757645385100174,0.8882542848587036,0.7427949198746339,0.8549500107765198,0.7317165669492091,0.8817258477210999,0.7065539148438562,0.8868646025657654,0.6903663050263998,0.8837655186653137
0.401140944752539,0.3436005413532257,0.42515996632855274,0.326893150806427,0.440165255258428,0.3278375267982483,0.45374927567862766,0.32882824540138245,0.37148584832448467,0.32690930366516113,0.35343622021081883,0.32764869928359985,0.3368422914809133,0.3284440040588379,0.47887359038326743,0.34188634157180786,0.31511308733581433,0.343506395816803,0.43571669869772706,0.36801987886428833,0.36663485582087557,0.36965829133987427,0.6077654032153499,0.47414374351501465,0.217580753967075,0.4807104170322418,0.6620104968386521,0.6482164263725281,0.1664000446493795,0.6499634981155396,0.7100684025521877,0.8122032880783081,0.1011783664606137,0.8215696215629578,0.7357903466810265,0.8546083569526672,0.07741175276641123,0.8608776926994324,0.696816933989002,0.8590236902236938,0.10258154324376853,0.8658308982849121,0.6821150602909873,0.846301257610321,0.11861701999156732,0.8505633473396301,,,,,,,,,,,,,,,,,,,,,,,,,,,,,,,,,,,,,,,,,,,0.7099452838804869,0.8041975498199463,0.6655252209119805,0.8230220675468445,0.6567244996331915,0.8474716544151306,0.656670899926769,0.8713759183883667,0.650212354375223,0.8901854753494263,0.7076176399537589,0.8640774488449097,0.6909828907389894,0.8959479331970215,0.662942941867684,0.9003328084945679,0.6457079343602805,0.8980331420898438,0.7346548215653992,0.8633190393447876,0.716297433284543,0.8967362642288208,0.6843163724845941,0.8986991047859192,0.666900703296415,0.8936653137207031,0.7494392855467434,0.8600634336471558,0.7335436134827947,0.8895589113235474,0.7041405963279973,0.8927411437034607,0.6872901338533202,0.8894568085670471,0.7548742519635147,0.8560069799423218,0.7438540354844442,0.8812286257743835,0.720656389246088,0.8872490525245667,0.7050571220981734,0.8859080076217651
0.496379443276903,0.34360557794570923,0.5172418771713482,0.32687973976135254,0.5302999263772009,0.32783374190330505,0.5420595445154167,0.32882553339004517,0.4707185932542966,0.3268846869468689,0.45509200636977337,0.3276180922985077,0.44070910048593265,0.3284232020378113,0.5639496340018554,0.34196093678474426,0.421911978365739,0.3435186445713043,0.5264149818863674,0.3680937588214874,0.46650055948329133,0.3697012960910797,0.6753381705093657,0.4739954471588135,0.3380344327272115,0.48052334785461426,0.7226756480521631,0.6479982137680054,0.29939148734886273,0.6486988067626953,0.7649026340851582,0.8118012547492981,0.23818216256743607,0.8099130392074585,0.7879250688869927,0.8529967069625854,0.22100671844197434,0.8510653376579285,0.7553978325772195,0.8576266169548035,0.24162106807349648,0.8587676882743835,0.7417220886853441,0.8444878458976746,0.25501092483830023,0.8425642251968384,,,,,,,,,,,,,,,,,,,,,,,,,,,,,,,,,,,,,,,,,,,0.7679704100911168,0.8044703006744385,0.7280911575650336,0.820732593536377,0.7173734363657072,0.8448184132575989,0.7178192854658552,0.8687630891799927,0.7145242175634413,0.8880560994148254,0.7606633332361221,0.8629055619239807,0.7458530920030978,0.895476758480072,0.7221634026280436,0.8991147875785828,0.7092807435210707,0.8956915736198425,0.7849402724622797,0.8631908297538757,0.7689811659514607,0.897247314453125,0.7419031120281071,0.8978160619735718,0.7297260641886597,0.8911436796188354,0.7984979714121087,0.8607861995697021,0.7842554219137844,0.8912274837493896,0.7593104052810308,0.8925257921218872,0.7479827113704428,0.8873403072357178,0.8045245929439924,0.8576317429542542,0.7941481577111619,0.8836297988891602,0.7741436858485886,0.8880158066749573,0.7628070040657375,0.8847844004631042
0.3967871070591106,0.34361299872398376,0.41967070631079717,0.3268738090991974,0.4341409925590683,0.3278314769268036,0.4470259985526581,0.32882630825042725,0.36859345715640207,0.3268667757511139,0.35149906447747553,0.3275906443595886,0.33569262288324125,0.3284023106098175,0.47115275300987614,0.3420228064060211,0.31506878097052626,0.3435197174549103,0.42981836411709523,0.3681514859199524,0.36389406337362995,0.36972588300704956,0.5923394483448007,0.4736533761024475,0.22440484301939884,0.4803706705570221,0.6455545182292094,0.6473407745361328,0.18428905506919321,0.6473485231399536,0.6919371731593138,0.8105748891830444,0.11465001778896639,0.8042017221450806,0.717326002820715,0.8513150215148926,0.09740395210614207,0.8452064394950867,0.6818126784396005,0.8564620018005371,0.11951244005276832,0.8507044911384583,0.6666263884923512,0.8429045677185059,0.13400547203471272,0.8370990753173828,,,,,,,,,,,,,,,,,,,,,,,,,,,,,,,,,,,,,,,,,,,0.6950116729402275,0.8041297197341919,0.6510085556346769,0.8213208913803101,0.6391268660401798,0.8447414636611938,0.6390091725191547,0.8689645528793335,0.6348341131107836,0.8885987997055054,0.6868809426372637,0.8614481091499329,0.6713644569782498,0.8950387835502625,0.6455658563166368,0.8988260626792908,0.6317799940637118,0.8953683972358704,0.715464678394528,0.8613786101341248,0.6978906428821333,0.8964269757270813,0.6692956385962603,0.8966104984283447,0.656979832415051,0.8896297812461853,0.7306544462827059,0.858608067035675,0.7143781696484223,0.8887350559234619,0.6880534956419438,0.8898626565933228,0.6762371913369051,0.88509202003479,0.7368977676025179,0.8551753759384155,0.7241177258661542,0.8798623085021973,0.7019855009726901,0.8837777376174927,0.6898549299253398,0.8805432915687561
0.4757949646746105,0.34361687302589417,0.4981035747673751,0.32685038447380066,0.5122088771526475,0.3278080224990845,0.5247351630910554,0.3288094401359558,0.44834894733784036,0.3268493115901947,0.43175336055454205,0.3275766968727112,0.4163736442003396,0.3283953070640564,0.5482580183440251,0.3420136570930481,0.39636316431904267,0.3435211777687073,0.5079825008414235,0.3681494891643524,0.4437677883716812,0.3697168827056885,0.6656606710553955,0.4733402729034424,0.3091706034310163,0.4803484380245209,0.7181190687237049,0.6474732160568237,0.27041278233442323,0.6486592888832092,0.7634560798692085,0.8105608224868774,0.2035773407082911,0.8203777074813843,0.788994336266199,0.8513015508651733,0.18482901755970677,0.8569428324699402,0.7539486631757621,0.8563281297683716,0.20702580576681348,0.8617907762527466,0.7387847012668018,0.8428544998168945,0.22089607056865085,0.8475015759468079,,,,,,,,,,,,,,,,,,,,,,,,,,,,,,,,,,,,,,,,,,,0.7664727820889825,0.8048967123031616,0.7259793431159511,0.8217460513114929,0.711984423576173,0.8448388576507568,0.7120191636987119,0.8692171573638916,0.7092323015878995,0.8887431025505066,0.758972978792789,0.8617805242538452,0.7422923024111082,0.894554615020752,0.7173177434410465,0.8988338708877563,0.7029543618998364,0.8959378600120544,0.7852034642981489,0.8623364567756653,0.7668195738385383,0.8956612944602966,0.739524130892539,0.897396445274353,0.7259689820267728,0.8919637799263,0.7999568426535929,0.8604830503463745,0.7832114263944321,0.8897032141685486,0.7580654692759373,0.892196536064148,0.7447261425749504,0.8882008790969849,0.806376722491445,0.8579443693161011,0.7931408035236297,0.8822925686836243,0.7720100731996405,0.8869532346725464,0.7593075810256644,0.8841946125030518
0.48587045634837794,0.34374889731407166,0.50976951903627,0.32688766717910767,0.5250758121774692,0.32783961296081543,0.5384142763609052,0.32884714007377625,0.4565549316464044,0.3269047439098358,0.43882746657755684,0.3276609480381012,0.42232152409463297,0.3285372853279114,0.5637984305938896,0.3420375883579254,0.400879931292786,0.34365376830101013,0.5205426368186662,0.36820924282073975,0.45168141296798014,0.36982837319374084,0.6889410741431796,0.4728866219520569,0.3083731491143015,0.48025551438331604,0.7460783481060815,0.646845281124115,0.2649812470786637,0.6484957337379456,0.7947867201823197,0.8104345202445984,0.19454689369169903,0.8227874636650085,0.8221997813190781,0.8507949113845825,0.1747882508257843,0.8583161234855652,0.7847407969338084,0.8556809425354004,0.19851661500662174,0.8610170483589172,0.7685774141623598,0.8421341776847839,0.21363217127834813,0.8466097116470337,0.21258737869206548,0.8231754899024963,0.24193542258599599,0.8384307026863098,0.24492006672467104,0.8557217717170715,0.238850059787986,0.8724793791770935,0.23902508207587067,0.8846595287322998,0.20303600150134915,0.8665383458137512,0.21536112042882513,0.8898891806602478,0.23831561867681816,0.8928681015968323,0.25505708004495453,0.8893902897834778,0.18265228163115296,0.8677167892456055,0.2006113596487489,0.8898720741271973,0.22398268490247433,0.8928301930427551,0.24153781642109629,0.8890053033828735,0.17412226140793463,0.867877185344696,0.1930766083708776,0.8891609907150269,0.21403361071112656,0.8915134072303772,0.22924403582106487,0.8877759575843811,0.17434341008038842,0.8680439591407776,0.1890214651338422,0.8858789801597595,0.20777733602296952,0.888393223285675,0.22271534477346933,0.8854919672012329,0.7994005940051857,0.8072153329849243,0.7533069102994596,0.8237350583076477,0.7375517796406686,0.8456213474273682,0.7368330146626877,0.8697912096977234,0.7355185126217719,0.8898193836212158,0.788239789319794,0.8632633090019226,0.7726395880850305,0.8963074684143066,0.7458537295086759,0.8989275693893433,0.7326141672699403,0.8947020173072815,0.8179440182849583,0.8631120324134827,0.8004866986822562,0.8972698450088501,0.7711101323685645,0.8970881700515747,0.7585633197542444,0.8897507190704346,0.8343391411751797,0.8600290417671204,0.8182278617794476,0.8895986080169678,0.7907442394462865,0.8904674053192139,0.778197935512064,0.88462895154953,0.8417892698853775,0.8563546538352966,0.8291833777111445,0.8806340098381042,0.8064572949941431,0.8835681676864624,0.7943663324159037,0.878678023815155
0.4936216719961592,0.3437526822090149,0.515972503786955,0.3268875479698181,0.5302900321959484,0.3278384208679199,0.5426984753540826,0.32884711027145386,0.46627216910020935,0.3269053101539612,0.4497220115848133,0.32766276597976685,0.43429651857944435,0.32854634523391724,0.5663857414948905,0.3420497179031372,0.4142824527549765,0.3437275290489197,0.5260504943607515,0.36821478605270386,0.4616904866926374,0.3698524534702301,0.6832714920049583,0.47286146879196167,0.32812464519266443,0.48042044043540955,0.7367588036555244,0.6468836069107056,0.2878548399965749,0.650129497051239,0.7825153451161112,0.8104310035705566,0.2227693025432906,0.8262282609939575,0.8083380957436653,0.8506525754928589,0.2036224951410914,0.8619489669799805,0.7733788630887967,0.8554514050483704,0.225489827094467,0.8646494150161743,0.7581350325587602,0.8420419692993164,0.23977054441330753,0.8505417108535767,0.23784251901647754,0.8306587934494019,0.2674170987204816,0.8439893126487732,0.2740255125185806,0.8599054217338562,0.2692455356078524,0.875067949295044,0.26889829959838846,0.8862952589988708,0.23146646143565963,0.8728296160697937,0.24798817478918564,0.8978585004806519,0.2680937167666843,0.8950774669647217,0.27623662181755415,0.8860277533531189,0.21407193999343804,0.8725319504737854,0.23348012480432512,0.8959873914718628,0.25278491949939336,0.893407940864563,0.2605330345183888,0.8856271505355835,0.20747701850362466,0.8719236850738525,0.22817282775429812,0.8937557339668274,0.24635087045013268,0.8911787271499634,0.2531109411876535,0.8841165900230408,0.20888145748168765,0.8718416094779968,0.2253680738622141,0.8904622197151184,0.24099579874875468,0.8897864818572998,0.24868020291831083,0.8841212391853333,0.782437819500704,0.8066195845603943,0.7409673855532207,0.8242253661155701,0.72929401013907,0.8470097780227661,0.7295218349773419,0.8704973459243774,0.7267278579604295,0.8894481062889099,0.7730709329736591,0.863412618637085,0.7593247995776977,0.8956478238105774,0.7356357005195377,0.9001625776290894,0.7219036873757695,0.8970968127250671,0.7998622107071806,0.863308310508728,0.7843677457007138,0.8965979814529419,0.7572307254459413,0.8978400230407715,0.7440253026688224,0.8919495940208435,0.8153835585014767,0.8604573011398315,0.8017947165686488,0.8900740742683411,0.775986425622427,0.8924111723899841,0.7626312467090663,0.887915849685669,0.8231723710742695,0.8566891551017761,0.8124762121520511,0.8817028403282166,0.7908482625991393,0.8866907954216003,0.7779659084767689,0.8838917016983032
0.5143983931238696,0.3438425660133362,0.5388498818670584,0.32691651582717896,0.5547084254890283,0.3278535008430481,0.5680469352916405,0.32886451482772827,0.4850642098009175,0.3269788920879364,0.46730834000241606,0.3277798295021057,0.4504664359987235,0.3287319839000702,0.5939432842304797,0.34209534525871277,0.4289516067058904,0.34388041496276855,0.5500368276202539,0.3682495653629303,0.47995817674456737,0.3699231743812561,0.720530293834214,0.47285065054893494,0.3355752903674106,0.48037829995155334,0.7789325864423023,0.6468898057937622,0.2907274714809321,0.6516428589820862,0.8285306159814553,0.8104147911071777,0.22313347498456948,0.8265544772148132,0.8571562886840317,0.8506354093551636,0.2013162519577941,0.8623211979866028,0.8192069628215175,0.8554169535636902,0.22572872929133633,0.8663808703422546,0.802530580762913,0.8419357538223267,0.24072832131811228,0.852310299873352,0.23849777575691591,0.8336501121520996,0.2726720840259481,0.8443268537521362,0.28023189050171765,0.8596430420875549,0.27477029315120755,0.8755525350570679,0.2714860708016762,0.8875232934951782,0.22935754628061378,0.871075451374054,0.246047018178939,0.8971937894821167,0.26707055444518424,0.8971496224403381,0.2780378490005875,0.889430046081543,0.2075153235036112,0.8716471791267395,0.227935325976762,0.8967626690864563,0.24974148716715372,0.8962945938110352,0.26167993721146954,0.8895838856697083,0.19794687190450225,0.871103823184967,0.21818129363592256,0.8943155407905579,0.2390957233226366,0.8939467072486877,0.2500127602680699,0.8878208994865417,0.19873794069708828,0.8708699941635132,0.21454576579923898,0.889751672744751,0.23331843959812978,0.8914285898208618,0.24519138513466016,0.8871546387672424,0.8302058204834022,0.8064938187599182,0.7848797246644807,0.8247208595275879,0.770990630392264,0.8474520444869995,0.7728825731417555,0.8710839748382568,0.7689907241196677,0.8901976943016052,0.8195615315504029,0.8620758652687073,0.8040488546793632,0.8959073424339294,0.777778763161907,0.9003201127052307,0.7628039865214183,0.8976154327392578,0.8486869042752188,0.8618233799934387,0.8298893044716767,0.8963902592658997,0.8009156263964693,0.898156464099884,0.7872301436592885,0.8928406834602356,0.864644340714459,0.859115719795227,0.8468074982736289,0.8895571827888489,0.8194885971758464,0.8921687602996826,0.8056503873509947,0.8881546854972839,0.8720561398194147,0.855659008026123,0.8589558282269313,0.8813527822494507,0.8354337918494886,0.8864005208015442,0.8215756707191463,0.8838497996330261
0.43185066899936375,0.3438277840614319,0.45340068990919097,0.3268998861312866,0.467367166683866,0.3278237283229828,0.4789905239747862,0.3288397490978241,0.40620350873071315,0.3269810974597931,0.390632481248823,0.3277888298034668,0.37582395704294036,0.3287535607814789,0.5017465651236948,0.34210309386253357,0.3569499038591281,0.3439290523529053,0.4632652015599266,0.3682219088077545,0.40171995189807386,0.36990806460380554,0.6129810988003535,0.4728306829929352,0.2752265756385368,0.48035693168640137,0.6643962254039806,0.6470491886138916,0.2352301485421536,0.6525835990905762,0.7076145470505041,0.8104045987129211,0.17647893591323022,0.8274673223495483,0.7327977861143153,0.8507552146911621,0.15755001799044857,0.8625725507736206,0.699317988022547,0.8554342985153198,0.17878950577321634,0.8664870262145996,0.6847314166243134,0.8418971300125122,0.1921000671443445,0.8527787923812866,0.1915965843818599,0.8337907195091248,0.21791452600162942,0.8468557000160217,0.22167632326642142,0.8629390001296997,0.21499451706656222,0.8782792091369629,0.21041564327596135,0.8889158964157104,0.1783244186117047,0.871097981929779,0.19495806985582434,0.8977256417274475,0.21537873217777478,0.8945268988609314,0.22305966608275044,0.8854885101318359,0.16157298954983876,0.8706281185150146,0.17939449154156287,0.8962775468826294,0.20075093125610072,0.8931939601898193,0.2092490712376266,0.8854663372039795,0.15536326625152505,0.8697791695594788,0.172138176385264,0.8940252065658569,0.1922398523942807,0.8912621140480042,0.19962416368305133,0.8835955262184143,0.15762757030300006,0.8698446750640869,0.1717026753743123,0.8900284171104431,0.18925595874987636,0.8892728686332703,0.1971205632184267,0.8826814889907837,0.7078359492675022,0.8082723021507263,0.6682620195264058,0.8265320062637329,0.6562572000775272,0.8489351868629456,0.6578867540778263,0.8723143935203552,0.6559714759174398,0.8911159038543701,0.6997853423220326,0.8637287616729736,0.6864264585243741,0.8974189162254333,0.6636985298863425,0.9011146426200867,0.6508693790701383,0.8972886800765991,0.7245441731571218,0.8632516860961914,0.7078444348410619,0.8971616625785828,0.6821815989327056,0.8987227082252502,0.6695994366049198,0.8932986855506897,0.7381623527636287,0.8605973720550537,0.7220295932671663,0.8907771706581116,0.698012764303263,0.8933426141738892,0.6854076714942551,0.8889071345329285,0.7448064920854351,0.8576065897941589,0.7335749610117829,0.8830465078353882,0.7132281750000976,0.8877896666526794,0.7005033773060655,0.884763777256012
0.4963101407283481,0.3436117172241211,0.5193723292780438,0.32672351598739624,0.5344308084281856,0.32760047912597656,0.5467302234549031,0.3286103904247284,0.46898707920958727,0.3269372284412384,0.45252310748347185,0.3277566730976105,0.43671129011229765,0.32874152064323425,0.5710459734326133,0.3420446813106537,0.4168435911732355,0.3439313769340515,0.5300043681367818,0.36801180243492126,0.4641884231405658,0.36982399225234985,0.6896658460906312,0.47274675965309143,0.32978987419340977,0.48032933473587036,0.7442932582255868,0.6465570330619812,0.286733222065864,0.65213942527771,0.7901286174720552,0.8104569315910339,0.22821680751985635,0.8240291476249695,0.8170652746874517,0.8507620692253113,0.20789107120948727,0.8585249781608582,0.7816765368501215,0.8553912043571472,0.2292028410153307,0.8635317087173462,0.766178731231239,0.8417544364929199,0.24281039668954094,0.8498556017875671,0.2309470975892419,0.8326310515403748,0.2665999111630669,0.8475145101547241,0.2738601556222783,0.8653959631919861,0.2682306595310045,0.8808606266975403,0.2654456694152792,0.8898465633392334,0.23037220338179734,0.8715554475784302,0.2469316801115094,0.899042010307312,0.2671873023201959,0.8935770392417908,0.2716309690698663,0.8838232755661011,0.20783376475513324,0.8704099655151367,0.22252316962605861,0.8969230651855469,0.2436986812539891,0.8927239775657654,0.24973759053526998,0.8847604393959045,0.19712125520657645,0.8683973550796509,0.21271216655280398,0.8922106623649597,0.23114321684658246,0.8889150023460388,0.2349876514066881,0.8818954825401306,0.1961029091561169,0.8673396110534668,0.2086145479347269,0.8870943188667297,0.22352242503238695,0.8859489560127258,0.22779456942154047,0.8797122836112976,0.7923851799391074,0.8078182339668274,0.7503538645590131,0.8226630687713623,0.7382765638258582,0.8467763066291809,0.737912978538354,0.8710036277770996,0.7352774339894352,0.8903009295463562,0.7841921521084223,0.8631771206855774,0.7667418534501687,0.8974192142486572,0.7423868865253824,0.9022664427757263,0.728732346462994,0.8987850546836853,0.8104090264483478,0.8633626699447632,0.7909498949112617,0.8978179693222046,0.7636961189671324,0.8998798727989197,0.7506430895436987,0.8949114680290222,0.8249610684386257,0.8609966039657593,0.8063005679346881,0.8913894891738892,0.780933002865858,0.8940876126289368,0.7680929739384269,0.8904720544815063,0.8305093688789111,0.8578720092773438,0.8172005317285115,0.8836289644241333,0.7951976840573147,0.8889133930206299,0.7818367877905501,0.8868265151977539
0.4799310553546089,0.3435693383216858,0.5035662656690957,0.3266395926475525,0.5190612893142066,0.327497661113739,0.5315822293511552,0.3285064101219177,0.451996311598131,0.3269006609916687,0.4352133921778661,0.3277134895324707,0.4190128256298447,0.3286941945552826,0.5565015906334398,0.3420317769050598,0.39876270919503704,0.34391307830810547,0.5144681417784752,0.36800193786621094,0.44700564922871333,0.36981749534606934,0.6779237896012933,0.4727357029914856,0.3097133806261992,0.4803040623664856,0.7339363570179488,0.6463813185691833,0.2655375840082086,0.6519138813018799,0.7803065400898664,0.8104476928710938,0.21015197153254253,0.8230023384094238,0.8079263314163485,0.8507653474807739,0.18594779779852882,0.8577280044555664,0.7717972072689453,0.8553863763809204,0.208214634308077,0.8629471063613892,0.7560837836325575,0.8417195081710815,0.22258241794644745,0.8488208651542664,0.21325528632286136,0.8347036838531494,0.24446339798483302,0.8483344316482544,0.24957852220628385,0.8651320338249207,0.2450079494998028,0.8804407715797424,0.24245533336105715,0.8896843194961548,0.20787020035224477,0.872954785823822,0.22132889667655273,0.898426353931427,0.2420314988907644,0.8940321207046509,0.25008092697431195,0.885779082775116,0.18526067864124296,0.8715568780899048,0.20071323758407067,0.8974860310554504,0.22202138574627375,0.8933759927749634,0.22884854050432715,0.8855332732200623,0.1748573211790503,0.8691880106925964,0.19058199690169214,0.8944270610809326,0.20971093214543454,0.8907944560050964,0.21525835198210058,0.8833405375480652,0.17486299138264136,0.8672565817832947,0.18870572476699077,0.8883246779441833,0.20616988117072277,0.8866646885871887,0.2126185454230263,0.8798077702522278,0.7771716417356198,0.8074808716773987,0.733855243077481,0.8251417279243469,0.7239618153263999,0.8487388491630554,0.7257905531375388,0.8722363710403442,0.7233745164821767,0.8906262516975403,0.7725937207279118,0.8632909059524536,0.758425701364966,0.8970317840576172,0.7329997312384705,0.9019151329994202,0.7184183699315033,0.8989709615707397,0.8006200002943862,0.8628765344619751,0.7837601003530937,0.8983922004699707,0.7544155779405325,0.8997974991798401,0.7410108633675463,0.8942806720733643,0.8158270270567909,0.8600813746452332,0.8002926476060697,0.891984224319458,0.7723678311219226,0.8944799900054932,0.7586219151390767,0.8898235559463501,0.8220908885989084,0.8566257953643799,0.8101193047354243,0.883321225643158,0.7864815861065763,0.8885005712509155,0.7725417173653819,0.8856636881828308
0.506846957149863,0.34341099858283997,0.5303256236755035,0.3264245390892029,0.5457285936271186,0.32724782824516296,0.558109259464829,0.3282274901866913,0.4790760999169193,0.3267679214477539,0.4624160570342115,0.3275681138038635,0.4463128643199854,0.328525573015213,0.5829087863856985,0.34185606241226196,0.4262160216772209,0.34373873472213745,0.5410238380994902,0.3678724467754364,0.47407838545246206,0.369723379611969,0.7034894911830445,0.47262150049209595,0.33795039024942025,0.48012489080429077,0.7589276431727612,0.6458652019500732,0.29455399150590456,0.6517323851585388,0.804568293433784,0.8098956942558289,0.24317768270234044,0.8194789886474609,0.8326789409063402,0.8503279685974121,0.21725227368883596,0.8548911809921265,0.7967257001959532,0.8551536798477173,0.239731193707225,0.8602222204208374,0.7810299117312057,0.8412947654724121,0.2546514396491498,0.845646858215332,0.24583548200604816,0.8344020843505859,0.2712243847341018,0.8491343855857849,0.2736397776317216,0.8664777874946594,0.26966080197946773,0.8817320466041565,0.2665986526416803,0.8916916251182556,0.23402460286985977,0.8720578551292419,0.25065229564348573,0.8980183601379395,0.27140426748932184,0.8937744498252869,0.2790582717027494,0.88571697473526,0.21238190596414463,0.8711485862731934,0.22984315380021098,0.8971200585365295,0.251553412056906,0.8936008214950562,0.2587471424991216,0.8863499760627747,0.20252749753244298,0.8693191409111023,0.2194315441407864,0.894321858882904,0.23931065984212338,0.8910986185073853,0.24527954459159373,0.883895993232727,0.2027474888059766,0.8683369159698486,0.2166904911380146,0.8889154195785522,0.2337392443656041,0.8878173232078552,0.23934171103201257,0.8815860748291016,0.8075676031673864,0.806663453578949,0.7646864891781875,0.823373019695282,0.750642785502795,0.8465660810470581,0.7505084702370901,0.8708379864692688,0.7480884082515615,0.8905198574066162,0.7981755748623441,0.8642578125,0.7818580604813307,0.8975910544395447,0.7553101181153054,0.9009396433830261,0.7416449967256843,0.8965914845466614,0.8252218107154096,0.8643081784248352,0.8059532923523907,0.8991602659225464,0.7755200369396787,0.8995344042778015,0.7626471860457262,0.8927492499351501,0.8405733504881805,0.8616834282875061,0.8221199214715119,0.8929826021194458,0.7933791928727477,0.8941903114318848,0.7803733607382071,0.8882684707641602,0.8477347483742764,0.8582992553710938,0.8347439415752615,0.8850238919258118,0.8108132160646546,0.8889865875244141,0.7971014740077945,0.8848194479942322
0.4890156431998523,0.3431309163570404,0.5116263411002133,0.326155424118042,0.5265803446963347,0.32693931460380554,0.5384689498028702,0.327895849943161,0.4623580399456472,0.32658058404922485,0.4463477083682882,0.3273641765117645,0.4308599740363,0.3283153176307678,0.5624263939684663,0.3416648507118225,0.41152062727949945,0.3435749411582947,0.5217526398707273,0.3675215244293213,0.4574882715070115,0.3694289028644562,0.6786553647701398,0.47261524200439453,0.3266971350619557,0.48010754585266113,0.7322128685185197,0.6456528902053833,0.2847526402298437,0.6515547633171082,0.7761264683505438,0.809792697429657,0.23830119677171294,0.8189937472343445,0.8032889364822783,0.8500968813896179,0.2133999101033234,0.8542807698249817,0.7686626304667775,0.8549339175224304,0.23381807178493144,0.8596318364143372,0.753528663641304,0.8409794569015503,0.24788667524326335,0.8453012704849243,0.23568389589428643,0.8335192203521729,0.26313904961659357,0.8498225808143616,0.267704897452971,0.8680374026298523,0.26429097671835006,0.8832334280014038,0.26351427193458055,0.8915743231773376,0.22821579412054302,0.8721991777420044,0.2441023375269789,0.898790717124939,0.2635677397612778,0.8937685489654541,0.2684295218663056,0.8848052620887756,0.20721231201838475,0.8706992268562317,0.2228517528485273,0.8976806402206421,0.24373236047047175,0.8936052322387695,0.249339308109597,0.8854526281356812,0.19687576286352254,0.8687264919281006,0.21148901058563882,0.8945344686508179,0.2299408252596613,0.8910671472549438,0.23398828898004997,0.8833252191543579,0.19510254299958343,0.8679226636886597,0.207842623246273,0.888907790184021,0.22295415388877154,0.8879279494285583,0.2270411262722419,0.8814845085144043,0.7780693808834535,0.8079911470413208,0.7365838971914185,0.8267458081245422,0.7242660604938526,0.8491321802139282,0.7253256033127713,0.8721961379051208,0.7232519314872298,0.8913447856903076,0.7710216445168199,0.8655831217765808,0.7544767361936779,0.8977829813957214,0.7309182703045128,0.901031494140625,0.7180373970875865,0.8969626426696777,0.7970802389100322,0.8658111691474915,0.7794859398869647,0.8993648290634155,0.752811585636421,0.8998267650604248,0.7404986219559717,0.8931538462638855,0.8116750605361759,0.8632545471191406,0.7960330139954918,0.8931496143341064,0.770805945828612,0.8944168090820312,0.7585624903228692,0.8886844515800476,0.8182352921487582,0.8597556352615356,0.8077283904371909,0.8852022290229797,0.7863443730747727,0.8892737627029419,0.7738452195319889,0.8852831721305847
0.4878163380274222,0.34290528297424316,0.5120055556909724,0.3259423077106476,0.5280377545386638,0.32671645283699036,0.5407315153753085,0.3276734948158264,0.4592958691818896,0.32639867067337036,0.44218776943739807,0.3271790146827698,0.4256437820855169,0.3281051814556122,0.5663352897952,0.341539204120636,0.40500863917815866,0.34338754415512085,0.5228925480204014,0.3672883212566376,0.4540744234245438,0.369244784116745,0.690743016415292,0.47259944677352905,0.3141586064900797,0.48002952337265015,0.7480249193819777,0.645244300365448,0.26900823620717773,0.6514178514480591,0.794986841242228,0.8094204068183899,0.2204708725043073,0.8185209035873413,0.8244097522214938,0.8497031331062317,0.19290709015605742,0.8537867665290833,0.7874089362662134,0.8546873331069946,0.21476282183172743,0.8593013882637024,0.7711067113683081,0.8406408429145813,0.2297233955574341,0.844904899597168,0.21784917030555725,0.8318307995796204,0.24447655796920825,0.8452708125114441,0.24687769541116109,0.8619293570518494,0.24164421950772416,0.8782125115394592,0.23930957398769062,0.8884298205375671,0.2045021942773923,0.8705906271934509,0.22257388335901698,0.8970454931259155,0.2445088436926034,0.8934105038642883,0.25211986780574824,0.8847663402557373,0.18511936421335426,0.8699899315834045,0.20564523933294807,0.8963321447372437,0.22873811934549507,0.8930916786193848,0.23645005899136212,0.8856667876243591,0.17687894967090284,0.8689418435096741,0.19639139368845884,0.8944854140281677,0.2176836833260447,0.8919121026992798,0.22418467281462479,0.8844814300537109,0.17781157587600332,0.8687682151794434,0.19472913187585572,0.8901370763778687,0.21238300891078252,0.8901557922363281,0.2186662056491195,0.8840999603271484,0.7967386044429187,0.806668758392334,0.7518919591134378,0.82451993227005,0.7386206063228999,0.8475004434585571,0.7403682386902942,0.8708738088607788,0.7375039768592129,0.8895748257637024,0.787939132343338,0.8640552163124084,0.7689919421328558,0.8966333866119385,0.7463425106982099,0.9019681215286255,0.7335182300235523,0.8992547988891602,0.8163869492523865,0.8642955422401428,0.7958783040558841,0.8983460664749146,0.7689814338727159,0.9000210762023926,0.7569315032642251,0.8947886228561401,0.8324814004825615,0.8617291450500488,0.8149442738413263,0.8925668001174927,0.788826246911419,0.8954757452011108,0.7755380809046574,0.8913140296936035,0.8404607934666772,0.8581318855285645,0.8289715691250962,0.8843734860420227,0.8065099818992948,0.8901026844978333,0.7926400931053437,0.8879963159561157
0.4286150047395351,0.3428955078125,0.4511010029887827,0.3259139657020569,0.46622059381526026,0.3266831040382385,0.47805702166934183,0.32764896750450134,0.40205747021921406,0.3263816833496094,0.3861808068624201,0.32716310024261475,0.37076370646250395,0.3280884027481079,0.5020640003902588,0.34153714776039124,0.3515813097414255,0.3433478772640228,0.46135702966931147,0.3672872483730316,0.39707878692303344,0.3692314922809601,0.6183668272461471,0.4730156362056732,0.2669266390174318,0.4800128936767578,0.6718282012202027,0.6453899145126343,0.224664679962974,0.6514220833778381,0.7157282563780032,0.8095667958259583,0.17943667701795366,0.8203266859054565,0.7430107505322355,0.8499744534492493,0.15362129217514112,0.855390191078186,0.7086079914298911,0.8548262715339661,0.1742625584918601,0.8611915707588196,0.693409556505812,0.8407581448554993,0.18798312340793671,0.8471845388412476,0.17301081538609875,0.8317117094993591,0.20115049377140026,0.8446176052093506,0.20440634893831802,0.8612264394760132,0.19831325677247713,0.8776984810829163,0.19564186308786505,0.8896577954292297,0.1678732595413178,0.8712593913078308,0.1833305433600759,0.8980300426483154,0.20358501677652305,0.8952635526657104,0.21139555672333554,0.8870781660079956,0.14840915590498954,0.8713006377220154,0.16710227931824856,0.8975136280059814,0.18803926175897567,0.8948450684547424,0.19618998184020334,0.8876261711120605,0.13968779743753787,0.870171844959259,0.15847819010339573,0.8949875235557556,0.17734615791678637,0.8923045992851257,0.1839340560127462,0.8851585984230042,0.13952824811556755,0.8697296380996704,0.15542597604350178,0.8901612758636475,0.1709874829612352,0.8899076581001282,0.1767306663754676,0.8843971490859985,0.7156319515274565,0.8068503737449646,0.6732748719758495,0.8245538473129272,0.6635792136456554,0.8477252125740051,0.6657307438661255,0.8711908459663391,0.6617516548373898,0.8901609778404236,0.7095154768416831,0.8643699288368225,0.6937720363227677,0.8965148329734802,0.6710170883362943,0.90166836977005,0.6583658253447694,0.8990129828453064,0.7350234035425185,0.8639482855796814,0.7175133814959717,0.8979812264442444,0.6909773683688156,0.8998009562492371,0.6789647764065311,0.8947158455848694,0.7490195505748467,0.8611130714416504,0.7332989849958362,0.8924611806869507,0.7079858336708781,0.8949651122093201,0.6959611274652711,0.8903180956840515,0.7552102672993057,0.8574612140655518,0.744065434151996,0.8844337463378906,0.7220893846370204,0.8897273540496826,0.7095141909722802,0.8868856430053711
0.46411005038544206,0.3431873321533203,0.4888443970568583,0.32604724168777466,0.5057528135434506,0.32681360840797424,0.5188094211041545,0.32779911160469055,0.43478841092443704,0.32650429010391235,0.41733574761032566,0.32730957865715027,0.40027888655668975,0.3282581567764282,0.5455260736862454,0.3417209982872009,0.37923899382622267,0.34343618154525757,0.5003112812365267,0.36760610342025757,0.4292201110755182,0.369449645280838,0.6749273555051728,0.4733583331108093,0.28583651164173296,0.4803544580936432,0.7334218529115634,0.6456870436668396,0.2392383206556136,0.651723325252533,0.7820198711343035,0.8096637725830078,0.18860599412532017,0.8212960362434387,0.8121566266391101,0.8500171899795532,0.1608216825418002,0.8570243120193481,0.7740857055791586,0.8548606634140015,0.18446804098104225,0.8627856373786926,0.7572855993403486,0.8409383893013,0.19883698836736519,0.8481996655464172,0.1898991278821137,0.8297793865203857,0.20500296011244648,0.8420640826225281,0.20344988924872137,0.8576599359512329,0.19972829222804797,0.8735072612762451,0.2014413762265888,0.8860988616943359,0.16491862155664655,0.8679932951927185,0.18431164068373462,0.893016517162323,0.20864915552958246,0.8916983604431152,0.22036994918054711,0.8837217092514038,0.15299399273663553,0.8694413304328918,0.17632582839965225,0.8938746452331543,0.20032667546009286,0.8920160531997681,0.21130150240277404,0.8845195174217224,0.15247842397679756,0.8702949285507202,0.17388955916043097,0.8944644331932068,0.19813744568509284,0.8922176361083984,0.2093796600421058,0.8842353820800781,0.16161583289643552,0.8717661499977112,0.17862911526759007,0.8925768136978149,0.19918131237319117,0.8923783302307129,0.21025041003965944,0.8858188390731812,0.784335157115416,0.805194616317749,0.7376171621912034,0.824351966381073,0.7235946353796231,0.8476356863975525,0.7245827932365081,0.8709161281585693,0.7227706089179258,0.8901394605636597,0.7773799394894151,0.864282488822937,0.7597819390229044,0.895534873008728,0.7339868033571342,0.9009695053100586,0.717494668116685,0.89986252784729,0.8060028224814915,0.8632175326347351,0.7868200405463917,0.8959449529647827,0.7571346463783512,0.8993114233016968,0.7393841205231556,0.8958951830863953,0.8219365964929649,0.8595846891403198,0.8046807111471717,0.8891062140464783,0.7769612247257793,0.8937674760818481,0.7599617946849668,0.891876757144928,0.8288528778390856,0.8553621768951416,0.8167579215139635,0.8808826804161072,0.7933204524724062,0.8876968026161194,0.7770314597844865,0.8870644569396973
0.4573428016816752,0.34361207485198975,0.4786254982686499,0.3263724744319916,0.49337911017711084,0.3270948827266693,0.5046558611284578,0.3280528783798218,0.43216365478793334,0.3269006013870239,0.41712208686631874,0.3277929425239563,0.4023986975577326,0.3288084864616394,0.5278342007223531,0.3418871760368347,0.3843687163718411,0.34361448884010315,0.4885036288405674,0.3678617477416992,0.42731020941553843,0.3697120249271393,0.6398061504493986,0.4736998677253723,0.30424174415609934,0.48047032952308655,0.6903108976491233,0.6456601023674011,0.2633312162956354,0.6516622304916382,0.732368007526678,0.8096923828125,0.21945031489191189,0.8216866254806519,0.7582622392540734,0.8502346873283386,0.19546970117596618,0.857047438621521,0.7254094965923417,0.8549321889877319,0.21604648649145478,0.8621673583984375,0.7109251699902597,0.8409765362739563,0.22833046868220436,0.8478453755378723,0.22348770153032196,0.8323466777801514,0.23574218918168627,0.845464289188385,0.23130697411269763,0.861139714717865,0.22566945613048947,0.8763150572776794,0.2248327366577252,0.8885170221328735,0.20169325931484666,0.8702319860458374,0.21618836121217314,0.8964797258377075,0.23722083149847165,0.894141435623169,0.2471047218378171,0.8857591152191162,0.18942158943593043,0.8700406551361084,0.20637766522070428,0.895807683467865,0.22648569283481615,0.8932650089263916,0.2357770066522058,0.8854333162307739,0.18631553777567417,0.8694804906845093,0.20220371061358813,0.8943333029747009,0.22146125032212338,0.8913269639015198,0.23030409505711005,0.8832324743270874,0.19003828902877126,0.8696441650390625,0.20374703706008407,0.8903213143348694,0.2206589923791949,0.8896051645278931,0.22949096474420522,0.8830205202102661,0.7362680819567705,0.8058358430862427,0.696037336085781,0.824076235294342,0.6831671034097733,0.8468535542488098,0.6821996566313409,0.8700898289680481,0.6807325985658993,0.8891660571098328,0.7299068394897666,0.8626240491867065,0.7150131811013721,0.8954311609268188,0.6933762588175783,0.9022029042243958,0.6790172880526641,0.90223228931427,0.7533489634885646,0.862466037273407,0.7359230136429968,0.8962935209274292,0.7109851621745935,0.9001136422157288,0.6958904296581242,0.8969506025314331,0.7656421192414817,0.8600366115570068,0.749181415813756,0.8902003169059753,0.725948520220515,0.8950506448745728,0.711528327657996,0.893243134021759,0.7703237099801133,0.8570264577865601,0.7589317960384512,0.8827008605003357,0.739265555529361,0.889984130859375,0.7254373893986501,0.8900902271270752
0.44742780399002907,0.3439764380455017,0.4708823149456539,0.32655149698257446,0.48716264788520713,0.3272704482078552,0.4995510597909775,0.3282301723957062,0.41990468456392127,0.32705798745155334,0.40342971825936264,0.32798442244529724,0.38728300252857706,0.32902994751930237,0.5250511222814648,0.34207507967948914,0.3676199864812092,0.34384268522262573,0.4816826010376408,0.36805471777915955,0.4145576152682721,0.36987024545669556,0.6490223768168012,0.47406435012817383,0.2799839418266984,0.4807779788970947,0.7040579547215088,0.6461576223373413,0.23486055755006488,0.6518503427505493,0.7502359199256392,0.8098688125610352,0.1864565865062522,0.8226049542427063,0.7785692358258677,0.8505570292472839,0.16068404796570476,0.858687698841095,0.7424112108926261,0.8551214933395386,0.18376921039491295,0.8632915616035461,0.7263410407649483,0.8412847518920898,0.19680317820878787,0.8491255044937134,0.1852150836324473,0.832451343536377,0.21797255060255244,0.8461984992027283,0.22488340321517505,0.8634722232818604,0.2180731188740451,0.8800150156021118,0.21222363465883293,0.8909320831298828,0.17618657594331602,0.8703472018241882,0.18914241678020272,0.8987523317337036,0.21293020672317522,0.8947585821151733,0.22097079994322658,0.8855596780776978,0.15348028582029832,0.8689110279083252,0.17039009440546474,0.8947028517723083,0.19256413672414271,0.890881359577179,0.19915935421754347,0.8833914995193481,0.1429269250408439,0.8670337796211243,0.1636319420976492,0.8898859024047852,0.1823785430972245,0.8861565589904785,0.18610115051633358,0.8787199854850769,0.1404012755032019,0.8667036294937134,0.15838794639615708,0.8859415054321289,0.17434816661853506,0.8842211961746216,0.17866999036058026,0.8779367804527283,0.751359512720005,0.8068403005599976,0.7087621333459304,0.8242788910865784,0.696977948408425,0.8472632765769958,0.6969960720191887,0.8701502680778503,0.6948441953011791,0.8888514637947083,0.7481406173024058,0.8637480735778809,0.7314225458581718,0.8952270150184631,0.7065694607354568,0.9005200862884521,0.6903080332094845,0.8990998268127441,0.7733568853702286,0.8636713027954102,0.7550661820225896,0.8962706327438354,0.7269351398330807,0.8992655873298645,0.7106476995951887,0.8953230977058411,0.7864587634197299,0.8609793782234192,0.7705205047492185,0.8902753591537476,0.7444204441329778,0.8941276669502258,0.7289104001873733,0.8913586139678955,0.7909052314063901,0.857481837272644,0.7804378867050799,0.8825700879096985,0.7592279316378012,0.8890457153320312,0.7442349436463376,0.8882500529289246
0.48287372363364883,0.3441108465194702,0.5068646806858356,0.3266291618347168,0.5235801161164764,0.3273581266403198,0.5362842094190965,0.32833635807037354,0.45468859954896435,0.3271110951900482,0.43788176985761784,0.3280508816242218,0.4213998045587241,0.32909923791885376,0.5627320057398641,0.3421761095523834,0.40140723726321603,0.34391453862190247,0.5179354290259309,0.36815786361694336,0.4492078181688008,0.36993932723999023,0.6907255201887548,0.47414565086364746,0.31155234406165655,0.48082804679870605,0.7472779747504861,0.6465244293212891,0.2653332986332283,0.651870608329773,0.7929490548284013,0.809988796710968,0.2156250262592066,0.823625385761261,0.821925037609328,0.8514229655265808,0.18980703899494622,0.8602684140205383,0.7848426167554233,0.855892539024353,0.2136787323582025,0.8645310401916504,0.7682870121318208,0.8418595194816589,0.22650867468462077,0.8500482439994812,0.2115754091462088,0.8333250284194946,0.24967198976127655,0.8487148284912109,0.2580980530652656,0.8675500750541687,0.2501809524655012,0.8832298517227173,0.24184330001084134,0.8926070928573608,0.20764401880477276,0.8713529706001282,0.22129818309855864,0.9001997709274292,0.24319816898951188,0.8938565850257874,0.24815583465294497,0.8836606740951538,0.1839237517604087,0.8692407011985779,0.20040364322456508,0.8962228894233704,0.2212994565058535,0.8918917179107666,0.22701600015089488,0.8841065168380737,0.17251676931987067,0.8668053150177002,0.19153865461756892,0.8903462886810303,0.20919608399881953,0.8868522644042969,0.21265220235474644,0.8798377513885498,0.16962804487146996,0.865992546081543,0.18636254502846814,0.8853945732116699,0.20097742236009836,0.8834895491600037,0.20446901420495364,0.8773011565208435,0.7985478264902004,0.808407187461853,0.7523435889694582,0.8251582980155945,0.738654533315793,0.847173273563385,0.7391296961521054,0.8705745339393616,0.7355008491923964,0.8896045684814453,0.7884644781665432,0.8646255731582642,0.7741799044956682,0.8961359262466431,0.7495448580337388,0.9004079699516296,0.7348069513658919,0.8982741236686707,0.8166136193993814,0.8644684553146362,0.7996998598783318,0.896979033946991,0.77166074103577,0.899283230304718,0.7566843069900621,0.8944531679153442,0.8318620532432724,0.8614100217819214,0.8165309570744119,0.889910876750946,0.7907552287408083,0.8930716514587402,0.7769924609963031,0.8897611498832703,0.8385454040896407,0.8575514554977417,0.8273676531537111,0.8821699619293213,0.806312118214581,0.8873274922370911,0.793053910823367,0.8849081993103027
0.46855946402823434,0.34419071674346924,0.4918984818521384,0.3266719877719879,0.5081782525876664,0.3274065852165222,0.5205273346904637,0.3283933699131012,0.44124182966660636,0.32713738083839417,0.42496304786353223,0.3280795216560364,0.40898161685790774,0.3291269540786743,0.5464231667356492,0.3422216773033142,0.3896343542457566,0.3439316153526306,0.5026714175376673,0.36821943521499634,0.4359307326044284,0.3700025677680969,0.67055806534318,0.47416409850120544,0.30230812199213736,0.48092254996299744,0.726212711512212,0.6463892459869385,0.2575675109783825,0.6518824100494385,0.7702993909408882,0.8102256059646606,0.20844040176823334,0.8247157335281372,0.7980904413957592,0.8520970344543457,0.18416573022647262,0.8611060976982117,0.761903778236275,0.8565585017204285,0.20741959390230083,0.8651482462882996,0.7458517091982357,0.8425569534301758,0.21975274712878873,0.8509923815727234,0.19981731693973684,0.8296032547950745,0.23179688484565197,0.8428047895431519,0.23862048345789286,0.8604589104652405,0.23569762295263866,0.8767426013946533,0.2350424905210088,0.8878334164619446,0.19792275193185108,0.8706204891204834,0.21329074460447853,0.8979358673095703,0.23553042272991315,0.8938107490539551,0.24375011141479755,0.8843583464622498,0.1796042792832953,0.8696175813674927,0.19609165519608993,0.8960071206092834,0.2196217135786595,0.892998218536377,0.22856318167875703,0.8854842185974121,0.17275620459282273,0.8680459260940552,0.1898650362552935,0.8927183747291565,0.21115138349525975,0.8904103636741638,0.21819577893732078,0.883259654045105,0.1748482382203237,0.8673863410949707,0.19020561752858084,0.8893380761146545,0.2086907252956028,0.8889761567115784,0.21652822690610768,0.8825914263725281,0.7740423590024766,0.8101990222930908,0.7309208776487146,0.8262685537338257,0.7162523251135491,0.8482394218444824,0.7183641197306181,0.8712372183799744,0.7165610839532337,0.8897365927696228,0.7662426487393137,0.8644819855690002,0.7505047776694549,0.8960426449775696,0.7276234236575654,0.9000815749168396,0.7149137343992912,0.8980438709259033,0.7925178776565983,0.8651559948921204,0.7738624439339165,0.897610068321228,0.7478807866793471,0.8985499143600464,0.7365542607337845,0.893287718296051,0.8069591170034535,0.8630934357643127,0.7898730484469283,0.8918793201446533,0.7653908247064252,0.8937243223190308,0.7540573055956534,0.8895798921585083,0.8135899091062184,0.8601624369621277,0.8011331040039887,0.8850262761116028,0.7803663701304647,0.8893800377845764,0.7689814971701276,0.886531412601471
0.4303050070895745,0.34420305490493774,0.45689476840094956,0.32667216658592224,0.47534676461623426,0.3274063766002655,0.48935981985339766,0.32839322090148926,0.3993635138566227,0.3271382749080658,0.3809160781149371,0.32808101177215576,0.3628018769792225,0.329129159450531,0.5190569038561046,0.3422204852104187,0.3409400466571974,0.34393590688705444,0.46921484782482464,0.3682217597961426,0.3935086258342826,0.37002238631248474,0.6598534453898278,0.4741628170013428,0.2418667580278392,0.4809463918209076,0.7226926111536807,0.645868718624115,0.19160673859161506,0.6519185304641724,0.7721573480008649,0.8099573850631714,0.13553003510048206,0.8261090517044067,0.8038132754268581,0.8522176742553711,0.10842722050920572,0.8629559278488159,0.7626241179875974,0.8567581176757812,0.13467982680748072,0.8664337992668152,0.74441422691461,0.8425854444503784,0.14850082209947404,0.8523505926132202,0.13334418810317633,0.8314705491065979,0.17515310990414235,0.8431952595710754,0.18461617263063032,0.8591536283493042,0.1771299551968988,0.8753758072853088,0.17302844926095817,0.8869104981422424,0.13006058710557655,0.8704412579536438,0.146445128618438,0.8987709283828735,0.17008362344471076,0.8939442038536072,0.1757479316755928,0.884727418422699,0.10257733300616288,0.8698068261146545,0.12370914751701619,0.8962593674659729,0.14973222997954588,0.8919260501861572,0.15483043942182106,0.8841409683227539,0.08987893429433251,0.8676674365997314,0.1125719309318749,0.8914267420768738,0.1356170041321004,0.8878619074821472,0.1392263989629568,0.8806968331336975,0.08909541292667976,0.8660880923271179,0.10751528580599873,0.886752188205719,0.12730468090838049,0.8846598863601685,0.13170983837812938,0.8775410056114197,0.7764360323365469,0.8097601532936096,0.7244604747439651,0.826110303401947,0.7112446222952519,0.8484002351760864,0.7136468717656668,0.8712640404701233,0.7118180418441099,0.8897930383682251,0.7661034393104929,0.866788387298584,0.7494665115876589,0.8976208567619324,0.722981041106748,0.9024870991706848,0.7067352740054248,0.900299608707428,0.7965023561976122,0.8664905428886414,0.7775145443385849,0.898679256439209,0.7458973409340299,0.9010684490203857,0.7284392879384276,0.8963167071342468,0.8131113610206901,0.8631695508956909,0.7972831572827672,0.8923311233520508,0.7671866718027476,0.8957570791244507,0.7502731553565423,0.8920853734016418,0.8204914874370104,0.8589747548103333,0.8093089661470357,0.8842571377754211,0.7844625458793112,0.8900370001792908,0.7683241499283393,0.8879151344299316
0.4866730468318141,0.3443835973739624,0.5122335680734361,0.3267151713371277,0.5298239417520798,0.3274461627006531,0.543197439541819,0.32842525839805603,0.4572271225190332,0.32716548442840576,0.43960592835284773,0.32810449600219727,0.4223294048864491,0.3291449248790741,0.5717164605782806,0.34222403168678284,0.40153976542612924,0.3439716398715973,0.523981552154519,0.3683640956878662,0.45170926350068746,0.37020769715309143,0.7064531806091172,0.4741632044315338,0.30691945733856113,0.4810965955257416,0.7655815993630631,0.6458241939544678,0.26047653002065185,0.6523813009262085,0.8127055145078089,0.80980384349823,0.20554608672049038,0.8275198936462402,0.8428428400052221,0.8521949052810669,0.18045950676315928,0.8641850352287292,0.8037736761875236,0.8566834330558777,0.2049145146629736,0.8687108755111694,0.786370475940028,0.8425278663635254,0.21805685879614925,0.8540533185005188,0.2018832357960674,0.8323245048522949,0.2290482151657478,0.8443783521652222,0.23222306868006412,0.8609705567359924,0.2282540154490299,0.877112865447998,0.2275355319052953,0.8890560269355774,0.1937718785240795,0.8705466985702515,0.21086218216352376,0.8985183238983154,0.23559917082342824,0.8946242332458496,0.24495578259577502,0.8851600885391235,0.17483743787852116,0.8702589273452759,0.19656536664923366,0.89678955078125,0.22314571035981337,0.8937243819236755,0.23264265452531155,0.8864811658859253,0.16816817808456483,0.8693479895591736,0.18996734108855,0.8940014839172363,0.21411366731084935,0.8913493156433105,0.22173510089225926,0.8840771913528442,0.17067049270520115,0.8693389296531677,0.18853603840999164,0.8904963731765747,0.20925432920453557,0.889485239982605,0.21724347256305324,0.8826592564582825,0.8169957416312962,0.8065371513366699,0.7695176960331616,0.8223421573638916,0.7559699556851414,0.8449495434761047,0.7589539739282056,0.8692633509635925,0.7564960400467462,0.8893817067146301,0.8072991890359635,0.8620240688323975,0.7920206189321299,0.8947018384933472,0.7666358278713312,0.8996137976646423,0.7524461211800825,0.8975818753242493,0.8367873007982757,0.8624752759933472,0.8183558863649174,0.8960638046264648,0.7896588083533999,0.8974031209945679,0.7771283729592661,0.8917663097381592,0.8539656030327186,0.8601560592651367,0.8374066857941964,0.8903626799583435,0.8099873611139606,0.8920799493789673,0.7979478411587662,0.8872086405754089,0.8619482618827189,0.8572888970375061,0.8494224037887149,0.8837429881095886,0.8263911078780768,0.8882023096084595,0.8141347001850572,0.8847591876983643
0.49720680021217256,0.3444756865501404,0.5207314924484248,0.3268272876739502,0.5368186530940809,0.3275987505912781,0.549055264863761,0.32860568165779114,0.47039684190962705,0.3271873891353607,0.45425562892868354,0.32811668515205383,0.4384939330864062,0.32914817333221436,0.5752884324400784,0.34236496686935425,0.41938245710023464,0.3439977765083313,0.5312959690716337,0.3684837818145752,0.46520000628777675,0.3702644109725952,0.698561652940424,0.4741978645324707,0.3328124112663226,0.481168270111084,0.7532852833596091,0.6456770896911621,0.29144134666941873,0.6527482271194458,0.7972009575394715,0.809078574180603,0.24037090435746208,0.8272024989128113,0.8238070513567975,0.8516722917556763,0.21725957299626084,0.8642687797546387,0.788974680323372,0.8562080264091492,0.2395995949691482,0.8688986897468567,0.7732336638584014,0.8419520258903503,0.25161405164079703,0.8542496562004089,0.23190236806185197,0.8311688303947449,0.26047092781109127,0.8444207906723022,0.2646644823450589,0.8613086938858032,0.2618648503569671,0.8765889406204224,0.2630891531874637,0.8870799541473389,0.2320314659620029,0.8707747459411621,0.24460192936514988,0.8980487585067749,0.26716829113299395,0.8950640559196472,0.2752033974445479,0.886523962020874,0.2128678207541604,0.8699295520782471,0.22921286334784896,0.8960174322128296,0.2526234005392217,0.8935993313789368,0.2603762490431524,0.8865790963172913,0.20460766492920177,0.8679737448692322,0.22231437302996565,0.891118586063385,0.24290901022394884,0.8885141015052795,0.24819107417318134,0.8815843462944031,0.20456595744984452,0.8666936755180359,0.2197006810752625,0.8860220909118652,0.23742018737412346,0.8851197361946106,0.2425437384910664,0.8789530396461487,0.8061852926036208,0.8068532943725586,0.7645536260056829,0.8202306628227234,0.753332570434867,0.8451995253562927,0.7518076668752238,0.8697577118873596,0.7487651132306081,0.8897899985313416,0.7939131109100742,0.8631997108459473,0.778830626251276,0.897219717502594,0.7531084799145078,0.9010581374168396,0.7395665216838745,0.8964403867721558,0.8195011377103809,0.863903820514679,0.7997052196695734,0.8973165154457092,0.7710858681614012,0.8977875709533691,0.7588918008104635,0.8909010291099548,0.8335679964253663,0.8621743321418762,0.8143855549538336,0.8915777206420898,0.7882641187854263,0.8918388485908508,0.7772956794190116,0.886544406414032,0.8400670399854758,0.859818160533905,0.8261808904327221,0.8845829367637634,0.8044025419684195,0.8876408934593201,0.792766503952494,0.8836443424224854
0.4702876373132522,0.3445799946784973,0.4979629134147165,0.32693156599998474,0.5168303935369121,0.32772499322891235,0.5311903401057128,0.32873791456222534,0.43890295237298915,0.3272167146205902,0.4199516722231119,0.32813555002212524,0.401512721476245,0.32915666699409485,0.5620473997862778,0.3424396216869354,0.37898691413290536,0.3440069854259491,0.5103107186648691,0.36858105659484863,0.4327293564830068,0.370297372341156,0.7068011709800373,0.47419828176498413,0.27725760673657723,0.48116907477378845,0.7713687446756473,0.645201563835144,0.2294744137927687,0.6527767181396484,0.8237963159227887,0.8081647157669067,0.1692946038208485,0.826745867729187,0.8541825576830652,0.8510526418685913,0.14190812903489128,0.8641582727432251,0.8139438211113578,0.8557243347167969,0.16811389864800536,0.8685303926467896,0.79588546726913,0.8415180444717407,0.1823343420960534,0.8540091514587402,0.15866079337797284,0.8310303092002869,0.19322985892113254,0.8452730178833008,0.2005946503241729,0.8622940182685852,0.19920657177877737,0.878153920173645,0.20111454585950195,0.8890511393547058,0.16001776898483644,0.8707106709480286,0.17748355152346273,0.8974363207817078,0.20256879738917707,0.8941581845283508,0.20960022909205483,0.8859217166900635,0.13789570682123,0.8702636957168579,0.16264425979876024,0.8956375122070312,0.18954494799184152,0.8927009701728821,0.195773265422594,0.8850955367088318,0.1288653438577526,0.8682833313941956,0.1538128861152658,0.8918440341949463,0.17773601495483357,0.8890015482902527,0.181981842126025,0.8812611103057861,0.13056848024270187,0.8669269680976868,0.1497826937151586,0.8878874778747559,0.17049857996282333,0.8865804672241211,0.17548016237949693,0.8793515563011169,0.8277262877431819,0.8073245286941528,0.7774786623601145,0.8241948485374451,0.7662728523139418,0.8479045629501343,0.7669749893931214,0.8716173768043518,0.7618008182354262,0.8897198438644409,0.8152770963199581,0.861842155456543,0.7980155175579128,0.8966220617294312,0.7705812943423225,0.9000572562217712,0.7579213963585247,0.8957049250602722,0.8472811816600447,0.8619565963745117,0.8289232907740197,0.8973240852355957,0.797558932145986,0.898041844367981,0.7858248015739023,0.8921027183532715,0.8662680839788389,0.8595833778381348,0.8488103583486818,0.89082270860672,0.8183951607955313,0.8918784856796265,0.8061051444370888,0.8867169618606567,0.876269938332043,0.8564609289169312,0.8627361316164242,0.8827680349349976,0.8365746545508841,0.8862217664718628,0.8239296434436487,0.8821362853050232
0.4680756575610618,0.34466278553009033,0.49609949311621987,0.3270275592803955,0.5151421366460578,0.32782799005508423,0.5296413662487708,0.32883650064468384,0.4364789037169741,0.32727450132369995,0.417325753303961,0.32819563150405884,0.3987400394304048,0.3292103409767151,0.5609022237505361,0.34249749779701233,0.3758702746282257,0.34406599402427673,0.508561920282344,0.3686150908470154,0.4301471111197707,0.3703349828720093,0.707723559366656,0.47434717416763306,0.27310684033857524,0.4813028872013092,0.7727632791740424,0.6452968120574951,0.2251004954649601,0.6532148718833923,0.8271078976238145,0.8083387613296509,0.16417974738342578,0.8265137672424316,0.8579489362978279,0.851057231426239,0.13658613324644178,0.8638651967048645,0.8168689416001882,0.8557182550430298,0.1625508131796396,0.8687089085578918,0.7983181507087637,0.8415594100952148,0.1771187122631751,0.8542345762252808,0.154031958506416,0.8327045440673828,0.19050812582025275,0.8444350361824036,0.19618674306725764,0.8606887459754944,0.18976520748760264,0.8767443895339966,0.18780275054843576,0.8885098695755005,0.15668484610473382,0.8714155554771423,0.172472964916778,0.8991773724555969,0.19623793041695403,0.8962852358818054,0.20485573353955044,0.8878101110458374,0.13276295422562964,0.8707740902900696,0.1542078531008163,0.8971826434135437,0.1803219257909103,0.8952919840812683,0.19000743923600463,0.8885892629623413,0.12134060034117947,0.869053065776825,0.14376584016335403,0.893072783946991,0.1681264158853805,0.8910096883773804,0.17593351871709978,0.8840646743774414,0.1205224283484515,0.868077278137207,0.13986959532886234,0.8886414766311646,0.1607506696751552,0.8878861665725708,0.16836662490786708,0.8813615441322327,0.8278103201580355,0.8061667084693909,0.7802302750911257,0.8232738971710205,0.768796920054503,0.8470055460929871,0.7684666790887197,0.8703939914703369,0.7632098208351407,0.888666033744812,0.8196705408334103,0.8613011240959167,0.8037529262826584,0.8946383595466614,0.7763499437431727,0.8984251022338867,0.7621830191122791,0.8954628705978394,0.851835763219973,0.8609673380851746,0.8353708568286768,0.8949238061904907,0.8048101927346134,0.8956292867660522,0.7924235145900158,0.8895912170410156,0.8706358034803224,0.8580924272537231,0.8549594299550752,0.8874725103378296,0.8260441089127852,0.8883107900619507,0.8141021002286148,0.8833131194114685,0.8793459915130968,0.8547282814979553,0.8675187415645359,0.8788524866104126,0.8430962663014855,0.8815145492553711,0.831307406865197,0.8768414855003357
0.4014374131972284,0.34479740262031555,0.4265928992858058,0.32721009850502014,0.44363754212379325,0.3279837369918823,0.45660284211878294,0.32895627617836,0.3732440432067569,0.3274831175804138,0.3561300362205228,0.3284229338169098,0.33951970376258933,0.32944658398628235,0.48464426807828953,0.34254640340805054,0.3190376410054254,0.3441987633705139,0.4376969218169345,0.36865389347076416,0.3675269090912153,0.37039846181869507,0.6165319084486017,0.47429928183555603,0.2272429582226331,0.48132649064064026,0.6750109428384442,0.6451770067214966,0.18576238543104603,0.6534861922264099,0.7225219512496543,0.8082159757614136,0.13127588718137967,0.8261686563491821,0.7504199975647811,0.8508827090263367,0.10556558019547792,0.8636717796325684,0.7134487219720345,0.8555736541748047,0.12945676717217422,0.8684808611869812,0.6968112935668881,0.8413764834403992,0.14269201146415877,0.8540228009223938,0.12929880592132414,0.8338159322738647,0.1494264618103445,0.8462941646575928,0.14960206865079642,0.8626179099082947,0.14715446294499773,0.8777748346328735,0.14999699023565133,0.8887268304824829,0.11486899582029937,0.8719258308410645,0.13323272031194436,0.8984631299972534,0.15836963792443437,0.8955774903297424,0.16762604171168688,0.8869709372520447,0.1004351065610089,0.8713369965553284,0.12309866993475609,0.897144615650177,0.14880569144476963,0.8939145803451538,0.15748957337190672,0.8861838579177856,0.09827389098937586,0.8702724575996399,0.12041561742878869,0.8954655528068542,0.14450910112309623,0.8926718235015869,0.15220150764118182,0.884583055973053,0.10544706311301608,0.870404839515686,0.12324782684853494,0.8925378322601318,0.14431429824374686,0.8913089036941528,0.15236615059018657,0.883472204208374,0.7251581580376202,0.8069517612457275,0.6798040460892911,0.8228541016578674,0.6685438711648238,0.8459377884864807,0.6685396628024501,0.8692946434020996,0.6662229962312075,0.8881890773773193,0.7159524022606892,0.8627129793167114,0.6992394448255734,0.894792914390564,0.6756896704753055,0.8996397256851196,0.6630183651991217,0.8970230221748352,0.7443434914518042,0.8628475666046143,0.7269992796606388,0.8958091139793396,0.6993205850053745,0.897628128528595,0.6866149483519318,0.8922383785247803,0.7603154817854798,0.8603543043136597,0.7446025641460005,0.8897437453269958,0.7183280597360822,0.8919296264648438,0.7059056384872952,0.8879647254943848,0.7677671625927,0.8573269248008728,0.7550614521083384,0.8820388913154602,0.7328154579537991,0.8869956135749817,0.7205291809193461,0.8846549391746521
0.4917216197249643,0.34484344720840454,0.5137728059175267,0.3272854685783386,0.5286708085021888,0.3280559480190277,0.5400247742312119,0.3290213942527771,0.46713911691223353,0.32753869891166687,0.45217755313017505,0.3284752368927002,0.4376820510214113,0.3294937014579773,0.5646347664552025,0.34260791540145874,0.4197424676862135,0.34423741698265076,0.5235150919854619,0.3686828911304474,0.46214920800637965,0.37043970823287964,0.6800213121014549,0.4741251468658447,0.3396061232372375,0.4811844825744629,0.7316473298551424,0.6448158025741577,0.30412293960016457,0.6535003781318665,0.7725423461434257,0.8071528673171997,0.2570145097529983,0.8258557319641113,0.796772068178323,0.8503658175468445,0.2339170159105035,0.8634657859802246,0.7646863757326382,0.8551555871963501,0.25548634692412375,0.8683179020881653,0.7503092845855215,0.840849757194519,0.26704240176984334,0.8538668751716614,0.2521437861584044,0.8341274857521057,0.2760326330407674,0.8461564183235168,0.27895848078873414,0.860781192779541,0.27261352458935106,0.8745167255401611,0.2703911089356156,0.8852177262306213,0.24953327615802814,0.8714665174484253,0.25945012966683284,0.8979532718658447,0.27793998519573365,0.8976165652275085,0.28881462851434025,0.89073646068573,0.23035265237752456,0.8703795075416565,0.2459675736455101,0.8951184749603271,0.2654109761936252,0.8940533995628357,0.2755787996384439,0.887986421585083,0.22094270748409764,0.8681910037994385,0.23880621096982302,0.8899827599525452,0.25566402789572873,0.8882263898849487,0.2627281129012889,0.881792426109314,0.21853702908863046,0.8667898178100586,0.23332502563140275,0.8849622011184692,0.24792467776310842,0.8846994042396545,0.25493459056032924,0.8792308568954468,0.7776490527825662,0.8101333975791931,0.7382157504469962,0.8254714608192444,0.7277377031884891,0.847619891166687,0.7271388728211405,0.8710910677909851,0.7243216598709573,0.8899170160293579,0.7696463431201247,0.8636705279350281,0.7547079130327532,0.8973327279090881,0.7313612722022915,0.9011470079421997,0.7190150419734067,0.8975377082824707,0.792875153751149,0.8644858002662659,0.7753305855122576,0.8986834287643433,0.7496079819527258,0.8997460603713989,0.7380249377965382,0.8944548964500427,0.8048273690853108,0.8631033897399902,0.7873633977353008,0.8929349780082703,0.7637716752523404,0.89478600025177,0.7524637833252878,0.8906770348548889,0.808962202431064,0.8613215684890747,0.7964278697753665,0.8863674998283386,0.7762079881528652,0.8912172317504883,0.7643797332859098,0.8889363408088684
