pose_0_x,pose_0_y,pose_1_x,pose_1_y,pose_2_x,pose_2_y,pose_3_x,pose_3_y,pose_4_x,pose_4_y,pose_5_x,pose_5_y,pose_6_x,pose_6_y,pose_7_x,pose_7_y,pose_8_x,pose_8_y,pose_9_x,pose_9_y,pose_10_x,pose_10_y,pose_11_x,pose_11_y,pose_12_x,pose_12_y,pose_13_x,pose_13_y,pose_15_x,pose_15_y,pose_17_x,pose_17_y,pose_19_x,pose_19_y,pose_21_x,pose_21_y,pose_14_x,pose_14_y,pose_16_x,pose_16_y,pose_18_x,pose_18_y,pose_20_x,pose_20_y,pose_22_x,pose_22_y,left_hand_0_x,left_hand_0_y,left_hand_1_x,left_hand_1_y,left_hand_2_x,left_hand_2_y,left_hand_3_x,left_hand_3_y,left_hand_4_x,left_hand_4_y,left_hand_5_x,left_hand_5_y,left_hand_6_x,left_hand_6_y,left_hand_7_x,left_hand_7_y,left_hand_8_x,left_hand_8_y,left_hand_9_x,left_hand_9_y,left_hand_10_x,left_hand_10_y,left_hand_11_x,left_hand_11_y,left_hand_12_x,left_hand_12_y,left_hand_13_x,left_hand_13_y,left_hand_14_x,left_hand_14_y,left_hand_15_x,left_hand_15_y,left_hand_16_x,left_hand_16_y,left_hand_17_x,left_hand_17_y,left_hand_18_x,left_hand_18_y,left_hand_19_x,left_hand_19_y,left_hand_20_x,left_hand_20_y,right_hand_0_x,right_hand_0_y,right_hand_1_x,right_hand_1_y,right_hand_2_x,right_hand_2_y,right_hand_3_x,right_hand_3_y,right_hand_4_x,right_hand_4_y,right_hand_5_x,right_hand_5_y,right_hand_6_x,right_hand_6_y,right_hand_7_x,right_hand_7_y,right_hand_8_x,right_hand_8_y,right_hand_9_x,right_hand_9_y,right_hand_10_x,right_hand_10_y,right_hand_11_x,right_hand_11_y,right_hand_12_x,right_hand_12_y,right_hand_13_x,right_hand_13_y,right_hand_14_x,right_hand_14_y,right_hand_15_x,right_hand_15_y,right_hand_16_x,right_hand_16_y,right_hand_17_x,right_hand_17_y,right_hand_18_x,right_hand_18_y,right_hand_19_x,right_hand_19_y,right_hand_20_x,right_hand_20_y
0.4572260884072176,0.270780816054108,0.4815029885185007,0.25697808864439053,0.49305232028946083,0.25857830150089134,0.5042381195436373,0.2601197251469424,0.43705256062932296,0.25414586346048373,0.4220396837955209,0.2541332581915672,0.40810630236234535,0.2541499408780501,0.5231732240958058,0.2732031752784814,0.3947728551064069,0.26498119832135447,0.4824741112988772,0.2933831092167752,0.4266775411781433,0.2897669184424688,0.611539567230365,0.3991502365232601,0.308692596939881,0.38229468710112624,0.6512523641343599,0.5611641999535265,0.2407720724609455,0.5324586192187071,0.6511850621668414,0.6870889500954378,0.20850869285128912,0.6684473758375988,0.6602050168585044,0.7370246970664363,0.18763712541201738,0.71727421656289,0.6352993272336731,0.7362062157957463,0.2177093654860326,0.7205321608779499,0.6262055348776409,0.7251228092329565,0.22921253642950049,0.7093881864043018,0.20260366956298417,0.6788911975201264,0.2425083081835623,0.6884504831145424,0.2546198669458551,0.7097498491960482,0.2538657893639713,0.7319583353574296,0.2597930786013703,0.7492595194804046,0.21827618469534074,0.7212589119001968,0.21903889036055216,0.7534681236690628,0.22620891672425256,0.7687571618196357,0.23500243231910153,0.7763617387629695,0.190582664099941,0.7211054463347728,0.18984246584828884,0.7558481022318636,0.19893900230573117,0.7712873807821314,0.20931536737495615,0.7797993981501934,0.1727912624469896,0.7200449973638405,0.17287149345433406,0.751439070464807,0.18293063661737358,0.7661347490077015,0.19336123005840566,0.7744357771119893,0.16458545791043633,0.7179415886607724,0.16530278193979836,0.7416538152468266,0.17304116106741502,0.7540693751106997,0.18262432904711307,0.7616175582691784,0.6433241005736328,0.6983203555967887,0.6072011047537748,0.7052045922312216,0.5952949958486556,0.7261453109584214,0.5929792966705263,0.748303401134655,0.5868534950251486,0.76577283768015,0.6339845074275394,0.7439567012220443,0.6231997476584259,0.772787005612839,0.6068332428364611,0.7840270916295967,0.592668269350449,0.7894140297726251,0.6573254151346699,0.7451665954934097,0.6441111342100139,0.7752609264213066,0.6231127875180376,0.7843577076283023,0.6064596468720649,0.7864693349050229,0.6697822718717554,0.743738419975509,0.6600024785478844,0.7704605594643814,0.6395315046914534,0.7795513175871878,0.6223369209753347,0.7830046767918889,0.6741621464653702,0.7412845238094196,0.668414964734974,0.7635496536633566,0.6537559579913976,0.77212853414735,0.6390809207774485,0.7754639425460019
0.45875182020521466,0.2704525434714493,0.4829794068456068,0.25636379155814726,0.4948277077591525,0.257900283878706,0.5056988243594289,0.25927494390322714,0.438428539373111,0.2530291122797058,0.42353239888139077,0.25255046717491625,0.40969500848276164,0.25238103261921774,0.5244601010482594,0.272256951406888,0.3963260291559365,0.2640874724927479,0.4840911015590337,0.2936720505716678,0.4282106950166012,0.2899659842013747,0.6119374266277093,0.40033005438735275,0.3060562823874011,0.38090604144079065,0.6501650197067196,0.5620485112975486,0.23927299203590358,0.5312459379194411,0.6490757516341197,0.6896569688128646,0.20704479075305654,0.666862562156372,0.657506203977352,0.7383782213328649,0.18594461938672818,0.7143801863493157,0.6333495373464968,0.7373341088607344,0.21658375200874017,0.7168161212499633,0.6244442284320786,0.7253388818125378,0.2288664626822671,0.7038180101467361,0.20036812885589184,0.6728229647936327,0.2418284858102665,0.685957762329844,0.25406494997511375,0.7071274461472568,0.2522145819636157,0.730324111059993,0.2573512228508268,0.7484921557510361,0.21687240197405278,0.7211740811788001,0.21657948633438137,0.754677426738382,0.22294474497244854,0.768648973958528,0.22850014850346315,0.7760473139609281,0.18931173722057038,0.7200864401770943,0.18846091274997312,0.7567039355399263,0.19768956984434927,0.7711829985647913,0.2063922673831161,0.7786858499686453,0.1717286501620392,0.7174161160238692,0.1709334833801866,0.7511248377788615,0.18130876198006124,0.7656644933407801,0.19149961560362078,0.7732188121179384,0.1632600242443828,0.7141822194827046,0.1644782905734174,0.7406125348228213,0.17360584267663087,0.7528758662013579,0.18361233613859668,0.7592775050338811,0.6435471542318888,0.6965027820528557,0.6060060253197643,0.7052310560276166,0.5928927821907799,0.7269314807563826,0.5911028286340344,0.7497297055556695,0.585632737806671,0.7670638384649187,0.6319240751530405,0.7440789944051466,0.6211190586243213,0.77378453287311,0.6030100411134669,0.7843725866909153,0.587820743391236,0.7898357639191221,0.6548255072584093,0.7458815164138309,0.6418021379299939,0.7766176142754515,0.6194407992726272,0.7848959582983583,0.6018507483060774,0.7864098001854558,0.6669698989441117,0.7449619769911868,0.658499012371038,0.7717163203267785,0.6376637604802333,0.7801176653355949,0.6199478957388977,0.7832614212776188,0.6709511567916298,0.7428414010140523,0.6655819768985269,0.7647608436088773,0.6506844109158154,0.7729281597566044,0.6360806014520733,0.7763468858628874
0.4164402717606643,0.2722521216922654,0.436664575958084,0.2526206386794815,0.44871572430712364,0.25137059531259154,0.45941967841365805,0.2501953052367162,0.39245740656160605,0.2594592402425696,0.3778447849109449,0.26212160304680754,0.3643702689767565,0.2651281597685241,0.48059084396852786,0.2583713747569244,0.3541325673892657,0.28007335837745245,0.4466761376515077,0.28919114320770795,0.3911313257112694,0.2986307777527095,0.5950361234374114,0.3639052730803046,0.2904251051626165,0.41343921138231693,0.6683126547941396,0.5108494353557328,0.26123865779542804,0.5762321593405938,0.696764671186604,0.6374157502343517,0.26182209317969285,0.7155641885874928,0.7159714866731011,0.6823608700731878,0.2517721774620707,0.7662400419768507,0.6922406881808139,0.6865894244852861,0.282874425102559,0.7612589177075888,0.6807755353984305,0.6761292820669862,0.29296467974861246,0.7448486130348038,0.25719179043252827,0.7199861528540745,0.299639085533574,0.7256751134334781,0.31598798866346695,0.744530078251147,0.31998931733801794,0.7678464301723861,0.3299476330795252,0.7849421607273322,0.28314865514869403,0.7662587194932611,0.29075427938685316,0.7981069686378766,0.30093911674672186,0.8102283167646167,0.31005415026700006,0.8169391778656143,0.25613971412947933,0.7714965748337997,0.2631163211910639,0.8069202356090663,0.2755489510238295,0.8192080372292427,0.286678993771622,0.8253053370991312,0.23884951625559925,0.7727683714274463,0.24458926071943413,0.8053080106374282,0.25863444779573863,0.8175428557021034,0.2716910556200216,0.823473773810561,0.23071552306053697,0.7715845660732665,0.23670281144259672,0.7969075090622666,0.24876233312345858,0.8069568308519158,0.26080987627104485,0.8114214788413948,0.6921514753434402,0.6434272934486742,0.6581628732766603,0.6617550795484246,0.650220685542357,0.6859675598957328,0.6538601711495695,0.7085561993162461,0.6514115186338301,0.7271078625597732,0.6931899511295367,0.6941422784272127,0.6884767941416328,0.7255157193904762,0.6731093221416863,0.7397232079253999,0.6595343899659701,0.7487709091874462,0.7156299212834961,0.69045199728069,0.7107707572158115,0.7231720268793251,0.6911549029066596,0.7364064438661971,0.6744173422654434,0.7417422769812073,0.7269425887580745,0.686160622527749,0.726391416364131,0.71368198472112,0.7084661439788205,0.7267017567847567,0.6921056949579465,0.7337375630289297,0.7302724981690965,0.6825809402149123,0.7316772879119845,0.7047100798368535,0.7200614454633305,0.7160377819629242,0.7070982242633372,0.7226994274062581
0.46495159501842187,0.27031403125220327,0.48857692269891095,0.25586806804873685,0.5004708073939724,0.2576749666777687,0.5107815437190673,0.25908648494916486,0.4438217222443061,0.25147170734718716,0.4292917221683437,0.2503174059628228,0.41540778548812834,0.24985458125345558,0.5290143751252906,0.2722273719694991,0.40113590475000416,0.26243324649960853,0.49003990708023476,0.29459436037651643,0.43327988311750437,0.28997230998962514,0.6131669880332434,0.40395867257528956,0.3042451624461501,0.37530469160320284,0.6467865045116772,0.5638669898494632,0.23631564466514543,0.5261053914229253,0.6430627200026695,0.6942503103787779,0.20330221387958555,0.6615552182170878,0.65048447250196,0.7421805221807372,0.18178182621006417,0.707906177368933,0.6266090480216073,0.7402448986564758,0.21397135487636648,0.7109551193795861,0.6181772724990888,0.7269271194576032,0.22863370534108887,0.6973413748622602,0.19791551473613517,0.6637701355764496,0.23728615943660492,0.6803603697602018,0.24797058047440618,0.7028768070876243,0.2457472517241144,0.7264845717711261,0.2512919907772293,0.745616125847836,0.2109820361354421,0.7152003969580778,0.2105747917593987,0.7483556385509577,0.21730486878995944,0.7630360311062997,0.22450299666728454,0.7723353230375543,0.1836207989752191,0.7134790724600695,0.18178442204061113,0.7501518013407618,0.1906532471709984,0.7651095246260955,0.1998210197232653,0.7735535087565284,0.16652434049644899,0.7104546714252777,0.16431917482833314,0.744013882396842,0.17461422697566958,0.7591009566081024,0.18521190716023755,0.7679073233860365,0.15892503054179757,0.7073990598699809,0.15868745465529183,0.7338953705334594,0.1676762799345256,0.7465940900569908,0.17762423396178206,0.7537850383036744,0.6378124796009357,0.698520367835846,0.6000475773527116,0.7082840007172571,0.5865148066939678,0.7299815394139639,0.58444726241824,0.7526858885470378,0.5774029365218203,0.7700216516088418,0.6257953524174924,0.7481789011922576,0.6137375122753317,0.7774529520097245,0.5958617086549964,0.7874880164469737,0.5810413538880403,0.7929226954934518,0.6488161707431882,0.7503488113404364,0.6357031445394389,0.7810181689710269,0.6137754689927609,0.7888144674465727,0.5965562575836613,0.7897667093966485,0.6611604016952898,0.7492067290183161,0.6530377351142217,0.7759528265261741,0.6325432397317055,0.783887205882255,0.6152025313340769,0.7865274559721525,0.6653619495172314,0.7467001443311039,0.6605415354557185,0.7685160380402997,0.6463022092208325,0.7765088611971682,0.6323088748142542,0.7796466067909653
0.48966079957092773,0.2739457111142658,0.5148155194752524,0.26241182725247225,0.5264857756512029,0.26578515213504333,0.5363058033205923,0.2684789870104006,0.4709543489618484,0.2522652525484982,0.4568737272888636,0.2492228105034967,0.4430714153286825,0.24696306948643998,0.5526097751239409,0.2840218498948456,0.42709168802828074,0.257924160551475,0.5114647296274566,0.30153655396199885,0.4555832265399463,0.2896941534431804,0.6186346639007698,0.4264212204824514,0.3153889680064321,0.35700986542035784,0.6305594333131869,0.5892877246912998,0.2285878463708433,0.4977739742002584,0.6095451430955628,0.7181947960181156,0.17840263477967772,0.6276171150825173,0.610656697007991,0.766448903427297,0.15179074227948486,0.6706569535320417,0.5872756428083808,0.76136956226202,0.18319953826928442,0.6776580433547305,0.5807242026819144,0.7469331405199588,0.19936732840411026,0.6654634414383627,0.17381769311295997,0.629127995036756,0.2102329903514424,0.6507833890039078,0.21835313701261003,0.6741054018319225,0.21319507447401528,0.6972537582143599,0.2151978224812014,0.7168456593806818,0.17867615724307823,0.6814708020393557,0.17498330755758956,0.7150819144093663,0.17985716590506023,0.730783542328163,0.18560197272862994,0.7412552825193817,0.15200701615562218,0.6762993394921859,0.14581463661596678,0.7129659106896487,0.15261368643418766,0.7290576958979313,0.16070270586221352,0.7387584664828208,0.13594562219335365,0.6711469329700896,0.1295743176639581,0.7042631962557573,0.13801270486579886,0.7203758995207608,0.14743682962227156,0.730266308427639,0.12939102908571737,0.6671623903772557,0.1258675913679022,0.6931289642393536,0.13375647663923274,0.7064302731011669,0.14305739061396333,0.7142838847669404,0.6039451050540713,0.7211130939297249,0.565228066133808,0.7262921300853302,0.5486292039315089,0.7462254867005799,0.5436461621996203,0.7684811075641989,0.5342771490388721,0.7845773770397295,0.5860361209156373,0.7698452020254194,0.5692737695139809,0.7970772339867531,0.5501873272565987,0.8044884026179846,0.5349660901594911,0.8076486346500756,0.6086443853927941,0.7749245908163664,0.5901095307558505,0.8030371220093011,0.5670352497681606,0.8071189431197541,0.5500414716606992,0.8050755844044974,0.6210899403243089,0.7752519998896835,0.608811623722979,0.8004204939942758,0.5875557823610624,0.8055029318539906,0.5702451413425621,0.8058035113196125,0.6257876863804999,0.7730904040067318,0.618141481605622,0.7940479646177132,0.6031264597998591,0.8001897503601849,0.5889580414354262,0.8016094979047017
0.44469250785841513,0.26880120653367745,0.4662471924915526,0.25139275170139785,0.47851482948655155,0.25182787302388443,0.48856386702158594,0.2520720931792234,0.4212234625775193,0.2522291089629682,0.4069150404163093,0.25268145440314344,0.39294602308984183,0.25385560066922996,0.5081862875208484,0.26326678097100203,0.3801648724776009,0.26852467532759555,0.472643625771434,0.29036324936265245,0.4154815874308624,0.29253046807268945,0.6068827820742985,0.38572103872662866,0.2953465383545539,0.3918478454202815,0.6577047116660799,0.5408119038534902,0.24513238961107942,0.549490329938305,0.668509478633055,0.6709638110355127,0.22859501336339108,0.6872696673702088,0.6812693747300711,0.7173362686561808,0.2138600834235674,0.734795308744526,0.6573960879745891,0.7180083168317881,0.24631760814731024,0.7338216855704969,0.6475660074069007,0.7053756004974476,0.2588319632685342,0.7178343906387123,0.2246920843751355,0.6901613454098889,0.26591823797767644,0.702374340959452,0.2794161194555723,0.7231337117954963,0.27989578479379684,0.746749400883542,0.2869384679229337,0.765060787736185,0.24252085559344,0.7396824477756111,0.24656239278703643,0.7737382455329261,0.25550246740685745,0.7878944367951322,0.2637214602525251,0.7964451758770735,0.2154113727870343,0.7410117815396204,0.21819899518083533,0.7785745462155191,0.22907699658615216,0.7925656134841259,0.23960873296866586,0.7997717420941497,0.19865544553636116,0.7398629460857802,0.20037773304247106,0.7741316165641077,0.21248845183110054,0.7877489269544011,0.22437553365464666,0.7948828622855867,0.19164926714061992,0.7375593298821537,0.19430299589463018,0.7639540657230915,0.204956916326803,0.7751745697730061,0.2159154823764966,0.780600180621176,0.6633758032454146,0.6752785628088089,0.6271522721664174,0.6898507075553975,0.6165038255745121,0.7131647311827274,0.6170329453851444,0.7360005315852423,0.6117976828257429,0.7538910049349276,0.6587038073030753,0.7265714125727873,0.6491497007915661,0.7572722433051122,0.6321482221997917,0.7688698408468869,0.6181144052866374,0.7753215458619513,0.6816064014611517,0.7260807725768583,0.6704346319341865,0.758245975563697,0.64836316618578,0.7677637391768344,0.6310342657669062,0.7698138637896543,0.6933653797896834,0.7234955262490003,0.6878319948778749,0.751411273062645,0.6675588940601995,0.7614965888478278,0.65024811519211,0.7657860060346686,0.6970255498259957,0.7204625154833929,0.6948196112508025,0.7430433882306744,0.6811869859080855,0.7525459631617017,0.6673036478383358,0.7570161919240816
0.4268954537288061,0.2698535211377892,0.44661185919340873,0.2503971802700884,0.4589848688976963,0.2496250893970157,0.46888819921778563,0.2489201525886317,0.4018588314824284,0.2555857533049103,0.38773656247176386,0.2574168123117979,0.373920212412241,0.25994895558830977,0.489524830169481,0.25822847540946087,0.3626942279417575,0.275845187392645,0.45695900847552084,0.2886501952214146,0.40021210724256934,0.2964035567304808,0.5997177030919048,0.3707895112556516,0.28995599832859165,0.40691277047239166,0.6651039719758718,0.5201893058012874,0.2548382728288463,0.5687309617641171,0.6883740484746385,0.6486458241414109,0.25325714548305,0.706975358454762,0.7054744754817319,0.6934977248779,0.24390416676840798,0.7552111741350394,0.6817958332478637,0.6963705618126851,0.2765281587389926,0.7512073897096299,0.6708163197496714,0.6846144592808714,0.2872970960030681,0.7341402504504984,0.24862752876784117,0.7106120427692509,0.29155447169511306,0.7186826089715204,0.30772685873506683,0.7379300708254505,0.3100386984488444,0.7615455576205832,0.31830316377099266,0.7792685495955258,0.2726733580489621,0.7580613846918728,0.27878374033464437,0.7913685509521637,0.288586303424681,0.8045274020709097,0.29755581079056453,0.8119424200565359,0.24538003281041157,0.7620508397739929,0.2510184910096067,0.798985814165061,0.2629907052624814,0.8120018502296814,0.2740819601037535,0.8182565136333978,0.22810152326298996,0.7626410259223887,0.23261587477903026,0.7964945516865289,0.2459148849702564,0.8091899085560426,0.2583245358269262,0.8154145816029977,0.22033497658194995,0.7611018506279561,0.22550080543802667,0.7873100041077077,0.2368648421795465,0.7978324664295402,0.2480696261769909,0.802679610826389,0.6846567159926514,0.6529491505707244,0.6498985996459159,0.6710561657375671,0.6414843098350359,0.6951855609761897,0.6441964569386484,0.7178857064910802,0.6403173576566106,0.736458510314201,0.6843181590766816,0.7048088851630101,0.6779185490990034,0.7361407145004304,0.6619216939816961,0.7492844810650436,0.64825881565153,0.7569981006262557,0.7071515263632828,0.7022582602652373,0.699332407659234,0.7350670190822063,0.6779163267120586,0.7465546327671333,0.6603622036324642,0.7501383840894611,0.7186594357174086,0.6985495707210022,0.7160414920293534,0.7264215430628876,0.696628876982168,0.7382426233881646,0.6795419923905985,0.7440354704097674,0.7218825175387924,0.6951404101120982,0.7214151614331805,0.7174903360076009,0.7085031924159879,0.7281173536443042,0.6950052725335544,0.7339372990765073
0.4324020297300355,0.2693169950337796,0.45248580078917333,0.25036377715647273,0.4649401023741669,0.24993298986214157,0.4747137417623524,0.24952441324762042,0.40754983794870087,0.2542981778299943,0.3934555321383565,0.2557331799410104,0.3795024229747686,0.25788123531619234,0.4950315276288404,0.2594506899112627,0.36785704829745103,0.2735106939609151,0.4619542586653484,0.28898182266448424,0.405029111210335,0.29520976600493976,0.6023343969010608,0.37515011801947684,0.29144268613008095,0.4028841793334612,0.6632177007722838,0.526355403829992,0.2516432355562184,0.5635136803306529,0.6828086168934508,0.6554468575096326,0.24757074276082278,0.7013463642766861,0.6985825850257227,0.7007040844297839,0.23758581167137136,0.7492041838693584,0.6747850948263071,0.7028809417719746,0.2703142392464851,0.746164679590735,0.6642008113345351,0.6907868952753071,0.28157424657322205,0.7295004456937451,0.2423588422369556,0.7049287042061737,0.2846763967687043,0.7144328794953139,0.3002882453578651,0.7342098265724777,0.30221722333123335,0.7576793090082644,0.3096282432823553,0.7752538071844887,0.264896961280278,0.753120699436306,0.2713896045059767,0.7866980706689666,0.2813849511983789,0.8005502302238436,0.29068204634722583,0.808719474094489,0.23741830442429854,0.756437741738709,0.24254779820082503,0.793601651802895,0.2541581052099033,0.8070669246625137,0.2648605219720293,0.8138442382748287,0.2200371494878878,0.7566337855978256,0.22395713069103257,0.79054961462101,0.2369086108017651,0.8039457884752004,0.24923521422164424,0.8107593310739325,0.21233384352621662,0.7548805292964034,0.2165334014201161,0.7811719862160234,0.22778536926526205,0.7924593064721696,0.23914534650576152,0.7978375856088118,0.6792556701046822,0.6597262333741828,0.6440902728521622,0.6767099148327385,0.6348120621450519,0.700505164006952,0.6368104306857342,0.7233337654897285,0.6326491733187174,0.7415716291512869,0.6782309955326431,0.7115466253239722,0.6698103167503858,0.7428712822875569,0.6533812552351007,0.7553971923182679,0.6396291632442748,0.7626591869519392,0.7010906070048406,0.7095402661610859,0.6918343107114538,0.7421439011323633,0.6702643567704832,0.7531060786778528,0.652591567526281,0.7562769279486259,0.7125054689543235,0.7061157960094242,0.708453710977696,0.7338441189935838,0.6888578332030804,0.7453035554645533,0.6716243987473086,0.7508069100466247,0.7155284821524841,0.7029498381893439,0.7140614085190886,0.7253214153363081,0.7010829694295634,0.735656724731212,0.6875356770061223,0.7412348128138511
0.413600498428995,0.27188968616010456,0.43149658790255885,0.2509777959294768,0.44389518052008997,0.24925169712134704,0.4534800257965731,0.2478704144856856,0.38724410144460164,0.25952275559680194,0.37343728961979317,0.2624049958528718,0.35971388674455507,0.26599423325111704,0.47467646713191736,0.2556588754405491,0.3497849153494622,0.2827216153664604,0.44503737086882167,0.2884170252144999,0.389101647370226,0.30057889989480546,0.5937154272611749,0.35960942671655466,0.2870721412439953,0.4195077123344054,0.6695344449865037,0.5038234243275779,0.263937470868011,0.5831898651168825,0.7022943188926882,0.6302504075770342,0.274463816329398,0.7206260471238868,0.7225860621200838,0.6735980303184885,0.2698166909551266,0.7691238501735236,0.6990583188836623,0.6782028300564431,0.3020265471804127,0.7628019350447381,0.6873495070100099,0.6672471354668781,0.3114798647592397,0.7451436405860563,0.26982657857156833,0.7245431766706695,0.3128327932573872,0.7293413784062353,0.33001873566779344,0.7471579484592465,0.3344192536883467,0.7703470209988086,0.3438212664284504,0.7874937550979504,0.2974583279705776,0.7706259011293081,0.30632084343640664,0.8033146910994089,0.31772787592397966,0.8158700592255779,0.32780427191513395,0.8228276421785716,0.27045020531627273,0.7767909660816512,0.27919528375759584,0.8130237760120349,0.2923087824228159,0.825088818798491,0.30380677419364144,0.8305875992798675,0.2531131350400062,0.7786947999757897,0.26023160184176286,0.8118070540527207,0.2742982857828027,0.8239174392622004,0.28729294691049945,0.8294671489427263,0.24516955261348675,0.7777131223626772,0.25187538098772183,0.8032840415947391,0.26368130514566296,0.8137010123960944,0.2753002094056344,0.8182597478077278,0.6993190819751576,0.6350810399445808,0.6660008270814655,0.6554505720696328,0.659484753204348,0.6801097785402277,0.6637798010806594,0.7026317825400508,0.6614651188230564,0.7211835613965656,0.7036069898346915,0.6861528789491316,0.6990911388814609,0.7183228563994901,0.683941693000238,0.7326760895342895,0.6709864281438773,0.7415484053019249,0.7261147009017527,0.6818680600114541,0.7204130113310319,0.7153509941799967,0.6996728752378607,0.7285184199235073,0.6822995589730453,0.7336641068397394,0.7371453111004298,0.6774320145364067,0.736288959987655,0.7055710515290236,0.7174799524960407,0.7189082753976475,0.7005538487202239,0.7260057304687704,0.7398734297397463,0.6740843160298093,0.7407911345076212,0.6965877113570836,0.7284479943802706,0.7081470860106062,0.7151747911058299,0.7148883956914975
0.46859058737791104,0.26979988985326253,0.4917419254796052,0.25504745279660956,0.504150779238946,0.25701796479449335,0.5136060881727638,0.25850639921527574,0.44697854441569496,0.2503091840998022,0.4329959324266873,0.24909117475524004,0.41874253771429765,0.2485254959888768,0.5315394975272836,0.2721071729095269,0.40431923275828163,0.26151725915618595,0.4938975192446614,0.2948561233179073,0.4367558745898185,0.29020335403366143,0.6153748080082474,0.4062647604370554,0.3042869628848593,0.37405523536360374,0.6453822610209021,0.5663532248293461,0.23428990421721393,0.5238491939068279,0.6397556233613013,0.6968821014837344,0.20446668070651453,0.6585120120599719,0.6464776995803496,0.7442428463557529,0.18598023645345507,0.7033527259336003,0.6226492567510458,0.7417580440833836,0.21852719357724057,0.7067075327378696,0.6146630792462605,0.7278648949959274,0.23270118821338692,0.6926106247177836,0.19922891385416627,0.6608694869737677,0.23890192697285934,0.6785193697708656,0.2501321560190006,0.7007552081762238,0.24771423002133555,0.7240654393682493,0.25179226990872006,0.7428205876271355,0.21193788119595433,0.712957022088504,0.21141462127918909,0.7466280688136123,0.21781858026595263,0.7618177297899531,0.2247903339471537,0.7716573420539935,0.1841651600457495,0.7108716312750278,0.18228577785218708,0.7477860249153576,0.19018985025384672,0.76312087081004,0.19873772259392186,0.7719556472683671,0.16682175998778703,0.7075926079911048,0.1640138813642794,0.7410168383734015,0.17347678431915298,0.7565843761195432,0.18404109817298597,0.7656976962455329,0.15935453250931175,0.7043055441490355,0.15789332971248649,0.7301170002612549,0.16613697855399523,0.7432386560733273,0.17597972183466914,0.7507901908071759,0.6357337049952221,0.7010210911216006,0.597888524383893,0.7107930257240858,0.5844104312223605,0.7325567951763087,0.581831013992106,0.7552849668798798,0.5740554360901855,0.7721694179669432,0.6247972489400698,0.750940958703701,0.6110269838720561,0.7802682609194675,0.5927700361396249,0.7895718447983003,0.5782714985086996,0.7944009949589962,0.6476389801455984,0.7534556416916554,0.6322839344253451,0.7837788888339594,0.6092279043443926,0.7903055884203188,0.5917647801937838,0.7904347104540095,0.6596991587963507,0.75253584858029,0.6502658770008646,0.7792945468453971,0.6287084592171791,0.7864510599342966,0.6108906897947981,0.7882873854175934,0.6635474089343899,0.7502705331843601,0.6576975380263215,0.7720647502818623,0.6424952258543776,0.7793647910037107,0.6280266781982153,0.7817988376235706
0.4613011956118973,0.2691324093679792,0.48383057473834556,0.2535076018222913,0.49634741705978946,0.25497507835692335,0.5057585551630699,0.2561023214011419,0.43894411763626406,0.25059788472871325,0.4249619202827018,0.25001867839207764,0.4106209818765549,0.25004392460124514,0.5241814173789595,0.2689229349638599,0.3967019357385652,0.2634390278747254,0.48768262933464246,0.29321749408103764,0.43025440053897296,0.29088985373650533,0.6136206661694947,0.39953784710159007,0.30118430819088327,0.3798701728103555,0.6497054106309224,0.5583281893673022,0.23722800396289492,0.5325161202782894,0.6492888260019615,0.689041518576725,0.21303029291349324,0.6682328300085614,0.6578950504567597,0.7360741994999477,0.19663017488689766,0.7136657328524689,0.6339904571733816,0.7345192368200504,0.22910401540659694,0.7157040179855607,0.6254723115272194,0.7209562908550087,0.24263642332112784,0.7010980164966287,0.20735229710169686,0.6708334666777922,0.24793477078714765,0.686635801353479,0.26025886862579783,0.7082937702135556,0.2585283784422493,0.7317397014222091,0.2633600180409825,0.7503386167556396,0.22237926295389673,0.7220794255894705,0.22355879003226375,0.7557871932929137,0.23043025882734264,0.7707764701955884,0.23753368427167307,0.7805515140384323,0.1947441151269067,0.7212284542092758,0.1943852500510298,0.7580671930047553,0.20257681284212414,0.7730760562499706,0.21102325632576152,0.7816895286846506,0.1775276817506687,0.7187433855490719,0.17602233119153926,0.7518481990788138,0.18585766736941467,0.7670815191252291,0.19657806628248714,0.7758608217158187,0.17001129655486036,0.7158179938582825,0.16965817407257272,0.7414023316881251,0.17842515880123677,0.7541452089892868,0.18866068371830302,0.7612586359207525,0.645253463572966,0.6931698659256003,0.6083044996950401,0.7044071440118529,0.5955939109209882,0.726576965488311,0.5936570693038837,0.7493954887094029,0.5870176050947845,0.7667839927518059,0.6365380083323904,0.743637622800967,0.6241720557795586,0.7734821950566328,0.6062578805995991,0.7835916724061266,0.5918489937061,0.789015654389168,0.6593109663732621,0.7451859436092403,0.6453293156355958,0.7761287382416153,0.6223886499349802,0.7835228563584683,0.6047608763351066,0.7842053241638509,0.671273386803692,0.7437336362232788,0.6632489204706786,0.7708908990692885,0.6419024052831536,0.7788560672487892,0.6240267568540195,0.7813057445235362,0.6750472087747609,0.7412162314162435,0.670347794963732,0.7633607396012028,0.6554264412727095,0.7712900832643899,0.6408679683788308,0.7742716832908055
0.4411989572753082,0.26875653203601113,0.462016111130723,0.2508060205805477,0.47450542107797844,0.25090181115978394,0.4838955222310501,0.2510080386578981,0.4170842135503472,0.2528311332448045,0.40317269486124224,0.25379922572218383,0.3888747550162839,0.2553972083605961,0.5034624849877577,0.2617137637219941,0.37630534698865536,0.2701824974644197,0.4700866934577237,0.2898619798499608,0.4126269491856512,0.2938571665005376,0.6073171040054479,0.3812885511548538,0.2939287106403633,0.396440788121387,0.6599135284765502,0.5350824198569485,0.24715365991686222,0.555895721940265,0.6742084466390642,0.6653315443852393,0.23800744400629495,0.6932552648570581,0.687759952223777,0.7112857823309828,0.2269457718538753,0.7399351346617312,0.6636275593016854,0.7123108775864359,0.2593577183952155,0.7383386996411326,0.6537033215100212,0.6998052051997092,0.27116183879542766,0.7222030479206583,0.23300344022573358,0.6958482320220132,0.27489528325392104,0.7071636394646752,0.28903574939033516,0.7276783559405031,0.2903091761287785,0.7509693780422348,0.29775396719950253,0.768640808394567,0.2540285859226551,0.74573686472871,0.25827678121503084,0.7790337633528559,0.26652495438266377,0.7927485239333208,0.27428318629771475,0.8008883417161781,0.22636938971958723,0.7476288474318005,0.2302602048872747,0.7843865597979087,0.2402127889550718,0.7980431839102915,0.249540637967676,0.8050760274929569,0.20848122664853974,0.746843985856394,0.21080836369795067,0.7802824188387296,0.2221471822933824,0.7941290263356584,0.23346469646653628,0.8014475410206006,0.20017351640910563,0.7446234717865883,0.20230145601269894,0.7706193216981821,0.2120244313198942,0.7824687965269976,0.22262984303766511,0.7885371671993342,0.6712360649865928,0.6698099718168817,0.635382476302149,0.685260307801294,0.6255078259549425,0.7090124879495239,0.6266852557492026,0.7320771404244766,0.6216758162774126,0.7500248119899946,0.6676841542737169,0.7213702636667212,0.6584557045629204,0.7523416644260291,0.641755856957893,0.7643065481775386,0.6280219247344625,0.7711147491468036,0.6906755479246769,0.7202675339159463,0.6804011252478934,0.7526140125836615,0.6586089245387249,0.7627844239145134,0.6412558994179254,0.7655525274025564,0.702559044171952,0.7173046406185684,0.6978017023088432,0.7452874616395821,0.6777098589692903,0.7562002257572822,0.6603111135070222,0.7611881703986679,0.7061992617502331,0.7142367091774582,0.7042969682637894,0.7369744153860921,0.6906509003416642,0.7469377513381374,0.6766223271380756,0.751949302246889
0.47978290702366433,0.2712170419057074,0.5039890548766065,0.2579934420539707,0.5159163160714935,0.2605750227455129,0.5250251797312793,0.2625995643175275,0.45952071230430325,0.2507906574288653,0.44562086433631404,0.2489349927989192,0.4312781970511122,0.24758770669922603,0.5417288678907379,0.27695554200231104,0.4156327407351073,0.25930004504947773,0.5035119743700395,0.2978487853854943,0.44651204238927716,0.28997735576515105,0.6192153011548658,0.4148485727857765,0.3090405821425432,0.3660567306764063,0.6393805471311348,0.5756326911577876,0.23066963907708038,0.5130670902531334,0.6269743023615884,0.7068687999061687,0.19353170619052795,0.6458967103936689,0.6306538900063509,0.7546048707184774,0.17324862096403687,0.6892355686709212,0.6067662954153448,0.75068431051815,0.20528061892003643,0.6942477261122717,0.5996502200887837,0.7364815773217102,0.220145161297237,0.6806443612974915,0.1882619199468411,0.6464891674506351,0.2263532251868563,0.6660038459091742,0.23644724111794724,0.688684991145724,0.23334126608271172,0.7120021940397938,0.23617305010122383,0.7314089818449936,0.1991413609912186,0.6994086718928618,0.1969212618672705,0.7336629566221243,0.20164591468636692,0.749170868979451,0.20692389639887873,0.7594882294310957,0.17185069840003658,0.6958955617893882,0.16781199836421723,0.7333486318767344,0.17550010117250392,0.7487028097328925,0.18385728687601094,0.7573499713796522,0.1545716592445882,0.6916293803733752,0.14941620251593168,0.7251895517548649,0.15850164898561914,0.7408823687438562,0.1686955903253859,0.7500901252752064,0.1467672380297833,0.6877667637482556,0.14324441624694184,0.7135550503471206,0.15125824709942753,0.7269200702850351,0.1612908239072453,0.7346744034066495,0.6215928230228396,0.7104602129924481,0.5831392729684768,0.7187064871228035,0.5691237803475757,0.7397429251952288,0.5655452994920297,0.7623394978685295,0.5571812791786743,0.7790219513093515,0.6089925596595297,0.7605040638800393,0.5942167750655087,0.7890644820262491,0.5752260981859838,0.7970645744914191,0.5602826623786459,0.8005783693670412,0.6320563367382294,0.7640735647169147,0.6147038264114439,0.7935718443810124,0.5906795443449145,0.7980146195136055,0.5730400724032289,0.7964639448696594,0.644279461907581,0.763475479654622,0.6332790573239913,0.7898860356442252,0.6109263385732767,0.7952942128194791,0.5928798406289373,0.7956507157312895,0.6483021767402484,0.7608479634500196,0.6409884049188864,0.782407424465567,0.6250366422667106,0.7886676400903987,0.6102812751447924,0.7900166801096858
0.40867702071893863,0.27305439899641504,0.4262618042874196,0.2517289589471169,0.4382442264114752,0.2496170465363997,0.4473932182968685,0.24807709103926642,0.38232578354267965,0.2618150156692639,0.36874137501411697,0.265388905950971,0.3549178047856661,0.2695540449416509,0.4681635366469679,0.2550761394405848,0.34476600624852494,0.2861286570035021,0.4406552580786338,0.28887809170654977,0.38491459576204146,0.3029808631061469,0.5919753834687058,0.3534204827140431,0.2860539410807047,0.4251663941867056,0.6709712673793387,0.4945630242198561,0.2688786366031776,0.5913392067506893,0.7091681163735722,0.621260991023413,0.2844252665045611,0.7285976695244001,0.7304256659549178,0.6640818139879141,0.28197327690019836,0.7762842987268086,0.7068077105977866,0.6694572576668725,0.31349315292105767,0.7688570840224942,0.6949204521331992,0.659001377526699,0.322058161389835,0.7505220388017083,0.27964648231522043,0.7303678543668676,0.32199540031531493,0.7341058547218954,0.33974252015796497,0.7512737169644197,0.3456371805726231,0.7740519776453012,0.35620906564342497,0.7909182273493035,0.309263813711685,0.7752873678040589,0.3189587099967026,0.8080087311173345,0.32865182597617976,0.8206285116714689,0.33696693220170815,0.8281018669136178,0.2826233428837156,0.7823278098414519,0.2928161654946264,0.818711540993697,0.30573387660471785,0.8301127652999076,0.31670391652135377,0.8348714777439286,0.2649954743603081,0.784966707574736,0.2728095922711895,0.8180059943318367,0.28733644572051686,0.8290852139934842,0.30034207681810254,0.8337527463015953,0.25626333234675985,0.7844386476266871,0.26263373375548144,0.8096462914721106,0.275277721353097,0.8189676951911142,0.2876633133872641,0.8223560807354595,0.7055948891870227,0.6268353720454313,0.6729626398117374,0.6488204343355477,0.6677258582772995,0.6735460936392832,0.6729073511690487,0.6959015423748225,0.6713251393808043,0.7145305043711783,0.7122816315193928,0.6779004391188204,0.7093909691886531,0.7099142953265848,0.6949264315277605,0.7245521169177058,0.6825293630282425,0.7335148209264801,0.7351080761363575,0.6725057712610159,0.7298420500978562,0.7064129782155524,0.7092890469340025,0.7198362593950736,0.6922392453189796,0.7253619083286351,0.7461839429463051,0.6674912193404096,0.7452425928812292,0.6962671741230888,0.7265150206949407,0.7100671251521105,0.7096698953117577,0.7176011501820534,0.7487872409019205,0.663834685328917,0.7494909881804952,0.6868651568667229,0.7367912723772219,0.6988573509166999,0.7233287102740964,0.7058325122759017
0.42364485164719384,0.27045462597781067,0.442982734868884,0.2506555495681033,0.4551130123062459,0.2494919769710686,0.4643078138191132,0.2487065169130283,0.39832694879178293,0.2572167458996085,0.3845094164482414,0.25978009355003673,0.3703919207393147,0.2628269595565889,0.48441056178666886,0.25732773858189995,0.35895578547301066,0.27824493385173427,0.45424346116283787,0.2888716480653436,0.397534359223993,0.29841340147088236,0.6001575975858994,0.36496226076246874,0.2894535515189586,0.41206997286043534,0.6668927602238246,0.5115350827257067,0.25837012211434984,0.5765448073747621,0.6949853255629459,0.6413287301990837,0.26270038710870613,0.7144206247599433,0.7127500841861312,0.6860224464305243,0.25655377046912364,0.7616758531361982,0.6885215833801239,0.6895510680594884,0.28860761001084123,0.7568400845283468,0.6775256094078665,0.6782881926688356,0.29856352333024827,0.7392097300868198,0.25795122038740637,0.7157546090887701,0.299679018222504,0.7229740062877925,0.31572765990387913,0.7417259187712836,0.31963492441556923,0.7650197437905126,0.3292881624352333,0.7823146099215339,0.283612635153487,0.7630223534021283,0.29118868318392754,0.7963363507049075,0.30005918411409677,0.809783549517754,0.30810959963365203,0.818092103553896,0.2569719358709983,0.7677561811116052,0.2642960208157454,0.8048595341025337,0.27611431221368926,0.8173002187400703,0.28651732836658506,0.8231670177850785,0.23931427880758513,0.7688889716226963,0.24443021535171075,0.8026596652969235,0.2576073510460022,0.8149802413154241,0.2698861450758884,0.8207827614048605,0.23056452339907196,0.767599080679146,0.23512087000083884,0.7936774488704481,0.24641788914730245,0.8042389505214509,0.2577793408492013,0.8088730586235788,0.6912037722549559,0.6471236024243874,0.6572341956878596,0.6664041647603729,0.650115809115483,0.6907284351547294,0.653438394130999,0.7134248842005269,0.6498938960765733,0.7320232889740457,0.6936547201077476,0.6987933032389279,0.6887351574453887,0.7301659935798166,0.6739084886702233,0.7435165616465059,0.661255820435341,0.7515662703475952,0.7163969282670215,0.695108785659154,0.7102523192126179,0.7279164392109876,0.6897547662101463,0.7397503107885504,0.6728319941217742,0.7440091654354651,0.7276759854446884,0.6907217099826268,0.7260996607623469,0.7186604087940291,0.7073942900411527,0.7308381182598752,0.6908158929921427,0.7370571330477594,0.7306094649684154,0.6870283100028659,0.730565025961931,0.7094925315194993,0.717961966955285,0.720449688035389,0.7047715750789514,0.7265724128855793
0.4165367630627631,0.2716204415405344,0.43522688964764106,0.25107805854072585,0.4472480671332231,0.24942925770702623,0.4563905525329408,0.24828335294153744,0.3907062308164094,0.2594641474352445,0.3770021276917188,0.2626285073078872,0.36299570925344915,0.266253684670834,0.4767638432264722,0.2560892736327582,0.35221887710195277,0.28195747919281866,0.4478820301407284,0.2888098355332911,0.3915590011089679,0.30061101711091265,0.5969198242874618,0.3585795971676431,0.28834257432553334,0.41845991539415983,0.668922695303848,0.5024652513513993,0.2633753662360355,0.5840811998865493,0.7022599844198192,0.6313564734675232,0.2732431575877069,0.7215533443357065,0.7218410803736424,0.6754263489122802,0.2692470630558334,0.7689340838697822,0.6976342879691353,0.6799331153350685,0.30103339131855644,0.7628853843819878,0.6861944390930692,0.6691393302136341,0.3102127891746948,0.7448995332742021,0.26810549298581854,0.7230181559951852,0.31021297747857474,0.7283707385326952,0.32688172209150385,0.7464967507519412,0.3319085803001702,0.7697373826196525,0.34238998349771615,0.7866998970189051,0.29557180431724095,0.7699066268884058,0.30379787269408587,0.8026874678485302,0.3131003137703948,0.8156233338638892,0.32109150727563474,0.8233518407810536,0.26912891186179644,0.7755713061524345,0.277768277767652,0.8120261591902415,0.2901592714515613,0.8239557252014681,0.30068776732787883,0.8294082028960801,0.25159896975128143,0.7771492895264854,0.257904794670777,0.8104212056508143,0.2718704605643951,0.8221965601822807,0.2845366119917859,0.827478603437249,0.24290562562376564,0.775931795194331,0.24857260504578316,0.8011703269867776,0.26072873002335206,0.8110137846836569,0.2726541495498609,0.8149906717573613,0.6990525318018248,0.6374476872447021,0.6656045966361213,0.6578901439486237,0.6595529704595328,0.6826456280011414,0.6640894643046412,0.7049753212097543,0.6611090631795535,0.723387606206934,0.7031125062392423,0.6890095443251563,0.6994075036433969,0.720648294477318,0.684961773913953,0.7344928953450787,0.6726123273539626,0.7429652384634307,0.7259262208801038,0.6845663583699221,0.7203477374181784,0.7176689237352534,0.7001901988630412,0.7304497423904077,0.6833093353591958,0.7354429195397709,0.7371019405892905,0.6799898372616981,0.7359873402664646,0.7078906533775449,0.7176685170414987,0.720855453914574,0.7011966455056511,0.7278175433425775,0.7399043002203294,0.6764081021214444,0.7402896841331982,0.6987144742800808,0.7282851841028475,0.7101704620015807,0.7154509352236553,0.7169028370159916
0.4760765720076738,0.27063268620562025,0.5003815517492339,0.2570877413238005,0.5123365765083008,0.25931657773125416,0.5213361700804302,0.261112849199999,0.4554061663675676,0.2509816522780989,0.4414061664955957,0.24969270708661123,0.42696160949196604,0.24871680532315169,0.5382374841252203,0.274953815649963,0.4118773915660973,0.2601190606028823,0.5004304014452229,0.2968645648611845,0.443224418569841,0.29024670896638494,0.6200399262010223,0.4100665460650157,0.3083554507697538,0.3695602981773494,0.642562959851051,0.5693267976358556,0.23197003574305056,0.5186510376108011,0.6334489368412723,0.7022081886294966,0.19799789358489034,0.6521325856780713,0.6380776966212631,0.7502616936211217,0.17949387966679964,0.6957998029797974,0.6136127502067211,0.7468649496532012,0.2115511809842026,0.7001639592739861,0.6061681155305344,0.7330255179788152,0.22593690113554013,0.6859980086643002,0.19258598688340572,0.6519094223578699,0.23077393546898017,0.6702938188310399,0.24086603474633514,0.6926897089746611,0.23831538559204288,0.7163393306397425,0.24284603695727278,0.7358355555310971,0.2037202633256011,0.7049827376323575,0.20123468017499035,0.7388902873226231,0.20608946336374695,0.7542225874060373,0.2113735057259471,0.7642653449236115,0.17695175101617183,0.7020059382357156,0.17343592680488035,0.7394498148709214,0.1815072662969,0.7546878126616785,0.18986747423004607,0.7631978699241353,0.15986269828908023,0.698005347089742,0.15511629971750662,0.7316174404081014,0.16460238017684947,0.7471752080501131,0.17489409597624583,0.7562195450498268,0.15192193210987492,0.6941069377156375,0.14908021861084986,0.7200280616564532,0.15728115589098374,0.7331874641652423,0.16714724257606944,0.7407089370885883,0.6282177632072579,0.7070759877586912,0.5899990929868391,0.7159154573913209,0.5763919409018419,0.7373923709644636,0.5736525779146405,0.7599787135645506,0.5651331628681525,0.7764417948917017,0.6153690537698068,0.7571227592511498,0.6023730862150102,0.7861271473029656,0.5844599136211088,0.7946899235099245,0.5701699632802638,0.7987702095582484,0.6385427531129184,0.7601222215053873,0.622972096165539,0.7899431653885058,0.5999478476528937,0.7956030907716423,0.5824992308859854,0.7949236427519408,0.6508804244689601,0.7593398299918632,0.6412760223489837,0.7856645672522569,0.6198303759510095,0.792080001943676,0.6020012783286884,0.7933136905873002,0.6549889146809741,0.756794143389995,0.6485374887187957,0.7782228168480944,0.6335317698871527,0.7852296434372013,0.6192721826341998,0.7874136343170397
0.4882859876112222,0.2727805723042625,0.5134616086839447,0.2608676389849947,0.5251801274919803,0.26385245047595984,0.5340208820362102,0.2662315956422888,0.46883728751089665,0.2518139243636836,0.4549311268231752,0.2496123912839294,0.44054991674494465,0.24768579321734066,0.5499522136279519,0.2810589150505652,0.42473114238347476,0.25806604150951445,0.5109077928865583,0.3005683397158609,0.4541877976539631,0.29021658007509776,0.6230046388552657,0.4212167303425373,0.31447318685875436,0.3605550411901493,0.6348873329219704,0.5814412189096214,0.22832492580928038,0.5042163249272226,0.6169806929621635,0.7135285232799652,0.18566668890817323,0.6352497714669016,0.6183677809259047,0.7619091712843897,0.16430390293366015,0.677610604232499,0.594158626206452,0.7568965228555844,0.19598627407279434,0.684097723550267,0.5876311433025578,0.7426275477660685,0.21127785385330702,0.6708815662607187,0.17841676458710426,0.6342640609075387,0.21636035158565098,0.6552559288688142,0.22573935974933737,0.6786086955918655,0.22224315294255073,0.7019330459068607,0.225320521075114,0.7216162908077279,0.18827261305000453,0.6885927961229331,0.18354215660867618,0.7224927384775166,0.18804274863398918,0.7378566583478351,0.193726420913567,0.747825267153903,0.16088186051600645,0.6836518835902252,0.15360265869495404,0.7207234865950971,0.15947747848617372,0.736636653528632,0.16663225045688113,0.7460366238973352,0.1433506083807058,0.6785062636475807,0.13571233915394104,0.7118826213472658,0.14303932739222175,0.7283264556863525,0.1522187058323266,0.7385319231310833,0.13512861920875607,0.6741595888071282,0.1297194644596903,0.7008122452531925,0.13553569190351605,0.7147938927761122,0.14411837637666036,0.7234537177417533,0.6123278479160359,0.7182118110450231,0.573677333152337,0.7245037399392552,0.5581765283759282,0.744768392435847,0.5539955829859619,0.7672524974506488,0.5449799704702616,0.7835752320786271,0.5954821622861879,0.7672321672744395,0.5811239568420181,0.7951680085333865,0.5629079476362133,0.8027702847636745,0.5483487060407264,0.8059024189777519,0.6180171649913796,0.7717458088077038,0.6017001083126521,0.8004911585855821,0.5789578249745341,0.8052141690011752,0.5617862203508536,0.8037722566547798,0.6301536309351252,0.7718029483730555,0.6198063929140516,0.7974538826069117,0.5984891735429436,0.8029180552573392,0.5807189585849143,0.8033757546636449,0.634421100928788,0.7696413465007577,0.6276779497792793,0.7908747829393156,0.6125492407337019,0.7971985136441979,0.5980116499899637,0.798568922584538
0.48957526932111545,0.2730458875285726,0.5149500053575251,0.26132988647518546,0.5266054097081235,0.2643730479823866,0.5354022492324609,0.26680223603629094,0.47029276203741466,0.25197040633864687,0.456375730970063,0.249696944531203,0.44198156400659433,0.2476864493110508,0.5512262721275416,0.2816686417888511,0.42611792332010956,0.25792103357370544,0.5120377824516913,0.30099841180533304,0.4553671744270015,0.29027538213161136,0.6234471360300817,0.4221865210740559,0.3154398546816546,0.3596327312493337,0.6340760904918297,0.5825346265359822,0.22837433744413513,0.5023929557420224,0.6152881513984932,0.7145649449853972,0.18447227495957264,0.6335002901491387,0.6163421760353924,0.7629979885942411,0.16198358378513406,0.6755286843029821,0.592144109164283,0.757819559126002,0.19392583499031674,0.6823108542775794,0.5857083678301481,0.7435175638014779,0.2097065779131862,0.6693214473527064,0.17594018665683114,0.6319654787219959,0.21379847517025344,0.652678861424663,0.22361995962512446,0.6759680982624953,0.22064785008479829,0.6988450274839011,0.22513750705594984,0.7187205609199796,0.18836079223077407,0.6870422472444164,0.18016271633630593,0.7208893592716887,0.18211127150485434,0.7367969297946693,0.1865547286540445,0.7477447015946039,0.15996802931624093,0.6815250337250508,0.14785244058565472,0.7178498327979087,0.14995417495708974,0.7338137981507546,0.15461131681067602,0.7439091770915138,0.1410011725347604,0.6759265128691565,0.12953975311734406,0.708484555524348,0.13320258542065405,0.7242390253418842,0.14017745041900476,0.7345862135066736,0.13151254125160605,0.6711617791346969,0.12322538419617157,0.6976906677222733,0.12554203291406357,0.7112086707032463,0.1316112067759701,0.7202292325035382,0.6114817994765331,0.7195623402619711,0.5726324569767886,0.72505799906341,0.5567741457427933,0.7453376731438115,0.5521632145006815,0.7678656992191093,0.5426897203002066,0.7839376586967204,0.5938510667304244,0.7683490167199394,0.5786587916018373,0.795796530575343,0.5603193265479991,0.8033680173164817,0.5456508452036388,0.8067622221557798,0.6162044222526191,0.7732688347310774,0.5991998169702313,0.8016807083882014,0.5763137915733636,0.8063983341466052,0.5589522008722132,0.8051054384569859,0.62821348836074,0.773553802120946,0.6167913827676106,0.7991350220308235,0.595155893210527,0.8044732224645579,0.5772269966471221,0.804900161056413,0.6325267086826061,0.7715612852332838,0.6250195506893383,0.7927063146436968,0.6097452867052574,0.7989462454556153,0.5952764251753042,0.8003460969159902
0.4685390131817015,0.2696516078212976,0.4925209347948633,0.2551071316083114,0.5043829497768965,0.25676393689896737,0.5133864462785156,0.2581568240333936,0.44696951577701816,0.25097899743528074,0.4328327904727105,0.2503695060937169,0.4182749907978447,0.25007069043452657,0.5308275216259187,0.27106247726600163,0.40377037337683974,0.2619874177601342,0.4941743155796216,0.29485982239046304,0.436612315195498,0.29075438775945817,0.6187790949453374,0.40231647167485046,0.30614569968565697,0.3758595539560554,0.6476577564813838,0.5603618276426215,0.23600898317787739,0.52766095754513,0.6442537893429279,0.6936689468846191,0.20610554824115818,0.6628929039552525,0.6509386845171045,0.7417143703140332,0.186478891535922,0.7070277965459976,0.6262085620523404,0.7393514221611723,0.2192183383764611,0.7101279571938557,0.6181497987367338,0.7258934694150732,0.23423935638734517,0.6955711448776499,0.19520759670370402,0.6592238746895049,0.2352658178764371,0.6756160599971253,0.24988469802713745,0.6978670523852881,0.25122400442767917,0.7209735867890772,0.2602719979077328,0.7394014006048408,0.21643617172419596,0.7139876051245639,0.2137641611152932,0.745959392382381,0.21609722366260029,0.762535104934851,0.21967368184969482,0.7745669677777202,0.18782122266123724,0.7118158638039935,0.17656712191501922,0.7465019624351856,0.1755368163597958,0.763761836852979,0.17779069411191878,0.7754228692426894,0.1684002374278139,0.7078860779699563,0.15930081862261397,0.7389445006854509,0.15864815573182678,0.7550894077921686,0.1616960780877194,0.7666812262276268,0.1574482002477426,0.7030072196332434,0.14859528856140058,0.7265534271437534,0.14660062237890015,0.7394126943567658,0.14841121023010145,0.7490776707355844,0.6401321483777695,0.6989215909343249,0.6026545376178747,0.7093170686884662,0.5897930200279479,0.7310467454526648,0.5881686912878541,0.7538549150603064,0.580268421241567,0.7709178841199567,0.6295479206998835,0.7494186639832652,0.6169239876618666,0.7783077082998735,0.5993456770631259,0.787983584747997,0.5850582423316986,0.793057833270896,0.6522836219870528,0.7517627211903292,0.6383763977290974,0.7819957010288586,0.6162349035244543,0.7895003919333574,0.598953926758515,0.7904217321352808,0.6641661861400511,0.7506462223831499,0.6558817169670568,0.7775540550312403,0.63482202592734,0.7854839622842674,0.6168961886451707,0.788016548014072,0.6680517780861998,0.7481858966303588,0.6632511644549965,0.7701857783607747,0.6486419993963555,0.778332155651225,0.6341816189054876,0.7815293669998229
0.45218406421399976,0.2686470311094818,0.4748058148479217,0.25204983679891524,0.48679937715420185,0.25264091081729795,0.4958492403606407,0.253231941809116,0.42904094753499866,0.2519975377973742,0.414899131366798,0.25269548976172096,0.4003578767684898,0.25371930308153945,0.5143881465038683,0.26455492421093596,0.3870315266532593,0.2668013202960998,0.4800095013771182,0.2915322729266894,0.42232658050928923,0.2925291016526678,0.6137509321881061,0.3875657120861713,0.3005065868607119,0.3888338551533402,0.6562352319350939,0.5424331913836685,0.24342887575042765,0.5447822562199534,0.6647228850138875,0.6754388109025726,0.22391410111879131,0.6761156369162304,0.6755887061841973,0.7227842276278909,0.20924136964049858,0.7239477522946656,0.6506681536052016,0.7226211536242595,0.2425633145825871,0.7247349053167972,0.641449263436282,0.7099171653379781,0.2563953068933702,0.7094370673889465,0.2108770144159145,0.6745944560468888,0.25002393495826103,0.6868872870009195,0.26801640153774964,0.7077733442507759,0.27421626938477,0.7295803062091877,0.28646100455431467,0.7464766767718338,0.2365499579111876,0.7287506372729682,0.23705329084366109,0.760526567694288,0.2400712720733193,0.7786894114237435,0.24233038210397567,0.7926558413589828,0.20837762492036338,0.7291877067904879,0.20058171966863977,0.7635083448133986,0.19936911340634933,0.7830674124604842,0.19967992324238887,0.7972722340784686,0.18830589275076676,0.7263667171984494,0.18022057604217778,0.7572694643972769,0.17777639625820035,0.7751244789495161,0.1776628449141855,0.7887529663016809,0.17576260022944556,0.7214139451415205,0.16629790993362736,0.7438019441624715,0.1622337003485101,0.7573367647959728,0.16086389497011366,0.7683548031085577,0.661004700825479,0.6815745185076119,0.6245559531989777,0.6950627293855394,0.6135360931595342,0.7176133471537668,0.6142226760032471,0.7405569932618787,0.6086406230918749,0.7583232958753495,0.6540968141147971,0.731957228716774,0.6457379357945068,0.7622433026996385,0.6296736666886413,0.7737067281711423,0.6163178938431455,0.7803692417571497,0.6772996099243508,0.732345637755895,0.6670051968799738,0.7638967496439978,0.6459903338140847,0.7733530634258303,0.6291686914052192,0.7758950756004628,0.6894014576903739,0.7304030481021115,0.6842435562427935,0.7581510609745818,0.6643577267155363,0.7678275961958791,0.6469816267099905,0.7717472087093527,0.6933896324759319,0.7277788370085905,0.6911549505449284,0.7504329019744551,0.6773087088343704,0.7597725932131654,0.6630959006353223,0.763859563310119
0.45473637264499567,0.26870023357440587,0.4775542793616624,0.25241809616939503,0.4895189682087489,0.2531571633938552,0.49849533619509245,0.25386406306095255,0.431761472667144,0.25181381556235816,0.4176052592392845,0.25238998671431057,0.4030359094573371,0.25326398965820807,0.5168320261385566,0.26541717465043074,0.38959821159078417,0.2660484875080395,0.48223156491939284,0.29197304742039465,0.4246824568072376,0.2922079479817579,0.6150075250853569,0.3897233767189504,0.30234018582766653,0.3869416703295586,0.6550699723597763,0.5451163147028504,0.24240972043847786,0.5375751814611517,0.6620049254271838,0.6778067115439044,0.21689567979200378,0.6551965915870716,0.6720825540618578,0.7256272120984442,0.20415337413335358,0.7065228951094205,0.6471085250502591,0.7251370374012702,0.23773519966139245,0.7080803208787453,0.6380677753480406,0.7122726097935288,0.2517382492598178,0.6925338727546196,0.20394273920095038,0.6600577119985906,0.2443925913853569,0.6722028710162269,0.26155342944774673,0.6951418649488185,0.2689635698566799,0.7179134193354899,0.2816263628643002,0.735837364227699,0.23017537359499213,0.7168527164578855,0.2293668663877359,0.7480057693569072,0.23066381631927135,0.7669903356122889,0.23090531304560974,0.782107306152263,0.20223230943511622,0.7171748168632585,0.18920921455902479,0.7509243323147029,0.18334735875084984,0.7721682966054554,0.17830582294768127,0.7883737579570766,0.18131853005378512,0.7139802074356356,0.16919704447300443,0.7449621548190068,0.1636932051578769,0.7640312590900191,0.15881087514070352,0.7792638182113129,0.16756400540280486,0.7085751555580981,0.15536168410354456,0.7312946535895913,0.14825768076771723,0.7452991219742389,0.14258948641971397,0.757142566737667,0.6587290580700674,0.6844109151788546,0.6216976637497733,0.6972794166033621,0.6107133156961851,0.7198575842144985,0.6110099608990418,0.7426289010078047,0.6051525532570609,0.7601835738945388,0.6519965647196121,0.7349382689745244,0.6422418858185898,0.7650681274468947,0.6254651681624926,0.7761755832744631,0.6117134319910773,0.7824536413473018,0.6748998300139114,0.7355478975581298,0.6634246691442011,0.7667739395393449,0.6416111548887471,0.7756974445979095,0.6244970611742875,0.7777494616244425,0.6866079131710376,0.7337371879928285,0.6802893708874432,0.7613021461557945,0.6598766811298311,0.7706499330312891,0.6424129223776278,0.774419538223567,0.690268787386964,0.7311733039009033,0.6874845175745423,0.7537507657779875,0.6734752149489156,0.76295810655916,0.659323425422911,0.7669966413447714
0.4475787811563157,0.26861491432990475,0.4696786359276971,0.25145548881038426,0.48170149652296346,0.25169847922693245,0.4906274442874611,0.2520420559550377,0.4238539475804702,0.25274235342579954,0.40973180541847076,0.2539457566440321,0.39518617856906574,0.25543239222041336,0.5093803278839683,0.26283793593984217,0.38233567094386317,0.26864612838816476,0.47601735057327943,0.2908124702434891,0.4185753243708832,0.2933451817309334,0.612845618014609,0.38310660073352043,0.3005379473078752,0.3928987949326458,0.6587692856775725,0.5367444498209661,0.24623581667528985,0.5436680682177545,0.6711536431571021,0.6688171876745628,0.22296205289213344,0.6593603176535132,0.6830792916079572,0.7163925658714079,0.21328300189602334,0.7114016812634831,0.6580305328444547,0.7169169883119091,0.24705111736165677,0.711811959534066,0.6484808824466084,0.7044073731574075,0.26048687675049786,0.695593886748028,0.2128261865656291,0.6681996751436223,0.2531580097328826,0.6792074049081448,0.272018246920808,0.7014583514651711,0.27946333044737814,0.7239460503662382,0.2932982552174286,0.7412031713104037,0.2419048940716026,0.7263673629451055,0.24187058934505812,0.7568401678257388,0.2432694129910883,0.7756519911972767,0.24393206657799094,0.7907474224357219,0.21421314592311813,0.7273732963361734,0.20281822928823798,0.7607897267677957,0.19854222988625586,0.7815812132691728,0.19548217513603927,0.7980791881079047,0.19322761550353657,0.7243568438738839,0.18185213821917823,0.7555353381807458,0.17685856409591222,0.7747451530985876,0.1733081585260728,0.79056017915376,0.17865849233606712,0.7186833905410952,0.16704220983945944,0.7416037942976843,0.16048237310315844,0.7563030418104675,0.15553437249567065,0.7689460690817325,0.6680636714200011,0.6756182175231251,0.6316052266207515,0.690120252291935,0.6214822081864396,0.713175822599827,0.6224953771693289,0.7357238388192945,0.617622059644693,0.7534277564717904,0.6633451318426431,0.7266567743317428,0.654877493877535,0.7573140554131885,0.6383431823017442,0.7688983571962689,0.6245189454449306,0.7754055579616851,0.6861226406118742,0.7262521341324377,0.6758329012970162,0.7580644979350172,0.6543111086296238,0.7676944095486062,0.6371243570258128,0.7702302710980635,0.6977152642698526,0.7239093577931653,0.6923981873331763,0.7517592915580316,0.6722916600630342,0.7617551018390097,0.6549186477330857,0.7660767225490327,0.701282291861707,0.7211015226427486,0.6993603927411924,0.7438064898897736,0.6856802353913483,0.753473938262013,0.6716195569913758,0.7579752906631074
0.42969539008776503,0.26935232876308657,0.44997530151389853,0.2500857781352352,0.46204302285682197,0.2490729949363656,0.4708916758548008,0.24850862084128184,0.4045019328225706,0.25605816797442227,0.39057757608928007,0.258742279049184,0.3762616665293541,0.2617178389792984,0.49076274514521645,0.2573245902597828,0.3648921128966496,0.27602932945877356,0.4603246176354398,0.28857543610443737,0.4034507538965538,0.2968999463320248,0.6063130251459161,0.36671863323762144,0.29659926455176755,0.4077938934976431,0.6672874579854009,0.5150229685595293,0.2525265293512604,0.5592912510664518,0.6926790522936301,0.6448485287221085,0.23389607057046075,0.6667527335475384,0.7093639143235893,0.6911657253103802,0.22400153551801819,0.7168271569806672,0.6843150554959444,0.6941455163344217,0.2552442212476398,0.7090245065409402,0.6734797229969213,0.6826640754850595,0.2687771419399868,0.6904753613789547,0.22491938993907493,0.6689980367455262,0.2630935646885174,0.6707955926901328,0.28342870280546195,0.689802413836319,0.29506281186276073,0.7078407669240157,0.3112526061425197,0.7207954797948009,0.24440757961981607,0.7225996494394552,0.24864063201974762,0.7507235290837908,0.24948736394203122,0.7660865847013807,0.24824153294451526,0.7777378576557279,0.2155115269521692,0.7279856034855348,0.20459899557128208,0.7606149040017584,0.2024557361955061,0.7796737713469579,0.20088526130452655,0.7936628034019126,0.1951312045567134,0.7283021043670761,0.18133295451775466,0.7588282388387726,0.18066446269453512,0.7770632426171655,0.1813013206733951,0.7914861155550758,0.18417382928286785,0.7251831958873547,0.16897103484080195,0.7499449523531156,0.16430974213672306,0.7657292122748505,0.1632501387587909,0.7780850507865142,0.6902163296546673,0.65216662632288,0.655326389282724,0.6706285798270557,0.6469269612138039,0.6948327948063285,0.6504801936450846,0.717239542461173,0.646663722788113,0.7352774293630708,0.6901173434405243,0.7041488347058407,0.6852820146764158,0.7350793145018946,0.6700423322077189,0.7480266138860902,0.6570402675630229,0.7558653709706685,0.7132805677364344,0.7011016788447595,0.7065873654247314,0.7335270829001026,0.686250078519477,0.7454225299083943,0.6692216801631047,0.7499053352956082,0.7251417343803755,0.697295019410554,0.7227484684489707,0.725381487542244,0.7036486947337336,0.7376903376309766,0.6864213676751126,0.7440349391659227,0.7289888001804035,0.694022283750322,0.7288527453773113,0.7167673895714846,0.715992438750515,0.7278149437515131,0.7022497279113953,0.7338732296924297
0.45013837559967096,0.2685357353039291,0.47244817870210104,0.2517302952309996,0.48463565717947643,0.2520897188397103,0.49343205963083986,0.2525307051943827,0.426457627102395,0.2524908629279501,0.41232164364336804,0.25359760962317557,0.3977584839982954,0.2549460301970856,0.5123349591238279,0.26354161596572956,0.384860761844037,0.2678375862149301,0.4784616518826076,0.29114991236538335,0.4209922396299344,0.2929362865689012,0.6151737449843109,0.3857851509209009,0.3020453154690478,0.39090270264449467,0.6580217027493083,0.5397770177078888,0.23529429033300361,0.5330187121082745,0.6687378204198011,0.6715288143988427,0.18871495772582114,0.6384273116400707,0.679842001768012,0.7195105213962584,0.1658617587517312,0.678428190695898,0.6545084349264262,0.7196136642833659,0.18305215260341523,0.6764554479699787,0.645052095728138,0.7069744722981026,0.20074481324758264,0.6628663669967431,,,,,,,,,,,,,,,,,,,,,,,,,,,,,,,,,,,,,,,,,,,0.6656061045967676,0.678383499964055,0.6284104714370073,0.692365641729829,0.6167383769403761,0.7156010568314136,0.6166615770634997,0.7384569613409228,0.611729840751569,0.7562120202623649,0.6577293779877308,0.7300826757193093,0.6480775215295153,0.76098638695215,0.6314629167387036,0.7722609454376339,0.6179300556309253,0.7782840050840201,0.6815121842902688,0.7299529434654817,0.6697704389614876,0.7621440013381151,0.6475065856776858,0.7710713589814663,0.6302383551216723,0.7725795022142049,0.6944837798630457,0.7274436001150507,0.6883293992328968,0.7556451400323988,0.6674452618333676,0.7649333349249847,0.6498512278366441,0.7683973556487413,0.699297665216991,0.724183434858143,0.6960979080245062,0.7469069047481636,0.6816689889272459,0.7559133352001559,0.6676547081115726,0.7597448311737609
0.4210575139879585,0.2692381664957834,0.4401644583367235,0.24889052931482664,0.4522936808367502,0.24710365345117813,0.4610360073808696,0.24600820599133225,0.3949317952379769,0.2576127368046863,0.381204885270661,0.2611991528098345,0.36708001654923506,0.2650445883350203,0.48177903078104684,0.2535413612137197,0.3565967566716611,0.2798874013289761,0.4529284192230031,0.286661255738945,0.39650248861919757,0.29835071696054793,0.6044724629116723,0.35669362805293675,0.29623659195517094,0.41528939652828395,0.6725471178770799,0.5011576438116332,0.25358385493119406,0.5579522873586211,0.7058831084189795,0.6285724632719578,0.21948963237743166,0.6500015432055575,0.7253238533357276,0.6740083658978677,0.20004254436833455,0.6809094977914802,0.6998719646933944,0.6785526057917679,0.2111213155171741,0.6749698420732679,0.6883642767293257,0.6676717002724986,0.2262043989495684,0.6634980296283359,,,,,,,,,,,,,,,,,,,,,,,,,,,,,,,,,,,,,,,,,,,0.702639168753592,0.6358544215648213,0.668821500564004,0.6563217505729172,0.6617820163408396,0.6812881604910107,0.6657936419004078,0.7038329349013059,0.6627505314929786,0.7222258823014754,0.7046669988455853,0.6883614973363459,0.6999214607923488,0.7204682703453495,0.6851709243064861,0.7342844215186595,0.6727383591264904,0.742725285833209,0.727969719356678,0.6840174108726829,0.7219155717204897,0.7176495131427671,0.7013087239309075,0.7305349886506642,0.6840586389015385,0.7353975777719497,0.7399614435056516,0.679225047372271,0.7388465397968458,0.7078164508796313,0.7196724261252101,0.7208557270423062,0.7024709227899908,0.7276143655694907,0.7438600421432029,0.6752713175052265,0.7442111789399368,0.6981692038131297,0.7314700694121921,0.7095107803878365,0.7181194880563917,0.7158483609521854
0.48038752025053616,0.274613753856916,0.5055470077680952,0.2622259166454046,0.517568187063885,0.2648185250900794,0.526157338171365,0.2668451985913095,0.4601908078981332,0.2541240434537087,0.44607972398782775,0.2525739773204365,0.43153641612939747,0.2510586779129806,0.543022342262305,0.2811628615354864,0.4166120144907328,0.2610374720627754,0.5038933146436666,0.3023476793243145,0.44704784868267466,0.2929892374938885,0.6211716773280738,0.42212853216717283,0.3122993157276981,0.3659705002821605,0.6325733413335798,0.581493936015014,0.22101085911060334,0.4827050231740603,0.6179141716686363,0.7114623073850632,0.1571002912196799,0.5042931895495322,0.6197760390487315,0.7611778895786122,0.12616446406019977,0.5161721033092311,0.5942373066432378,0.7562218542160706,0.14177146780092242,0.5051510204419611,0.5874093441086672,0.7418022881138762,0.1609304072139383,0.5040781548120227,,,,,,,,,,,,,,,,,,,,,,,,,,,,,,,,,,,,,,,,,,,0.6124573036919019,0.7166203458334699,0.5730975683774021,0.7235609246525248,0.557298509876821,0.7443621529426561,0.5532821143864289,0.7668017605103323,0.5446718182482753,0.7830945467880175,0.5948366044347483,0.7663759661975986,0.5794876833343301,0.7947707327155625,0.5608860521256682,0.80256963329586,0.5462323502922949,0.8057471538996737,0.618339234242072,0.7707501049690987,0.6008865751341562,0.800073184297083,0.5770837564941077,0.8046578551805234,0.5592750763175643,0.8027497945611128,0.6314862819866494,0.7707238233784532,0.6205037580146451,0.7970967392073876,0.5980449486077243,0.8022749750253174,0.5797291992996488,0.8022703029993281,0.636795519920238,0.7684057693712274,0.6293260740402412,0.7901536627326252,0.6133626509662133,0.7962836188007342,0.5985943247719572,0.7973452419807406
0.45011396166709156,0.2695787492668824,0.4724360434671687,0.25236357234188966,0.48479802922191545,0.25254356342523326,0.4936148300019139,0.25284229276812925,0.42619129219106244,0.2531830598537732,0.4120168882706408,0.2544045640433639,0.3975537946300218,0.25570159999115116,0.5129441249809096,0.2635630026853526,0.38502196492296886,0.2683901686452751,0.47861486481511406,0.29240106057105986,0.42081685250768297,0.29414019538229785,0.6170768153421057,0.38723450456890485,0.30267931505706713,0.3940571269948949,0.6591697978899387,0.5413841649437865,0.23903458857411047,0.531575631797504,0.6697481820377278,0.6719062537542346,0.17825422291225534,0.5219948880747505,0.6813228509459207,0.720314824032734,0.15355594902428132,0.5136283403407912,0.6552106620976397,0.7203626917478355,0.1632962822793395,0.48932651565787055,0.6457288919918618,0.7073510219271915,0.1766077540125856,0.490114235783879,,,,,,,,,,,,,,,,,,,,,,,,,,,,,,,,,,,,,,,,,,,0.6642964395925628,0.6774774273299502,0.6278163192198523,0.6924469585345603,0.6173237059515183,0.7155658947627551,0.6177485097703499,0.738308037347156,0.6124962025334089,0.7558911877777155,0.6579855011955202,0.7296381628574672,0.6480221231477568,0.7600371617998061,0.6316139896191607,0.7713736419202439,0.6180930786829045,0.7776983545431422,0.6817807504122433,0.7291663358782108,0.6709481317123512,0.7610912006788506,0.6492676308092771,0.7703659117682877,0.631939022928705,0.772243117200011,0.6947891557950192,0.726326614570713,0.6897918705413455,0.7540023175891315,0.6695512242417272,0.7635789141287328,0.652149406506874,0.7672970056548072,0.6995934981196588,0.7227658428565811,0.6969176132003887,0.7451894311310403,0.6831098438201791,0.7543550490316089,0.6693833770177819,0.7583837091537697
0.48306354804696267,0.27638505537751534,0.5087770048120758,0.26451539745407926,0.5208663789380114,0.26747712388825196,0.5293866954752167,0.26973906770053824,0.4634036310066453,0.2547980175575485,0.44929121559986607,0.25278343267891223,0.43500964577391166,0.2507596516200272,0.5458038643049293,0.28450836414028546,0.42009251342320675,0.2603117925588383,0.5056922190475545,0.3051736690475545,0.44883442806972274,0.2936706708822731,0.6192099900010493,0.4289811248099308,0.31083171574667057,0.36532895689723754,0.6253153709291798,0.5887301727975949,0.218869071196822,0.48757393662350323,0.6058770223433394,0.7183250970337862,0.16218155022702496,0.45719320926691603,0.6062249527527162,0.7680176473455722,0.14213648606620993,0.44291103972431356,0.5807730207412725,0.7621254232366954,0.15572674576411405,0.4210368925309758,0.5745278534053044,0.7471838468462431,0.16677620388594894,0.4245182205359116,,,,,,,,,,,,,,,,,,,,,,,,,,,,,,,,,,,,,,,,,,,0.600035879885399,0.7224494969285769,0.560841461103178,0.7284042193292646,0.5455357757101905,0.7484654199650602,0.5407047785736843,0.7706341607303546,0.5310725097091038,0.7864308184088242,0.581655891782257,0.7714858688134629,0.5647088736168472,0.7989515095234816,0.5462496411508471,0.8061077441417087,0.5319751998937524,0.8088488601120436,0.6050267930884745,0.7765505196313698,0.5862748655654735,0.8050316981301626,0.5629496146336066,0.8089110673530057,0.5458851075350885,0.8066771391368557,0.6183567844902643,0.776863681134716,0.6059899449396553,0.8027011376133424,0.5838075187853285,0.8071999793795663,0.5660354684411669,0.8067957466413718,0.6238376544649369,0.7746485054911239,0.6153736583382219,0.7959001570523012,0.5993797939345695,0.8014091310782141,0.585056404935194,0.8020129854859122
0.4415097866905247,0.26982368133554124,0.4627407851813916,0.2510024135965753,0.47520669482465194,0.2502955094642,0.4840036189118266,0.24994577228673057,0.41646111553034365,0.2546809035842259,0.4022778624654976,0.25679529881734553,0.38793788947654495,0.25890298324318484,0.5039455766680463,0.25917112385952723,0.3763707181495525,0.2722866557047926,0.47121906153799187,0.29084985298587873,0.4135300514878217,0.29609247801983307,0.6157871705407,0.3761321741199873,0.3025596702004094,0.40453147512759213,0.6681968497141416,0.5272671820329671,0.23493459486702517,0.5521911804895607,0.6871975424904412,0.6571459474175132,0.1828692185286988,0.45407794368397386,0.7022644772513438,0.7044271024070177,0.15750118627819498,0.42253032544117525,0.6759716187306857,0.7064117677213546,0.16902923383432744,0.40941288445735596,0.6655694904668344,0.6939536843057381,0.18089010563101193,0.41635269317544077,0.19668205590203672,0.4523574914303032,0.2221221394818012,0.43731206395481886,0.23468075067531297,0.41643177058616637,0.23785456726036672,0.3988627322919361,0.23981911922375984,0.3835698887885782,0.1888469857423757,0.40174087031806816,0.17581405775188047,0.3848427574695552,0.1759481798644254,0.3851964235836044,0.179060372609262,0.38790039056043907,0.16489995308626132,0.40791553203487496,0.14697522786583544,0.39309825935287424,0.14756865763885757,0.3929704376634309,0.15107737862757625,0.3933044618234375,0.14595583366555914,0.41597561590919896,0.12821629825176578,0.4037607541377085,0.12705923645163053,0.40335998576252874,0.12936613778717487,0.4024479818504255,0.13294793827469337,0.4245111866301472,0.11464593363224296,0.41521536538380116,0.1144530443958397,0.41440564536053504,0.11783802668306642,0.4132885453687957,0.6836846695570921,0.6622882025429288,0.6477854467520083,0.6793382099381364,0.6387353001325898,0.7031690452864336,0.6409779429109248,0.7261085735856267,0.6368844650827276,0.744347216279307,0.6804301368794887,0.7143385403101985,0.6722986736282888,0.7457742421044471,0.6564156524225389,0.7582603627700529,0.6431945248894817,0.7655386313506948,0.7046727448186605,0.7126190024308625,0.6948379608594586,0.7457778316997339,0.6731907113398214,0.7563223010212312,0.6559914315001467,0.7592263898110175,0.7177569296905528,0.709199211135878,0.7134982884234304,0.7377922137707005,0.6931714736114168,0.7485323727914889,0.6758605661721631,0.7532200560323155,0.7226630109113972,0.7054478048720471,0.7208434553585756,0.7282441456325921,0.7067109327323988,0.7379258625567267,0.6929852213973403,0.7423222721937469
0.46515517113055965,0.27295689996116607,0.48965057449248645,0.2582878497925919,0.5020361290457953,0.2598968859103148,0.5107497749133066,0.2611670599289647,0.44349435404807547,0.2532063206694569,0.4291449348671705,0.25260662381512766,0.4146273131843148,0.25199208074038515,0.5286559058605151,0.2738482990082073,0.40075383606403236,0.2629807485585503,0.4900353712075084,0.2990967487581754,0.4325756863159311,0.2934577450478121,0.6166113356488152,0.40954306422751935,0.30490444269678135,0.3793596097717584,0.640217062800158,0.5677960028786959,0.2015516918441681,0.5081539843810173,0.6350190151910786,0.6990466448804655,0.18200725255898015,0.3725601682501731,0.6410933987980367,0.7482775979284529,0.16415800248760531,0.33907982873007786,0.6148667197982864,0.7454066906529389,0.1790163839191834,0.32410332257841196,0.6068710519039844,0.7312485418497625,0.18968106488846379,0.3371334353111845,,,,,,,,,,,,,,,,,,,,,,,,,,,,,,,,,,,,,,,,,,,0.6319199789100789,0.7035336564559702,0.5929394170306581,0.7135090982409631,0.5793420883085512,0.7354672062868153,0.5772792587796931,0.7584026587704077,0.5702046236147816,0.7753374144790248,0.6185706724434017,0.7547687338046221,0.6049715335702436,0.7840661466742912,0.5870069619490913,0.7930475452173018,0.5725875237214408,0.7973714282742741,0.6424551667497986,0.757356809188518,0.6270235325674132,0.7877156524603423,0.6040566334140003,0.7942281902696444,0.5863779401271959,0.794130327736273,0.6556173892844632,0.7562918934859306,0.6460365474084568,0.7831414729913824,0.6242810152220355,0.7903269463994218,0.6062392533275349,0.7921069925135598,0.6606117664954019,0.7535359777167705,0.6541345516626198,0.7754169687217879,0.6388181693984454,0.7827141580490955,0.6245100892990941,0.7850654897069107
0.44510335650198785,0.27051307240005595,0.46701746977152087,0.25202604973223025,0.4795919698082186,0.2516289849073624,0.4883882082838525,0.2514656765709441,0.4206139745146453,0.2543212782294064,0.40628958149759054,0.2560058496663986,0.39182924046748474,0.25768876472377444,0.508097621467055,0.26099468489521416,0.37994518051062237,0.2707612072005652,0.47364153419813054,0.2922920461129849,0.4160558905759681,0.29591031776611354,0.615932282452265,0.38077998240817396,0.3072103967924006,0.40088820153099647,0.6650155532433902,0.5331921398916947,0.2139968877728115,0.5419543425600898,0.6813150613602257,0.6640702172954656,0.18282348541277277,0.4030863146017101,0.6954425584812248,0.7113635943762298,0.16408707747815393,0.3672861707353509,0.6691037340998127,0.712896958611891,0.17431140035980636,0.3523052683381103,0.6588390370219658,0.7002929208792985,0.18610942930073687,0.36522063439568153,0.2130868948641972,0.41990842247128823,0.23960519493616445,0.3907053603486795,0.24888341562744923,0.36142130562723956,0.24988389270712985,0.33981891006710546,0.25494399557345304,0.3231172404339347,0.22101757458423144,0.3623661426747024,0.20748611217218976,0.34743608116063346,0.19736113678650088,0.33767393412652086,0.18797942072104734,0.3295556945325516,0.19602155613488947,0.36815591747517895,0.1815356530887613,0.3547839698179208,0.17203209436979455,0.34336890438117745,0.16520995037394093,0.3326972331669863,0.17424615562250945,0.3750549065836191,0.16067378011060168,0.36140533366787825,0.15271135243040057,0.35010377929785813,0.14754469383805208,0.3401432380679104,0.15600809811971356,0.38336752898326365,0.14440057752077406,0.37032528639693696,0.13795663941987246,0.3609447181120068,0.13372885244515775,0.3518236759529752,0.6783882965164278,0.669010812025908,0.6420152532444925,0.6849208858820646,0.6321069848443053,0.7085336345999165,0.6340018887436434,0.7314813051029736,0.6296954079802985,0.7494749939974443,0.6741068894740566,0.7212512245806457,0.6651651126444721,0.7523941450001365,0.648477831009221,0.7640562107907511,0.634646898598096,0.7704048923164724,0.6981132500380727,0.7200043952880638,0.6877634599094489,0.752501940539316,0.6658934038526998,0.7625003520390994,0.6482737519233261,0.7649624876194736,0.7108746628489553,0.7168354237290373,0.7059203010029572,0.7448341528913919,0.6854790815236239,0.7554529526233795,0.6677265369195687,0.7599926904543148,0.7153195231100308,0.7133263553809529,0.712674062125761,0.7359514836184926,0.6987027737237226,0.7456909921089192,0.6847501296851302,0.750279211416054
0.4579673993693562,0.27188404228672236,0.48177657921739536,0.2558333227259581,0.494348785725094,0.2567846803479513,0.5031070587946728,0.2575424523229767,0.4353952888058712,0.25315473548787515,0.4209434511368725,0.2532825954366968,0.40634470778127374,0.25337824559568733,0.5216992582111671,0.2690230088806195,0.3931853586198337,0.265076436383488,0.4840143439281603,0.2965145355613165,0.42635049244861956,0.2939892325828232,0.6159231378255213,0.39945997800532385,0.3080584281317487,0.38671704955610986,0.6486639547554331,0.5562657304125642,0.19290384697999596,0.5121347006650416,0.6511257009554006,0.6885684833902604,0.19073546163433203,0.36520729425087384,0.6604965017743246,0.7369433003719017,0.18517455928251902,0.3293736358216119,0.6341620716657401,0.7357161410440294,0.19529657297706346,0.3154442104389795,0.6251883962359788,0.7221368728328597,0.20337140727244965,0.3284955460289321,0.21806634448461562,0.377909122647811,0.24634032899764916,0.35545967161581776,0.25846510975048137,0.3266603116113453,0.2656565024628951,0.3063316397582716,0.27707076212302567,0.2933248337849552,0.22831281732016542,0.31254767324546096,0.21780310714998138,0.29673132141483644,0.2240876878733833,0.3112194763607721,0.22939216066473633,0.317406464926786,0.205106669455236,0.31368585676475425,0.1929762218903568,0.29952083809508573,0.20212304095248773,0.3166728251866041,0.20846776568595868,0.32179949374757844,0.1840379069669213,0.31752325286437844,0.1722136349110457,0.3041979612013655,0.18323006855557133,0.31996253212738135,0.19106587607549647,0.32613305514279556,0.16487144437887097,0.32307008725756914,0.15580776708848665,0.31324125601063874,0.16642142306664143,0.32383538499144265,0.17508675335613794,0.32932443756583546,0.6475841047580823,0.6930042124827644,0.6096906336945755,0.7050455236923164,0.5973733018138653,0.7273709099358686,0.5968067744542669,0.7502820422187584,0.5910800882812236,0.7676452016498467,0.63750711510545,0.7442580507289898,0.6263960015251797,0.7744411695685331,0.608878351059648,0.7844712479559088,0.5945280104083674,0.7894810073894432,0.6615987344709673,0.7456243856123699,0.6484986087372601,0.7769660539224537,0.6258598651387407,0.784497417294649,0.608219151399843,0.7851370055325688,0.6748284182933139,0.7439661456344702,0.6676316365489653,0.7714339119670621,0.6462066988270947,0.7796031067084621,0.6281375129782494,0.7820551851974943,0.6797804560513712,0.7409869831184641,0.6749490435064566,0.7632578613202683,0.6597339734303982,0.7712240914262019,0.6452388484726045,0.7740319653505101
0.4416512492060048,0.27091086586664004,0.4630896161363443,0.2517900411517088,0.4756792914351555,0.25100314170250604,0.4845289834892118,0.25053672916036784,0.4167829145840352,0.25557696412812714,0.4024704764485233,0.25767187817861426,0.38801035086847524,0.25974459634699354,0.5045100554980965,0.2593246364737548,0.37656185077623694,0.27299568811942587,0.47084061009869793,0.29169854005814033,0.4133437779643384,0.29706802103604735,0.6151821691620221,0.3757326412746357,0.31086125372633,0.4048994072549149,0.6691905019770162,0.5265860955862602,0.20788229728845417,0.5419620260600782,0.6898240299087681,0.657665106846372,0.19719162748001676,0.39186765703880044,0.7058980454126877,0.7041591260660383,0.1923773743996141,0.35510192969800614,0.6795239932721662,0.7065465097546204,0.20321705834836115,0.34331285266071476,0.6687354368104637,0.6943609397206811,0.21050950645502012,0.3556414366042106,0.22251535755315496,0.3951625326850776,0.2525679473128508,0.3719481347686881,0.26121699840422896,0.34533442074428716,0.2652465659045943,0.32408294341192023,0.2763578590229695,0.3111025449882634,0.2332439160644421,0.33158661228029046,0.22218045349329554,0.3175650527681643,0.22974217051918125,0.3339023788508372,0.235268956266871,0.34312284710412166,0.21017606185686763,0.3366868542690443,0.19701559275561337,0.3236427686339306,0.20950175744473412,0.3417379549231422,0.21561087340860377,0.34889633692785993,0.1891220642276376,0.34356595254722005,0.17633041715813857,0.33086023669460385,0.1908888789267273,0.3472972771419163,0.19770676019463315,0.3544527044848736,0.1685274147057491,0.3522007304968265,0.16009908136963363,0.3407385739230332,0.17244668731090973,0.3521043711244504,0.17991249723193947,0.35909069370335994,0.687302582318924,0.6625317379138616,0.6510088435424589,0.6793157321516146,0.6417930846373326,0.7032818714295848,0.6444473429713902,0.7259419160084715,0.640977592408122,0.7437509494448412,0.6841401968808666,0.7145033257997369,0.6764640955786163,0.7457300158090445,0.660283308118663,0.7581075845497942,0.6466465072848089,0.765091503584751,0.7077875376438603,0.7128023089662008,0.6983035904793933,0.745431393895034,0.6766501454450975,0.7562531704855238,0.659069204778277,0.7595762352044124,0.720086555383779,0.7096085936350414,0.7160173921050701,0.7379569788674034,0.6954619451544719,0.7492920033903239,0.677451537891795,0.7545697978236858,0.7241685935710875,0.7062752260356671,0.7224949228787324,0.7292914600016203,0.7083842203501423,0.7395704434155393,0.6941294395165458,0.7445648687732506
0.451613056737098,0.27118492817073586,0.47466344135112926,0.25397479018284347,0.48736077907744,0.25425115332308895,0.49623479041728963,0.25452452775238876,0.4282501556171883,0.25392191468428454,0.41382164158131063,0.2548317948866622,0.39923633364867217,0.2556909664696582,0.5154558734954368,0.26497528723525077,0.3867120698918472,0.26796723153945734,0.4791230630597624,0.2943419686598831,0.4213560629957822,0.29487181902439763,0.6156251542841337,0.3903328863657631,0.3114252023779517,0.3936846930468401,0.6568591460601695,0.545232136800877,0.19311329476183065,0.5175038783604695,0.6663242393212803,0.6778869262241587,0.2106585651527754,0.3669772912579414,0.678511905051072,0.72547900352756,0.21360373558837156,0.3273983083445282,0.6519026417281284,0.7256099506107473,0.22768431686631435,0.3196280752520989,0.6421747345023825,0.7125414493301334,0.23311181219496258,0.33277944587207625,0.23081571496957168,0.3733887549464397,0.26339047424243006,0.35307244743763455,0.27550397300726764,0.32797038110758125,0.28102918152616946,0.30940414709466735,0.2943454993455782,0.2990588237610067,0.24626800267805776,0.3150540600143258,0.24096654882783486,0.29961036326185364,0.2468925452066045,0.3161496615540005,0.24961142373905063,0.324838058477167,0.22481855503999937,0.3178693510279126,0.21763723905210913,0.3031549470370542,0.22756195886291397,0.3216728256648187,0.23051682333936335,0.32881062587464394,0.20484075788827164,0.3224055384100533,0.1977304797933623,0.30777034220251526,0.20995100856664578,0.32553047306816796,0.21366234783693858,0.33293458360025274,0.18420470696416863,0.3287015719691818,0.1798495170361195,0.31613357458270835,0.19035975607776628,0.3285079784910974,0.1946655982348186,0.3358758991708675,0.6626325434502403,0.6817869668858001,0.6256111411856428,0.6960286990906632,0.6141679127839903,0.7192366650182376,0.6144547965140952,0.7420915184601684,0.6091380674521105,0.7596176386383067,0.655431771352582,0.7338612960644262,0.6456565352230489,0.7642207557170364,0.6286649929608513,0.7750131515283272,0.6144233972561643,0.7806089744732199,0.6789460240993761,0.7336934674765481,0.6685237288204822,0.7652908006647359,0.6470694057544262,0.7745202364927581,0.629608002614328,0.7764891102369419,0.6916654155650325,0.7311113063075165,0.6866021251289409,0.7584487515498488,0.6664128149134894,0.7683158143413615,0.6486698378729403,0.7722832995939605,0.6960255358816689,0.7278110039452351,0.692719058277816,0.7500778504098409,0.67845893040511,0.7592607097420132,0.6642374515953295,0.7633947854436016
0.4571655238549908,0.2714236566983298,0.48100208802521216,0.2553499055767623,0.493685511732866,0.2562125725087863,0.5025482291157765,0.25689651485299836,0.43464666314809797,0.2531671531403672,0.4202019879008865,0.2534287209786843,0.4055817229274513,0.25363204651307614,0.5213829066422587,0.2682561573962897,0.3924612008118521,0.26532698774024044,0.48365935493111567,0.29585148349765467,0.4259461049746465,0.2937104410480637,0.6152501857737845,0.3979940087253825,0.31164692333741184,0.3870283890004793,0.6493081793304916,0.5547761106439757,0.18364010266747205,0.5024024887819286,0.6525338987513705,0.6879831205599738,0.21893308975906262,0.3538036076604426,0.6624193315623146,0.736033340522315,0.23076850088704876,0.31722601128857425,0.6358162484674732,0.7349545999356675,0.24539121528810928,0.31051192990288873,0.6267192622492732,0.7214287888943547,0.24800536253609787,0.32305920924422993,0.23992972972522847,0.3610060461287289,0.274190632385072,0.3442964984796985,0.2896659911093561,0.32237418123639655,0.2964155149872908,0.30518757654549594,0.30809152848417387,0.29586868822435886,0.26117445346054624,0.3076044261757823,0.25804342483767306,0.2934209473096201,0.26237619412894153,0.3094422687524,0.2640423213379751,0.31704452947937817,0.2398938125692888,0.3090267315754879,0.23456576232844872,0.2949749247779584,0.2428330742697556,0.3131513806348572,0.2447248571451584,0.31937242884481126,0.21965640053789878,0.31211177391158684,0.21381376888129347,0.2976014635306407,0.22470194777976024,0.3158617390901206,0.2276527151413551,0.3226598963899075,0.19835109146966257,0.3171062484515469,0.19516823763450636,0.3050364856002387,0.20460950542220366,0.3180263364380172,0.2082961246994713,0.325007892319595,0.648701806852054,0.6919225077518542,0.6110457976280439,0.7039644966304709,0.598833680794949,0.7266255817635385,0.5976159899776998,0.7494440354642135,0.5909843615979725,0.7666361047034053,0.6396151720859996,0.7435879718165842,0.6275053054452867,0.7731073213492098,0.6096173841387261,0.7829918845138355,0.5948853570823289,0.7878105163188848,0.6630636534151567,0.7447089172103922,0.6501771515558783,0.7753775039733555,0.6278655250790504,0.7833845506893212,0.6099548574466427,0.7842627911870494,0.6755918733993412,0.7427962631636191,0.6681099159423615,0.7694889882623107,0.6472372789568377,0.7782793690110713,0.6290869510924374,0.7813722407630506,0.6797675390851166,0.7398391314261523,0.6746345010893223,0.7617952827051868,0.6598487145175815,0.770210378273376,0.6453906942576879,0.77363197351995
0.45937307542143496,0.27168781314735746,0.48353051033626665,0.2559584271430998,0.49621175382050864,0.2570264557037362,0.505085503937432,0.25786001078238097,0.43719171775074767,0.2531243312737212,0.4227447660136004,0.25313582291341197,0.4081187009610924,0.2531160060912939,0.5237671037960389,0.2695430961646386,0.39470664317439136,0.26464185995809275,0.48546686214258455,0.29649929430466315,0.4278356888796166,0.2933301422355633,0.6149062577662712,0.40068788627551943,0.3117695737217655,0.38437962553503396,0.6464264918606153,0.5581662818144374,0.18285837833812624,0.49791568337095704,0.6471809994503004,0.6919184892164686,0.22615504726323354,0.3558614334023249,0.6561902947254623,0.7399504607794671,0.2377734626293151,0.3211005114339935,0.629648791003453,0.7384471050146002,0.2515894271490805,0.3135027669540936,0.6208632735976034,0.7247026188677428,0.25479873665916114,0.32687580482153417,0.24743913122284442,0.3574141294100285,0.28384956093415836,0.3439219774228478,0.30035289052195324,0.323872112818125,0.30620240107209384,0.3060834299161719,0.3187505725469492,0.29652342731244674,0.2746800776210656,0.3089837785854209,0.2712961269080833,0.29439121990729145,0.2754202107386001,0.3098338994293764,0.2775780682414244,0.3178026650593914,0.25366667050602043,0.3091543680600554,0.2480390053753821,0.2949555483429884,0.2551845164190003,0.3127503561224857,0.25705425565344364,0.31937221402464355,0.23289620229698882,0.31138145782918614,0.227024908813127,0.29642704927209484,0.23656187120879446,0.31465989487871426,0.23937078885721927,0.3220725511006921,0.21081161450571592,0.31543468673614977,0.20744371569956374,0.3035484518304264,0.2165281970465078,0.3166834789358675,0.22053172228918,0.3240926963317722,0.6424120457074354,0.6964005312537284,0.6045214143269091,0.7070388975521491,0.5912872237845288,0.728938520913277,0.5899026789815989,0.7519659171323938,0.5831845453519652,0.769217837964562,0.6314799728147094,0.7468679251254513,0.6196635383071772,0.7761116339718114,0.6024989121616166,0.786109028195644,0.5884366782503914,0.7913905218095285,0.6553155707346581,0.7486590311743172,0.6414481957514926,0.7795775206696336,0.6189109287587167,0.7868297595914602,0.6015184483743624,0.7874601689723097,0.6682701678610519,0.7472265016457098,0.6600580871323026,0.774606889545963,0.6386463598740558,0.7822027128424611,0.6208216328132952,0.7842850861087491,0.6731885685073207,0.7443255325907737,0.6678565817177462,0.7666384091927849,0.6523065669072706,0.7742826757441619,0.6377999457721908,0.7766521216387603
0.45206644159829396,0.2713953443891475,0.47537010189232787,0.2542980081927231,0.48822645026115025,0.2545920229985016,0.49717987125536445,0.25488362468655795,0.4290366788902284,0.2543810397181633,0.4146564289311706,0.255184547243839,0.40006579554864746,0.25609848277041714,0.5165772064522803,0.26538118631818575,0.38733103900946064,0.26890413520997236,0.4798242039585756,0.2945522553211031,0.42216661419831,0.29482144133720434,0.6150985792786209,0.39054261623931036,0.3115534086551788,0.3922409682129933,0.6559979350564107,0.545625148112621,0.1914605945817085,0.5126778113384552,0.6646717281604314,0.6799235818599019,0.23745302076708685,0.3723788789955404,0.6764967038287243,0.7271990346123686,0.24773131562215264,0.33992019521445715,0.6499108171562743,0.7273580631583549,0.2608192553749262,0.3310812081239614,0.6403467646294735,0.714073462230328,0.2631871112183903,0.343217517846905,0.2556093901562322,0.3701376603279063,0.29037116327356016,0.3554602665310072,0.3041303272544665,0.3349685625315406,0.3090564528128948,0.3179976519125041,0.32205896176073256,0.30898914834483276,0.28014043953367296,0.32303266690921617,0.277715781490537,0.30957631764453797,0.28176152567584045,0.32458532878290697,0.2831860413020636,0.32986187175511383,0.2594636757723369,0.32459877996595266,0.255937235404829,0.31215440345631795,0.26313277383872846,0.32931488079889254,0.26319287115237744,0.3329223861752673,0.2389863394962952,0.327980363735366,0.23511683635031105,0.3146495619534334,0.2445806145649712,0.33217179148234743,0.24600301343223502,0.3371741534526689,0.21735611022115994,0.33273537706648587,0.21566339777343968,0.3221584416236075,0.22443537017466209,0.3345719736865558,0.22672628664736114,0.3404442740915121,0.6584829976221933,0.684467074810903,0.621488313747979,0.6976006368446608,0.609856818653603,0.7205350436567777,0.6101284339081692,0.7435800029542545,0.604735509393081,0.7611087103124403,0.6514878520300107,0.7354424562626205,0.6415574134728383,0.7656632499566113,0.6244192086593958,0.7765220792476584,0.6102140776748322,0.7824421648338562,0.6752617536882168,0.7357962051085817,0.6632043949594172,0.7677615831277024,0.6406053001139375,0.776682147281792,0.6227549772680587,0.778494210466198,0.6880197106362803,0.7337276407220241,0.6816690294882319,0.7618408986211119,0.6603016525088508,0.7710598568176448,0.6421094503103267,0.7744066670301065,0.6927285838450138,0.7307564516835687,0.6893084045057902,0.7537253904088002,0.674392789579878,0.762477153607414,0.6597668540274381,0.7658784981770475
0.4540027314982666,0.27146665373623274,0.47762201467146403,0.2547726761269509,0.4905442963244742,0.2552606373158385,0.49951717691751696,0.25568658630840385,0.43131665528036783,0.2541863808191689,0.4169453114656041,0.25469990013252847,0.40235020965923785,0.2554086493171243,0.5188555828536523,0.26646870333949285,0.38934566859340314,0.26835399696359136,0.48147471538161996,0.29502691236653,0.42389130333833586,0.29438702144571516,0.6147693167858763,0.3930557100108907,0.3112721050257295,0.3892984010333935,0.6531878140342944,0.5487127558927372,0.19268274563611487,0.5086075367419978,0.6598129748819196,0.6839048422756673,0.2466369413549248,0.36975134149251854,0.6708122649355238,0.7310898326992421,0.2559732634727346,0.3402954982601419,0.6442349443610836,0.7308298500377011,0.2689120595855364,0.33101360901421983,0.6349483847527713,0.7173450777875523,0.27127858817644057,0.34251317097720935,0.2644922919292878,0.37011149450715075,0.2974556996311526,0.3572267851546178,0.31360897716369057,0.3376662859172686,0.31874815688873337,0.32180077227826087,0.3295585901053276,0.3127716405889908,0.28787005609073113,0.3243176923588601,0.28797032800885947,0.31237478376347866,0.29066734980314024,0.3272507215200166,0.2913982394283833,0.3322283650480623,0.2675951370940024,0.3255134674758141,0.2662263999680224,0.3136851337803114,0.27152497899110484,0.33079599829366607,0.27111131397034904,0.33450462908720696,0.24726818842231196,0.3283499000118344,0.24531860697461652,0.3157381237611643,0.2532126593103493,0.33282777146991727,0.25398595259898005,0.3376322859391273,0.2257995588217286,0.3324640186025409,0.22598683103151715,0.32268431773391704,0.2337988944257284,0.33484452529942066,0.2353839279791537,0.3403637810798066,0.6536267132053739,0.687829235929114,0.6163742428229836,0.7007465625417029,0.6044004650409589,0.7235582106184092,0.6037371260874473,0.7463729166193616,0.5973837458747844,0.7636136986300954,0.6453030073605069,0.7391657712729977,0.6354144555455726,0.7687928550803445,0.6184259648321204,0.779377410334091,0.6043540942242428,0.7853446355810074,0.6689021100515687,0.7397919935596728,0.6568040044930552,0.7709303675403281,0.6343937191747144,0.7793360256185412,0.6167073055850166,0.7809898522250399,0.681625715536246,0.7377563646037937,0.6753207268215735,0.7654316259151206,0.6540894235953076,0.7742948639157163,0.6359752938565155,0.7774797937563607,0.6861929111129546,0.7347655628470651,0.6825707543770888,0.7575903866522518,0.6675511021929523,0.7662046124082758,0.6528329116962803,0.7695960105405194
0.4682069561949577,0.27227893604588604,0.4937892471081338,0.25866907842270104,0.5068548835411754,0.2607474437380168,0.5158345092183511,0.2622618863499546,0.4480337592576389,0.25253237201527867,0.4337838761034288,0.25125712862702715,0.419285778202034,0.25022486415152856,0.5337710913213722,0.275244325304966,0.40486362488881966,0.26161494061220236,0.49305086938657394,0.2990366314494038,0.4360641365368184,0.29145850866939454,0.6134546677007504,0.4123317039779808,0.3129276107273776,0.3709927377666419,0.6327780889958785,0.5716366784018062,0.18892673596996096,0.4774378249335772,0.6229380932834051,0.7073841640198764,0.25803233480431376,0.35075494695272963,0.6279867733300499,0.7553922399284692,0.26968840418489715,0.3226507721218648,0.6017991936039024,0.7518189412945852,0.282172536965665,0.315635670721887,0.5942606562512007,0.7372360697818569,0.28327614354603625,0.3270324800569088,0.274505950831411,0.35135242770656927,0.30866078873103253,0.34199002061537276,0.3272280440853931,0.32512814490686226,0.33269035796586105,0.3096964721125226,0.3444550819836004,0.3019699784407869,0.3041619669109633,0.30978639353999077,0.30483932989979734,0.29737430235011186,0.305407166616038,0.31222297174480795,0.3052705809313236,0.31816656400613785,0.2835961481979241,0.3083870510620249,0.28276713443038837,0.2959462649570408,0.2859120529497865,0.31373537474493085,0.2858510928249892,0.3187776094698151,0.26320781772873897,0.3084617078952602,0.26295476488120273,0.29573493872330514,0.26840359018480786,0.31363642313654644,0.26909263945333106,0.319779660595508,0.24155681998349754,0.3098733122368802,0.24386227882767442,0.29939337079266365,0.250180567151273,0.31224342755512424,0.2512214786448135,0.31869886026984307,0.6152416440302224,0.7100027677968987,0.5766106787650274,0.718166294908199,0.5625855669808738,0.7393142259008496,0.5597117294073217,0.7618717024601634,0.5509685635007302,0.7781064481073872,0.600423137579616,0.759688477438504,0.5875082908212448,0.7880041095682002,0.5696714890467875,0.7965843523003233,0.5551482186777921,0.8008270850247189,0.6240305562010916,0.763203239955156,0.6089550319708414,0.7926565941993122,0.585928049221735,0.7983517412442915,0.5681843728333894,0.7976190104822507,0.6371529997829084,0.7628368427134018,0.627826833725666,0.789134658600579,0.6061111695218714,0.7955665767955065,0.5878894060273208,0.7966883297917242,0.6421633752991345,0.7606013588522726,0.6358264601984548,0.7821959462662318,0.6203251980494774,0.789074279854429,0.605582946212218,0.7908954932007366
0.4256004668397698,0.27535246931567614,0.44489468448331887,0.25378018099862365,0.4580496429982247,0.2511380715289292,0.4671119810856744,0.24942385818562945,0.4000802916531281,0.26376976634297133,0.38629658375141407,0.2673758690096225,0.3723502799583167,0.27143720977724706,0.4884634597316535,0.25531528728734304,0.36277927132166043,0.2869744151560888,0.45824942115601436,0.2917314234211428,0.4023119021601849,0.3042292668224463,0.6103829745032568,0.3562592907816638,0.31411187812130226,0.4195387601056083,0.6831607067973209,0.4993211805462242,0.24161259362585388,0.562593873613304,0.7206846827412936,0.6307616766999611,0.2631817705294816,0.4225566383294844,0.7415619966111848,0.6744629323156259,0.26522649044752367,0.39235057631110115,0.7160831453365277,0.6800224777252755,0.27249644210760693,0.3817398642854248,0.7040636972998455,0.6689703307797112,0.2782239834448791,0.39178118187053584,0.2753214835445147,0.41749845802103325,0.30505177118437743,0.3978832943203342,0.3157007737796123,0.3757871158376471,0.31496407957418704,0.35910243124747177,0.32584576836049495,0.3480137674806005,0.2883279929000354,0.36943744209738955,0.2857874273277775,0.3574548196934426,0.2905896535382776,0.37155901729202184,0.2910653264037516,0.37633340369709484,0.26925691138042895,0.3752256869020263,0.2657732634410148,0.3633280126647201,0.27466290780646385,0.37915623904032864,0.2749008790447509,0.3829634645400997,0.2507158275015544,0.381931290584048,0.2476767259205004,0.369564173823322,0.25851258091157775,0.38477167014052566,0.2596235462777232,0.3896782963147568,0.2313377187203238,0.38991716438231483,0.2313883925708901,0.3792118426842281,0.24071734268156955,0.38912298413006974,0.242001620654735,0.39432199572527254,0.7149186983611484,0.6360438563593447,0.6807823249578042,0.6564532125179134,0.6744729051129155,0.6810293597276948,0.6792725670219075,0.7033750410248284,0.677100703948887,0.7217601222650427,0.7175263618044365,0.6872582349637297,0.7140475746852788,0.7193200285482777,0.699568109937801,0.7339580031218779,0.6870286453006764,0.7432841047393177,0.7409345662851258,0.6827917238714138,0.7354450381551534,0.7166018307051575,0.7146015197357967,0.7296952651293505,0.6975534126627145,0.7347316293104089,0.752970001613567,0.6781691658312876,0.7525900953829385,0.7066945424911306,0.7333714496031827,0.7196974762652933,0.716446264343977,0.7262313698068925,0.7567179458217724,0.6743248537705202,0.7580922065185173,0.6971132249769795,0.7450599202294899,0.7086289488113195,0.7316457438958164,0.7147390504819526
0.47131745965281835,0.27274264871987025,0.49722615710940216,0.2596620425428614,0.5104487148474804,0.2620111187840567,0.5195568252646754,0.2637500698356997,0.45186695405563876,0.2524968381972328,0.4377330979027699,0.2507405271150045,0.4232654425289353,0.24942166183297554,0.5373813868990449,0.2770693473732597,0.40872679812266044,0.2602110585527323,0.4956729644328233,0.2998188811844601,0.43909212175325396,0.29096654661760807,0.6136692824184372,0.4157738906944161,0.31462826781138586,0.3654166797776563,0.6284325154481368,0.5755612939397565,0.20568090445787474,0.4771115961464141,0.615028145374182,0.711713268110598,0.27059383102854534,0.35452714109552974,0.6181954302578266,0.760140464810215,0.2807154025191643,0.32683051884887293,0.5924861880362539,0.7558511436498534,0.2897972168132868,0.3186404304059552,0.5854260686761943,0.7410920401433863,0.2930289477610155,0.3303389404062228,0.28164462374821975,0.3521677254147151,0.31756516967170634,0.3453619264841019,0.3353084002315008,0.32842966730865025,0.3414362655037542,0.31267425943064997,0.35581347159211973,0.3067389402419959,0.31282811831812163,0.3131936236926435,0.31478767237842453,0.3009617643395426,0.3138583962215157,0.31589795937012644,0.3126783328405013,0.32057982609342517,0.29310703330204113,0.3112025472238765,0.2942339306105014,0.29872792340198306,0.29589786321827144,0.3170001359150609,0.29451253850028464,0.320510752317025,0.2730830862168685,0.3103102788252444,0.2752187857698547,0.2973687138877593,0.27906632036487206,0.3159363590410138,0.2782750882443267,0.3210765726203233,0.2514437818547146,0.31037831603387867,0.2561429746707174,0.3003507179179339,0.26063565589063475,0.3133332263873121,0.2599651049934516,0.31885706161166405,0.606504472961692,0.7138342392936425,0.5676943107476268,0.7208417860657064,0.553102865003126,0.741258763966052,0.5493791495858285,0.7640370061196455,0.5404203400315862,0.7806234774691713,0.5907644250552094,0.7629765321520381,0.5755993302492406,0.7913157200224057,0.5563620432455634,0.7994157814281637,0.5409950287204709,0.8031276442462798,0.614129011674366,0.767101551045319,0.5969257457630444,0.7966850375194583,0.5728265389588275,0.8014063939467488,0.555164743570077,0.8000290821024691,0.6271839839340005,0.7668254632908508,0.6170947559640731,0.7934320803037709,0.5945921179554556,0.798693748035805,0.5765481381967984,0.7986631318459029,0.6323168942257297,0.7642548728697289,0.6255801591959739,0.7861077933530591,0.609408242230157,0.7922212419732108,0.5947881213233933,0.7931613127263749
0.45366025998765436,0.2723480620531062,0.4774282256519502,0.2555331621604575,0.49086550434726467,0.2559093389478404,0.500154511867279,0.25632981549047174,0.4315220642733726,0.25500338416946944,0.41728991837056273,0.2552807326587559,0.40277782295516507,0.25611330509676883,0.5198001979295293,0.26687399369203846,0.3900284259225176,0.26860615459659876,0.48165890290492447,0.2953506893813364,0.4244715093827328,0.29488429627880797,0.6155109310864666,0.39300725328124914,0.31209200381713853,0.38600972602269096,0.6527569606730579,0.5491982220982687,0.22580730027183393,0.5139466949074394,0.6590420697257676,0.6858339271645804,0.26765384497173406,0.38393329882552574,0.6690806980618036,0.7333128797665736,0.27294353986063274,0.35492253357594356,0.643063878946659,0.7327334079900352,0.2797648666984087,0.34520798260355445,0.6339695209530737,0.7191224837928694,0.28534515932142795,0.3562002455449528,0.28081748486441854,0.3798571894808406,0.31442721524382133,0.3678093138319997,0.32907699685318137,0.3484936944586857,0.3328686476355109,0.33245751229154913,0.346294585005817,0.3248598214687178,0.30463394274850597,0.33661754375117164,0.30572689885718984,0.32485627338540457,0.3062471530426102,0.33989753135744755,0.30559680654929133,0.3445297228491748,0.28495410224487294,0.3374065351417998,0.28488321841526454,0.3257469166398027,0.2884717383267493,0.3435982970380973,0.28779035389948304,0.3470214636729023,0.2653991978485609,0.33919402040462426,0.2656908372056825,0.32717879027168556,0.27156574416928086,0.3446525838171477,0.271739102039896,0.3492557157039271,0.24455019153548216,0.3419897703746983,0.2468972689652781,0.33231170319990233,0.2528490782204428,0.34430943899450284,0.2533329505230898,0.3492275642894799,0.6509341680158114,0.6893504888097788,0.6135849869260053,0.7016283328945743,0.6022266274576811,0.7239158980280532,0.6015686874055115,0.7468489774870011,0.5945456861925258,0.7644702196946425,0.6415246616491395,0.7402340981774074,0.6312109885252437,0.7703682941979793,0.6136050273397085,0.7809465560698753,0.5991212270957578,0.7866139051086753,0.6653198728492009,0.7411439787042251,0.6524938098188025,0.7726195933254163,0.6292183818763323,0.7804095305536491,0.6114689145495813,0.7812880644456133,0.6783781423463137,0.7391942661696438,0.6715573433986977,0.7670473180358237,0.6497582713204544,0.7751818770726131,0.6317273715158221,0.7776485361858967,0.6834316935901694,0.7361507117121866,0.6795162350027486,0.758885414733113,0.6640307714089567,0.7670163530983491,0.6496204073699692,0.7698030419437765
0.4511550454917774,0.27262107976081423,0.47456474560521195,0.2553683991364799,0.4881402702862569,0.25546437981289827,0.4974812322230993,0.2557216843117837,0.4287872281177722,0.2556635629928711,0.41457532497576177,0.2561776341618985,0.40011708577066546,0.2572772246466517,0.5173639361704657,0.2659616207018709,0.38769749732627684,0.2699234265668905,0.4795121735197748,0.2950056665024824,0.42254221435869044,0.295632724102659,0.6154547631909631,0.3899619277827136,0.31204855585822,0.38851123734646725,0.6556729103873872,0.5454143224567154,0.23175283960822618,0.5189163642047433,0.6645631745181899,0.6820475279608094,0.2706193579464894,0.3888117632637361,0.6753359427564034,0.7292969469712296,0.27463561136604303,0.3595365825409241,0.6494851400348102,0.7291962462295423,0.2801200729956982,0.34966904147196093,0.6401542784954422,0.71572777924456,0.2860263541347715,0.36041094564553633,0.2842614726313881,0.38466835006196065,0.3173789500189599,0.3718070908551376,0.3299265133980911,0.35215729903074305,0.33413170082103844,0.33644453294072196,0.3481254384815423,0.32897794045848017,0.30594105526349846,0.3422837499260683,0.3079871537997896,0.3303482609898374,0.30814729353012305,0.34476276269717704,0.3068980943775117,0.34970300390839565,0.28659093106916755,0.34310607637717416,0.28782237516661263,0.3306689160113073,0.29109041513536327,0.34820523832026445,0.28936675718659466,0.35259735486242827,0.2669856576111028,0.345278605977453,0.26860471700052346,0.33249917203500245,0.27451898315379947,0.34965376509311696,0.2733468756890842,0.3547269978860761,0.24619866468925006,0.3488167016591706,0.24971443665820692,0.3384901938900852,0.25590005353167444,0.34994312715420756,0.2554444092693421,0.35485329411752836,0.6565822204159414,0.685641895730535,0.6189811184011356,0.6987155325290139,0.6077614803451235,0.7212356616779454,0.6075015699103913,0.7441714786437413,0.6008615624690132,0.7617687697928908,0.6478163901658265,0.736519076143013,0.6373462681424927,0.7672189279113044,0.6199248233679738,0.7782035136767235,0.6056899608256556,0.7839770653031113,0.6718224887239928,0.7370349553354836,0.6588348173034342,0.7693904846002189,0.6352929086147353,0.7775006028664634,0.6174832456414325,0.7783873179933504,0.6850079271306648,0.7349302675167031,0.6779490043466327,0.7635217506543668,0.6557783641184777,0.7718648775276142,0.637739820449485,0.7742425678665739,0.6901765146844839,0.7318025422009542,0.6863309740839202,0.7549810319174528,0.6706152329905833,0.7633139798621731,0.6560438485893769,0.7661364783641809
0.47436602814012546,0.2738791042344545,0.5008073547405575,0.26142241190771265,0.5143458855392966,0.2641121264146103,0.5235464297665762,0.2661921760184091,0.45606632644870354,0.2529270495743237,0.4420114752255062,0.2506786906603121,0.4277076678116875,0.24897385703616015,0.5411566369000741,0.28009448772146905,0.41331021119989664,0.2587736803650258,0.49790319049116344,0.30109524434277696,0.44225965359922115,0.2907840491018087,0.6136199380909259,0.42036772129211486,0.31646758067726233,0.36050697630709533,0.6232336219936889,0.5807648116466378,0.21395356298326945,0.47397334108797734,0.6051865473331631,0.716987884868094,0.27966747163664196,0.3545753144675293,0.6062176408542246,0.7651065967714792,0.2895575943207237,0.3268220054562214,0.5813994217110471,0.7600210423756586,0.29575516540889746,0.31786489475002505,0.574989180579336,0.7450565768435722,0.29950114963635976,0.32955272691339216,0.28999612115894813,0.3518208985586836,0.32437274468135235,0.3465757313863882,0.34090942162979904,0.32952011258683744,0.348623024557521,0.3150873774594205,0.3636317762348829,0.3105750906471657,0.3206249477758575,0.31461007796415374,0.32506952056293337,0.3035748182068142,0.3213194182494547,0.318028552005713,0.31879274662198176,0.32271072549402646,0.30100322271494356,0.31172287805628396,0.30472894733079625,0.2999463516392701,0.3036547879984228,0.3182889628487123,0.3011931945059423,0.3224684730348101,0.2809755404155568,0.3100527226315733,0.2849033873158655,0.2982099933647084,0.2870184265005341,0.3167526927819569,0.285136025615524,0.32160490593784785,0.2598998718307608,0.3095258100671588,0.2659101683487418,0.3005591762034565,0.2692433167426312,0.3132161944006665,0.26774155049563664,0.317753810600258,0.5971292512286014,0.7177173717487805,0.5577358812647754,0.723403462678867,0.5426036709111433,0.7435043334936899,0.5373337219937344,0.7659664329873415,0.5274828262509728,0.78218487009221,0.5793215353615718,0.7668137185472036,0.562401268959698,0.7946775575263878,0.5425635218793405,0.8021370781910739,0.5269401070858989,0.8054231321167422,0.6023880062192034,0.7717233056532395,0.583789122668191,0.8007186350113475,0.5589027157392166,0.8046513695685522,0.5408245575414279,0.8027538076801507,0.6153605604892705,0.7718987953406045,0.6038453415417624,0.7982218411943067,0.5806467612421942,0.8028909761231614,0.5621044838446536,0.8026063386840956,0.6205317767543965,0.7695339176272451,0.6129899883041244,0.7913751372264679,0.5965326176304802,0.7972305047709798,0.581571627840358,0.7979753147720198
0.4432579711012408,0.2739726646495362,0.4658728760903862,0.2553689724478324,0.4799396299556493,0.254605285107976,0.4895568357986857,0.25437720100116223,0.42081068726495874,0.25805358233271797,0.4066650064897202,0.25930187200320653,0.39249883001015495,0.26111363900786017,0.5101120050231407,0.26357585462742006,0.38115095911695107,0.2739707223447609,0.4728114538066962,0.29442705121819196,0.41664753823340056,0.2980567720675033,0.6149002983173328,0.3813254094262658,0.3123033757926048,0.3962135461820101,0.6636916428595679,0.5345136101704504,0.24125500434350092,0.531871368678944,0.6793664810639173,0.6714861798029281,0.27690765877477663,0.40018570513091917,0.6919285957711911,0.7177729886034176,0.2801296840388992,0.37055354311050115,0.6669706343920339,0.7188328767016361,0.28363523936161406,0.36015474117579627,0.6571944630142708,0.7059002082785018,0.2900136291094163,0.37064855933164603,0.2850728988961884,0.39455925791438007,0.31706801446600036,0.38158999528427234,0.3289275303613737,0.36083591336359844,0.3328080185861908,0.344826130672317,0.34676900977264047,0.33711296398992596,0.3050754456573407,0.35137793255250277,0.30707546786406015,0.3394703037755452,0.3065640019914337,0.3545690729928529,0.30517485386415777,0.35968940852691483,0.28550336811790583,0.353422833479204,0.28628449510719733,0.34099266580401777,0.28968176895810616,0.3591580674562176,0.2885083391897406,0.36355938027664436,0.2657337434958301,0.3566618761454816,0.26667606574158764,0.3440762374769297,0.27319885693619705,0.3615642866410577,0.2724787620174507,0.3664748078960327,0.2451256830854858,0.3611732026918016,0.2487483974575069,0.3513248148467427,0.25491079272718487,0.3627829470979464,0.2542822353739488,0.3672982070507291,0.6718121943434665,0.6737427958824019,0.6350233625802453,0.688941154763113,0.6250605753806194,0.7124425002030619,0.625886416557828,0.7353835188244262,0.6202746340339671,0.753171014318786,0.6663290881165725,0.7258791135839449,0.656988724873442,0.7566359252101682,0.640224987320982,0.7685169493382158,0.626426488877218,0.7754509839761219,0.6902213342633909,0.7253069093449931,0.6786713401058058,0.7577824540172053,0.655762411099919,0.7673846538510796,0.6380139241197581,0.7697523350098562,0.70300175199894,0.7226164094069996,0.6972346106459748,0.7511143866971927,0.6757158201803725,0.760734847186342,0.6578848398458604,0.7644990491447147,0.7075686259465918,0.719234983940146,0.7046884021856861,0.7423561464819495,0.689825473138878,0.7515483448324576,0.6757480592703217,0.755422000035602
0.4531838938530876,0.27360600440440264,0.47727349711323214,0.25689119780436254,0.4916207287344453,0.25730872685546247,0.5014376280186452,0.25792300075574837,0.43245568956097286,0.25566571029146823,0.41821796877852796,0.25569906808683607,0.4041510636350656,0.25625580043504786,0.5211588980451591,0.26882141285119543,0.39194914438663,0.26784640149535877,0.4809053516191119,0.29634039000278967,0.42487076488838793,0.2951278594186678,0.6155556763279428,0.3947992659682861,0.3128486539012941,0.3834466210693167,0.6510683438666133,0.5516775652314481,0.23001516871721717,0.5128113808448806,0.6547322993868386,0.6896139113665253,0.2786345788901913,0.3849946386774144,0.6630989293531775,0.7367855603409217,0.2847220919085373,0.35543854862006236,0.6383206585933782,0.7356467466187188,0.2889782474528894,0.34528691750903484,0.6297533310312826,0.7219393081263066,0.2943207731705875,0.35642287331905215,0.2861340406408296,0.3792668157437911,0.318604611732251,0.3693961895302573,0.3324059679250457,0.349925484263365,0.33789316556327104,0.334559572429023,0.35247296170968206,0.3281314496055238,0.31049418848082977,0.33842494719254973,0.3125789548943297,0.32651689940176115,0.3107316822579392,0.3414208893067015,0.30962841778823114,0.34650077254991984,0.2905678885638543,0.33887934833324557,0.2916850188442475,0.326637272908162,0.2937094714051749,0.34483545588587305,0.2932446753185929,0.34880740932656096,0.2704406385002117,0.34048262559279363,0.2720513668759602,0.32829567917854785,0.27701112823362956,0.3459887301109007,0.276693556503662,0.35045532158725223,0.24962173070220223,0.3430978582856892,0.2538864042360075,0.33403301816504766,0.2587432367284179,0.34586209651476224,0.25797634656020774,0.3500456408266465,0.6467558154067569,0.6915908283533454,0.6089638777144779,0.703753991745143,0.5968725241794512,0.7259295453503478,0.5959954295057506,0.7487200851450213,0.5888117969965978,0.7659239330354091,0.6370433831634971,0.7425127105684037,0.6248009424821462,0.7726033120491744,0.6072545743650161,0.783016750143563,0.5932622004817647,0.7889201195814229,0.6609993299155122,0.744032407864355,0.6462855236440724,0.775623118352224,0.6224489755794753,0.7831988767236926,0.6044946742157346,0.7840478296546491,0.6739689672116159,0.7425406090741646,0.6654028827365133,0.7707007207981826,0.6429237845112007,0.7783030023015332,0.6246373294542563,0.780344368645175,0.6787959439256007,0.7397090675988502,0.6736432681258882,0.7625887192760602,0.6577749554649613,0.7703265384829587,0.6431761389218683,0.772744806117484
0.4228158448264378,0.27912189187002134,0.44202984001067736,0.25686899227225946,0.45622602120213857,0.2536855116870843,0.46604331867362897,0.25184446906022284,0.3984792278622781,0.266621421090154,0.38465849891064585,0.27015210612632046,0.3712961189613428,0.27407586672779677,0.4878662800657541,0.25750494930293266,0.362454364562456,0.2881309182366016,0.4553443106284889,0.29420712973600865,0.4008474812912691,0.30678613957391576,0.6103632644399383,0.35612551696958367,0.31421200002650534,0.4194497998902262,0.6834605257604214,0.49951031109632393,0.2652850559851223,0.5656143900905192,0.720880848312156,0.6324422313791495,0.28232055527728145,0.42963232325510337,0.7405127508146954,0.676124078022849,0.28145819380691806,0.3991545266761206,0.7163168003351439,0.6810810740229729,0.28316112916099817,0.38806319800885114,0.7046541323983091,0.6698945517368844,0.2909652518634032,0.3977020656829755,0.2879057205427906,0.4220711356750304,0.3167903079263775,0.40514090819080745,0.3254881246995912,0.3822840143925318,0.32684597458823406,0.36574607363028183,0.33953978333354223,0.3557567938681615,0.3001105164490239,0.3763560410067113,0.30018575455670204,0.36449225900537335,0.30200635898880646,0.37940024280282103,0.301411876253755,0.3846877391964543,0.2811047254490574,0.3817262569733791,0.2799011056728841,0.3698390783714603,0.2863640440071614,0.38702693719441694,0.2860721191687289,0.3913609699444953,0.262294523530452,0.38845988194645675,0.26113761395093416,0.37628391524256294,0.27079136448736896,0.39228476923059075,0.2710460627495465,0.397172908847571,0.2428864003349125,0.39645467097986786,0.2445442930260226,0.38669352956936304,0.2530823212712799,0.3968306747531431,0.25361403133074334,0.4011776314250418,0.7127002891838019,0.6363066625092637,0.6795745526875782,0.6576370049755516,0.6734890432720052,0.6822082665343188,0.6786262000268926,0.704410029524799,0.6759326006065856,0.7229791033121618,0.7158046350228139,0.688110630765127,0.7120953266098493,0.720007986962773,0.6981026670312886,0.7344877928505844,0.6861229529680752,0.7434322569949355,0.739440060112842,0.683611257403301,0.7330393785270726,0.7181722869938547,0.7119437467907985,0.7310484926816225,0.6952576436728791,0.735708245547553,0.7519531195489825,0.6788386922330862,0.7503666340461633,0.7090556865621074,0.7303550282354281,0.7216287502174268,0.71351928972086,0.7274819222202555,0.7565867732408575,0.6744897015622291,0.7577031275895025,0.698547487193697,0.743623244459823,0.7097686295814549,0.7299085434986825,0.7150284983907406
0.4631011774582901,0.27415859788574987,0.48870674901331135,0.25939097495797553,0.5032691382803807,0.26105961506973185,0.5131998784571916,0.26256786593989995,0.4444809834357151,0.2542239273286318,0.43024893435766104,0.25298738562615275,0.41640232577295333,0.2522816100040838,0.5319559455790276,0.2750989484785182,0.4035536620645044,0.26258524375917425,0.4888299249678738,0.2990729111023988,0.43334891868005443,0.2929895578829357,0.6149794877939788,0.4084631914297146,0.3146879344503104,0.3706213684648178,0.6368728711825753,0.5680050643909959,0.22007416487261877,0.4929513217539149,0.6282614126493004,0.7059053751936502,0.2809631901730467,0.3697479527942206,0.632112897696284,0.7536073503569359,0.2904874482051317,0.34081355355230636,0.607919985750746,0.750339379283015,0.29596447961407224,0.33083254387396455,0.600627369780111,0.7359778909824035,0.30021824453693324,0.3426355824704429,0.2878717808020992,0.36441064997592587,0.32120714196297917,0.35737774264790234,0.3363416616025986,0.3388230147223786,0.3434757024471613,0.3239284783602673,0.3586800760724197,0.3187799872845483,0.31556203759581325,0.32570445858210195,0.3190717983218817,0.3149190888392733,0.31503822064408904,0.32913908758541516,0.313015915977667,0.3332671117660411,0.2954252672450185,0.3242967743695004,0.2982686894673345,0.3130636258849428,0.29801223270033106,0.3309045781163217,0.2967766989877643,0.33457034034539856,0.27524897362879214,0.32424722862126654,0.2778013901128217,0.312671810162884,0.2814726271640196,0.33054968228217224,0.2810086181442565,0.33520085678883427,0.2545970859588356,0.32519257384879546,0.2588304975800413,0.3168586125847051,0.26361881195932224,0.3291640494273291,0.26367127120758965,0.3335276942081477,0.620836157856091,0.706569029761498,0.5823509779220487,0.7148483138596433,0.5682929869382792,0.736130507218661,0.5655092905138122,0.7594019697846177,0.5558604178331199,0.7764264734654839,0.6061007634073919,0.757078033560137,0.5929871455896121,0.7859788180832996,0.57508286247395,0.7952009594076526,0.5605778858435707,0.7999323885964913,0.6298629068021699,0.7607100870648538,0.6131719222338293,0.7906772940737354,0.5893318167089636,0.7958892573676093,0.5716631314746329,0.7950443136945008,0.6429366581816516,0.7602568947973096,0.6323734628786831,0.7873112805411369,0.6098774373988025,0.7927631716270218,0.5917440470371995,0.7931191839052947,0.648292440807119,0.7577003077553448,0.6416658837785415,0.7800116334145438,0.6251206202492765,0.7861406614329515,0.6101968693261297,0.7870636750107822
0.42712135863637685,0.27826882385381313,0.44737029652741644,0.2565717063900223,0.4619277540894174,0.25389194488727423,0.4719495257826953,0.25242754870158196,0.40361536961224453,0.2644449685394169,0.3896097750725218,0.2673927202474471,0.37626615716653045,0.2707019019010274,0.49356414856700614,0.25893510968838507,0.3670922854310211,0.28421308892007435,0.4590335410085288,0.2945923929404752,0.40427840598886144,0.30488047252236206,0.6117218685788823,0.36250503915502047,0.31343400534633337,0.41338139601031115,0.6791472284471326,0.5090284425110789,0.2588939192167918,0.5588107480407021,0.7107816796695767,0.6433211785130957,0.28051652492434836,0.42304944755156165,0.7281782741906525,0.6879269496830714,0.2813727824523643,0.39207752291383796,0.7042115625039599,0.6917857117698107,0.28360821041067513,0.3808367356315301,0.6930945939185174,0.6801509086265033,0.2912565560322116,0.3909761024842171,0.28443256415495954,0.41439614605826863,0.3144184323383571,0.4001404314104898,0.32460302192654344,0.37653750790550206,0.3270740108811985,0.3593442612841402,0.3399982415306394,0.3504924770015675,0.30061690445204803,0.3699183905210076,0.3002693616179384,0.3587883724390645,0.3003148017554278,0.37408558351868104,0.2993058580068584,0.3780643202143262,0.28040578891584433,0.37496607919976516,0.2793054414988078,0.3637271729750861,0.28473181071081816,0.38099366727540035,0.2844863298514123,0.3839065555942544,0.2613778482873039,0.38071654356371404,0.2597286395118375,0.3692319847976144,0.26883260127266184,0.38530575321038363,0.26949038821294863,0.38930424888843607,0.24206139595691392,0.38678596191463493,0.24307287395248164,0.3787712503888828,0.25083275162438257,0.3895869399891839,0.2515976881411387,0.3930285301209504,0.7045512897685905,0.6460492065702164,0.6695786389910904,0.6648964210582884,0.662062657635516,0.6892266289648583,0.6660267562307395,0.7122453399599196,0.662335389998721,0.7311974607157246,0.7041159206939162,0.6982798016120582,0.6994149695041367,0.7302431413267942,0.6847019892756767,0.7441190546828007,0.6718880394671372,0.75235646320634,0.7277871876917974,0.6953033041831864,0.7201867916575115,0.7290774544483578,0.6989767095890298,0.7411217363936018,0.6817401600586338,0.7454562014586061,0.7402898515722152,0.6915394095905181,0.7373947831538221,0.720759579166353,0.7173239900019612,0.7326145396363648,0.6999842826702942,0.7382310767130403,0.7448024197587977,0.6880224668290793,0.7444508257388995,0.7115184086397135,0.7302031203912093,0.7221494206869861,0.716074444946733,0.7271513189959267
0.4717609143008505,0.2751465178247335,0.4986462039477674,0.2622483772440673,0.5134034364145907,0.26508925631409636,0.5234310107531481,0.26740061689576267,0.45499825032873087,0.25362394755222667,0.44076701591091483,0.2512402873643738,0.4274625927234338,0.24952521388386065,0.5412604113964354,0.2813378415851386,0.4142734520656432,0.25882015095319877,0.49567084365795616,0.30199188172033387,0.44088255549958855,0.291660430024155,0.6135758807657685,0.4208771065963675,0.3172561548851204,0.35958689233415747,0.6230819504824819,0.582120340411092,0.21380780816600833,0.47606573787111856,0.603593887243206,0.7185603633723687,0.28213618441857313,0.3569573055125558,0.6035119977714268,0.7664691228673433,0.29425208295811556,0.3279827297746732,0.5797987990201416,0.7613486263438921,0.3006631590135316,0.3183048106879751,0.5737077467296893,0.746462396060538,0.3040807337896142,0.33057584739648643,0.28944422456933727,0.3499740875036322,0.321910664827864,0.3472660518335461,0.34040136298958995,0.32879469305677433,0.3489092311009631,0.3137602721223143,0.36444221115399966,0.31020629146383455,0.3196147999374621,0.3141516864854882,0.32261823371896337,0.303410613102445,0.31796515570196887,0.31771733810060765,0.3159422190815898,0.32112518834555653,0.2988365428870515,0.3118057103599104,0.3016469526443377,0.3006030313828729,0.3012681045924793,0.31866708960690926,0.29965639695588936,0.321220277913557,0.2788401798135769,0.31055363529360624,0.2815871690859828,0.2988350145573393,0.2850196798033877,0.31694566155770704,0.2835339264135783,0.32077530880245664,0.25834518361377057,0.3093775904064945,0.262812797623082,0.30220549519524453,0.2666205493280516,0.31464926003993376,0.2651915913695287,0.31766546366965315,0.596523557564422,0.7185531045778737,0.5569912772530845,0.7237501742569901,0.5413609633922025,0.7436925199007025,0.5365802377851314,0.7663839741653493,0.5265416069607263,0.782686229564689,0.5776193616988309,0.7673111215503297,0.5615450797195614,0.7954036378879288,0.5424951197281541,0.8028039693525684,0.5274135745157563,0.8057080756922398,0.600848752737371,0.7731037718898592,0.5814570013501528,0.8017888045887351,0.5571905934380013,0.8048347098064328,0.5397891784555117,0.8022695105148412,0.6138801878326104,0.7740565769660854,0.6009549156520182,0.8003607611010841,0.5777595967957012,0.8038017280334785,0.5596012698678446,0.8023610157761059,0.6192949910765781,0.7722077039917379,0.6104099822502502,0.7939147692761326,0.5930954050464652,0.7984698528395959,0.57815082928269,0.7977989241164283
0.44127413615512906,0.27552054789345787,0.46430413645517327,0.2563900405817132,0.47942753724738824,0.2555209449398891,0.4897783715905127,0.2553034775858608,0.4197514886204022,0.258703554439046,0.40524603568055245,0.25988251370425214,0.39215937516191524,0.2614694416625676,0.5105215359407466,0.26445732786697385,0.38186612461580793,0.27369045046367263,0.4711252374109236,0.29569435579417575,0.4154121150047892,0.2990978243434095,0.6148157863887851,0.3821926835909097,0.31242365245605896,0.3952128315388917,0.664036906375908,0.5362137872913104,0.2413039199359475,0.534369952769488,0.6782253139813226,0.6731321562311772,0.2776594839654648,0.4019166707244071,0.6896140875271295,0.7196975522413325,0.2817536327181553,0.3703276804514486,0.6654028704295443,0.7205320066108929,0.2857555298232525,0.3592715356772462,0.655932942302045,0.707578569009294,0.292087234255481,0.3703111410687625,0.2822192653036628,0.3933069940373317,0.31288909849555,0.3821357109780707,0.3259525488807484,0.3601142531973699,0.33054474397316186,0.3434065382990772,0.34461995172968424,0.3360603288398075,0.3024603970749373,0.35121850429665746,0.3027511633843152,0.34001718034650297,0.3016259530002813,0.35505197697843444,0.3007515515237823,0.3581528388074931,0.28195603767476285,0.3539795328249166,0.2816453323027792,0.34203436914729457,0.2855994084802871,0.3597736809722186,0.28498190024530856,0.3624562842307668,0.26230393446741207,0.35759378288031285,0.2617224906773391,0.3453374190782771,0.2696238430179507,0.36209360597844426,0.2692779059988465,0.3659837743242035,0.24224285454346925,0.36150732225752913,0.2443836644105814,0.3533400989618356,0.25119676695670135,0.36426711839434567,0.2505619192541403,0.36732426624029313,0.6706679935859927,0.6750457066191582,0.6339487237216127,0.6898836850823062,0.6237285042758074,0.7129782328291913,0.6246079470124138,0.7361125788142611,0.61899972501622,0.7543564417085888,0.665151418396707,0.7269877631475004,0.6559122929913066,0.7582332252496307,0.6388961023785912,0.7699753728162064,0.6247752642905635,0.7765301536032225,0.6892110283260976,0.726739390728905,0.6770022779396796,0.7594738697066343,0.6539420499427434,0.7682914372872782,0.6361779555564506,0.7700810997767671,0.7020818254740445,0.7242742722961479,0.6951669296466568,0.7529093832534568,0.6733503688889858,0.7619369188858797,0.6553643716189927,0.7651114126323402,0.7068574740579595,0.7210198643165384,0.7027011983575364,0.7441734813460223,0.6868195772528973,0.7527911245721987,0.6722082836228294,0.7559057633589066
0.46871494315216694,0.2749057291625757,0.49558944186081355,0.2614634627768496,0.5106580267398046,0.26405602166442405,0.5208910884507154,0.26620260714456045,0.4514884437397729,0.25361642608261853,0.43692457355534287,0.2514553124418043,0.42416006344536145,0.25011116431104224,0.5390811470540342,0.2798367341077522,0.4116428782595459,0.2597364875459037,0.4933130422574916,0.301330477848288,0.4381736319988694,0.29206613777814394,0.614101392383383,0.41827055503006816,0.3163291985671613,0.36255841913832454,0.6277227013660169,0.5795268134385982,0.21612517715109716,0.4828372201794352,0.6103744904492399,0.7159480003119146,0.2803174146272864,0.3615267375733453,0.6109238611701086,0.7639151771606444,0.2921539995333421,0.3316625401471903,0.587061013510357,0.759195746734026,0.2985767700368791,0.3213873373382102,0.5808137545912295,0.7444321330185804,0.3022086481520966,0.3335846457443956,0.2878014822119012,0.35350060871768285,0.320274686185469,0.3501160105506993,0.3371446962436026,0.33115210979774845,0.34486562718876906,0.31578228493860694,0.3600776197419092,0.31177527106839475,0.3165062645069455,0.3175049047253496,0.31926855687981315,0.3065172523253856,0.31505490925925134,0.3210786272833336,0.3132458283841084,0.324264921602955,0.2958708663743552,0.31568267609307926,0.2982862322061177,0.30428283371937154,0.2983150644098041,0.3224976519758951,0.2968555361410911,0.3246164881132737,0.27593327381369237,0.31470373072784047,0.2781277460566609,0.30277236403360647,0.28188682739184656,0.3210021942498933,0.2808006394897603,0.32444128935992766,0.2555099007770777,0.3138421503322476,0.2593828565228694,0.306297826419013,0.26328953299275903,0.3189142510548023,0.26209045359672833,0.3220693554256866,0.6023116472398433,0.715471003962471,0.5639676413707184,0.7219603607842675,0.5492811544302563,0.7421147592213657,0.5446953160113857,0.7649252709198893,0.5348039252965254,0.7815210394302352,0.5861581397296223,0.7658359412587917,0.5707842386083357,0.7936434498183456,0.5520929313912692,0.80140658305185,0.5372154672162289,0.8048720245744456,0.6094493239754956,0.7705300201864997,0.5913387515920994,0.7992338084017787,0.5677706868232362,0.8030742440222262,0.5504365066340082,0.8013878479742215,0.6225326983237964,0.7705404197143852,0.6103136765020644,0.7966332235957587,0.5877939905000387,0.8009911165446627,0.5697297029341908,0.8005058287711379,0.6279132836489154,0.7680739998152566,0.6191053156710369,0.789500133177161,0.6021835918608631,0.7946796356210434,0.5872635387325141,0.7949070528548012
0.47119237163165884,0.2751503326840973,0.498378574485704,0.2622791221634698,0.513452073978542,0.26520688307255746,0.5236653214295667,0.26757565681099227,0.45434990271344394,0.2534787609746274,0.43974872701659995,0.2509917368484349,0.42715893614523204,0.2494062068294173,0.5415839937609123,0.28162068816206093,0.4145797220122007,0.2587830301352475,0.4952487383447797,0.30212180525380494,0.44026227402439594,0.2916848210650249,0.6136944634398229,0.42170948816041803,0.3166667561937229,0.3596360486889153,0.6245789752781381,0.5833909237142658,0.21469554437576735,0.47841857482069194,0.6041285692927781,0.719384124250386,0.2809617809881102,0.3580101975146237,0.6034184389382465,0.7673478042393992,0.29336580929622513,0.32827656546239414,0.5796278877945047,0.7620095940353248,0.30007404088406203,0.31803615731577317,0.5737832916710178,0.7470775412605839,0.3035359144970121,0.33030233970521383,0.2888405026721448,0.34979027668568174,0.32068920009223856,0.34746473260379945,0.338989370352064,0.32892199756881113,0.34617674145990196,0.31334360412204215,0.36112252583980436,0.30975132292542334,0.3173283769261751,0.31408894522017844,0.3206445007207934,0.3037239942799666,0.31632994403262416,0.318392581190868,0.31447658976004866,0.3209755500733921,0.29681681673276883,0.3121150180822879,0.30014208574154544,0.30096599897548426,0.29985533892227734,0.3193331068930251,0.29783135143712647,0.3212193512998451,0.27729863946462197,0.3109449128832137,0.2798850383750269,0.2991233326454769,0.2835889298842124,0.31753522855187416,0.28198256738151406,0.32089674439134647,0.25709427849472205,0.3096458314446621,0.2610974473447773,0.30247236113301224,0.2652203967316744,0.3151404073463794,0.2638853214811959,0.3180131393195548,0.596551655487369,0.7194578851438258,0.5576519498797347,0.7244807500265558,0.5422227798649857,0.744172793173948,0.5374164581258387,0.766744802016758,0.5275643321574023,0.7830186811605793,0.5787539057721633,0.7684516220719015,0.5628699443529812,0.796277166899378,0.543703517393234,0.8035494056764845,0.5284673737955502,0.8062497391696364,0.6017600100654864,0.7739208516757302,0.5826333450300119,0.8024215926597855,0.5583664289964119,0.8057324209867909,0.5406065233553141,0.803354417804117,0.614549374139818,0.7746180134912068,0.6014291804369392,0.8003555266378086,0.5785131142947758,0.8040893911579344,0.5602963917780703,0.8030352941811629,0.619652650920229,0.7727163102195607,0.6103372896566445,0.7938576907636168,0.5932871396469722,0.7985959607771619,0.5783683473484914,0.7983045994610931
0.4346469318059816,0.27664300857449026,0.45682881313227086,0.25631773431378024,0.4721021048103318,0.2546757991038403,0.48256781128869486,0.2539370923035138,0.4121573948573244,0.26087203326140107,0.39747798636338944,0.2627976510712361,0.3849788768400341,0.26499200106463205,0.5038551503677434,0.26209974118120494,0.3757468975067405,0.27765271434770533,0.4655872224973625,0.2953283886999441,0.40997059936055796,0.30156909706453233,0.6140609800338813,0.3746451249581738,0.3116675225412378,0.40294062033841743,0.6724197209985738,0.5259053108233661,0.24965488427797694,0.5467085480718169,0.6927088003382769,0.6619628175454366,0.2771694537481407,0.4119058058310753,0.7062877889346592,0.7080164772353936,0.2802125514221889,0.3798422626026463,0.6818753307658569,0.7098934917560165,0.2836309266437197,0.36810364560690423,0.671884792517793,0.6973195084483079,0.29056038501080095,0.3788040271786109,0.2822229048504388,0.401842629721372,0.312131979391472,0.3898914744747607,0.32342790686445116,0.36745383281794014,0.32511535220165244,0.3506434944172864,0.33824861050361876,0.34261504518861374,0.29859474921038764,0.3596236025176544,0.2984829880642387,0.34835213126733205,0.29916124926199994,0.36341867873019645,0.2983474674959738,0.36683294445291825,0.27878308853746125,0.36356882963549675,0.278258055368293,0.3520357331327974,0.2835595391454894,0.3695580411350987,0.28230431575623455,0.3722519282191356,0.2597757863267047,0.36823437951513754,0.25853410563581763,0.3562531992336694,0.26742899274276755,0.3726618222267387,0.2670846957011401,0.37651652647341455,0.24017092236415713,0.37335909166652076,0.24172657533053787,0.3648412749437689,0.24945830655223425,0.3756096212572238,0.24924430080396134,0.379026368989439,0.6859303018558988,0.664252020093933,0.65037814622921,0.6806619803603465,0.6413426800363614,0.7041334541252247,0.6432374184423777,0.7269772710635698,0.6393101813834519,0.7452642395384639,0.6834544587825836,0.7163771131885577,0.675818447550125,0.7481120575249571,0.659404009060149,0.7604041975942347,0.6456259484891749,0.7674059678488121,0.7068376839965484,0.7146327384748294,0.6968205818175958,0.747741333729423,0.6745630600848822,0.7578835574739025,0.6570574374113861,0.7608461696150093,0.7192241900712797,0.7113326513273797,0.7142932928664933,0.7401862230958269,0.6932436150086827,0.750443790877465,0.6754795995873907,0.7547457868800264,0.7236438318918037,0.7077922711412954,0.7208872807559561,0.7309947388556948,0.7056932990288814,0.7404970021359001,0.6912583300171037,0.7445305004712582
0.4548581986050462,0.2744889942132496,0.4800966263176651,0.25810927045617593,0.4954442196584926,0.2590149411978676,0.5058815632437665,0.2600222098007628,0.435273498729302,0.2552242593408207,0.4204800458891912,0.25469981336593295,0.40778013976469535,0.25479432187651396,0.5255390603234277,0.27162080935820093,0.396640495236561,0.2657477277501858,0.48228116272458055,0.2980298301706237,0.42640016188115965,0.29499976422811236,0.6156633366575381,0.4008219126855831,0.31251545713718465,0.3787166685783069,0.6485783495261968,0.5596352010400982,0.22782827606480607,0.5103365130838674,0.645817581832155,0.6971657847118853,0.2769280850407781,0.38190714121968133,0.6515686782755523,0.7448514254947203,0.2852908692698678,0.35080401573881176,0.6271426943480473,0.7426446779129632,0.29070332959576983,0.33974417308501964,0.6193729314409815,0.7285834843207046,0.295791183409273,0.3514533852238089,0.2837241541083509,0.37299918987593056,0.31574956310646973,0.3654459101028642,0.32949696937244666,0.3450608506398389,0.3341765501183939,0.329004263589938,0.3486132776044609,0.32344502388711976,0.3066182559875955,0.3342281049871332,0.30846804743229983,0.32282236130639214,0.3068701275125193,0.3377336155023167,0.30562013584425096,0.3410162353510597,0.2866969713228312,0.33469828917622435,0.28815680892012696,0.3231451547330519,0.2904568894841752,0.3410986794809258,0.2885127913518699,0.3434351160164662,0.26704597439123823,0.3362284737237388,0.26790806355629276,0.3239987583416999,0.27409448576280626,0.34132657208618994,0.2728445990979653,0.3449147889705392,0.24653402014193893,0.3381801022849534,0.24958385393504692,0.32990147007117776,0.2556376511910341,0.3415572001175322,0.2548550049308652,0.3448876350876806,0.6382735526282186,0.6980475369030534,0.6006434045244213,0.7087445782496986,0.5882490214293731,0.7305003252781828,0.586525959341134,0.7534916468015018,0.5792541614494153,0.7708856303169398,0.6276653539705365,0.7491400716428928,0.6155775020224754,0.7788045512498415,0.5977864546335749,0.7884435279183293,0.5833366566253786,0.7933156239337139,0.6509932312738348,0.75128320798369,0.6364210086192578,0.7821049240527063,0.6132525476823454,0.7883778581435981,0.5958077532011635,0.7883895788585933,0.6637067621083697,0.7501330771179747,0.6547804567150654,0.7777698631322698,0.6325946241907501,0.7843494267029324,0.6145729967380161,0.7855304756992754,0.6686244234369367,0.7474912732053334,0.6627976377845244,0.7699707158807088,0.6464714054661767,0.776856237385193,0.6316496243128198,0.7783821295536051
0.46643211772511334,0.2747784747884383,0.4931074291107549,0.26085852380588737,0.5083118241215931,0.2632099747153753,0.5186076720120766,0.26519470011440954,0.44875053742398885,0.25374922576600445,0.4340778602569375,0.251828454739612,0.4214204224410849,0.25071452355076285,0.5370790658075105,0.27862592007293985,0.409323403438724,0.2605697589683249,0.4915104235966204,0.3008060804420359,0.43615803558374333,0.2925184502426335,0.6146065311990481,0.4158458388883414,0.3147419717979525,0.36507414500479585,0.6326798819496078,0.5771958658538202,0.21813350757346636,0.48813865207783896,0.616691443844282,0.7136290033677771,0.2788223091997438,0.36476457608492385,0.6178962128300092,0.761680134140889,0.2900943912822155,0.33457397285812396,0.5937718258942282,0.7571313925511449,0.29662170949995414,0.3239598759876803,0.5873695751723886,0.742381287957649,0.3005545274582021,0.33614350464664416,0.286183138129683,0.3567287699730532,0.31883884436120696,0.3525161970547403,0.3343959297116738,0.33352003115514894,0.34076993209139755,0.3177414048859214,0.3558234231908825,0.3133188136992147,0.3130089822099339,0.3204476368186554,0.31640992923648115,0.30924152272335687,0.312866595843986,0.32387193643947443,0.3111799311334171,0.32715458239366985,0.2930523707100552,0.31887542355898746,0.29607092087382225,0.30750936394429396,0.29596767402106994,0.3255933871444863,0.2938139365313615,0.3279710211097272,0.2731454130826476,0.3184390016128191,0.2758553174992563,0.3065552431546636,0.279691762689335,0.32445770497751375,0.27781600434864073,0.3281070666879667,0.2523790298089196,0.31839202883623535,0.25685912084492835,0.31036620926564196,0.2614407131083887,0.3225394083601466,0.2601343330096314,0.32590801070397635,0.610063689577955,0.7138598326659937,0.5711091232367022,0.7206199897156024,0.556399773812199,0.7412870908004042,0.5525969325759672,0.7640529933615028,0.5432779668151262,0.7805584362641544,0.5937805944598682,0.7637503325494847,0.5789774155501181,0.7922427061202404,0.5602212057755375,0.800066853463236,0.5453006103042591,0.8032548351627877,0.616880847485303,0.7680919655659032,0.599318309741415,0.797453971910843,0.5754004663831362,0.8014874907744165,0.5578622080931163,0.7996478063713057,0.6294796365321046,0.7680566724761013,0.6180430108018259,0.7946045477375001,0.5952331417913694,0.7990074173068243,0.5772084463779452,0.798368779804735,0.6343804612745881,0.7657798860043983,0.6266134146220175,0.7875391493075471,0.6097230988513067,0.792851654618618,0.5948967241078752,0.7929515734636462
0.4224733919842298,0.27961169797520646,0.4424855804600596,0.2571443977335722,0.45755299934987664,0.2539520700806332,0.46786317956229917,0.25216043471186256,0.39845847684702856,0.26621568798959033,0.38405631623532716,0.26961113327146446,0.37181854082247934,0.2730453402436623,0.4898945906099644,0.2581645692341189,0.36403947429743305,0.2865480971064972,0.45514490725500123,0.2950740661380765,0.4004491757330205,0.30696080552940935,0.6110258717392865,0.35894871932413125,0.3124665761076151,0.4179125756455116,0.6854072416808421,0.503343661383538,0.2660027742146579,0.5672550309905189,0.7186608090353008,0.6365561672965458,0.27873655749286297,0.4303301088607397,0.736870367668746,0.6811040573096874,0.27857004032171173,0.39805009988626033,0.7126719489041351,0.6854166279515399,0.28094679791048954,0.3857276934419317,0.7014537150900981,0.6738732517533077,0.28896794511038093,0.39578236428428415,0.2832547653631142,0.4200570217756522,0.31177350594812026,0.40426820583321404,0.3196900686852856,0.3810281810253701,0.32009949007554833,0.3640748723940661,0.3327203592774739,0.3542824906789735,0.29498489368724357,0.3764816842235493,0.29396061463525247,0.36494781890422034,0.29618759818100904,0.38000363345083626,0.2959008043685847,0.38362281572407186,0.27589751528661693,0.3821304437387478,0.2745736727258984,0.3705915110462789,0.28085689728964586,0.3875629874831622,0.2796386894841389,0.39029135387645364,0.25718391129245816,0.3888317773661184,0.25543081899231046,0.37684615285885675,0.2651746690686071,0.39225764153587156,0.2648329834417543,0.3959929682554005,0.2377700340581359,0.3961467773072347,0.23939554518999842,0.38728149943160134,0.24765361772877797,0.3972053739932223,0.2474017536837958,0.40078440442691954,0.7119187376508282,0.6396744662892982,0.6784189642767288,0.6597549231780535,0.6723826336667547,0.6837553009478105,0.677129097183376,0.7063287393950701,0.6740891005880374,0.7251916030499119,0.7154765292637598,0.6913858198740244,0.7114748326642469,0.7232960348526577,0.6965739637812312,0.7372276976887322,0.6837282863937457,0.745529595201921,0.738231664522079,0.6873659276790111,0.7324764675437084,0.721020213660098,0.7116454636164737,0.7332419373216515,0.6947846423845302,0.7377267979665683,0.7497114314138307,0.6829588219248999,0.7487139243380951,0.7117834819675997,0.7291578556845549,0.724162140548219,0.712136065577444,0.7300670732336042,0.753273534239612,0.6792145198139161,0.7542579559112041,0.7022019781437101,0.7407154753770715,0.7132960207136829,0.7269557529710056,0.7187067268688396
0.44384821035762373,0.2752114800835456,0.46751584217873754,0.25666450219970754,0.4829189375296761,0.2562009603429985,0.4933800894325523,0.25626668638093464,0.4225721864451458,0.2577634768449123,0.40779821911840974,0.25853924552852176,0.3951417633664928,0.25973535041404694,0.5140018819515985,0.26608467842709094,0.38512816296348984,0.2716614054923686,0.47325117276444595,0.29624250860840873,0.41732202646372,0.2982434124112915,0.6152981495809491,0.3866508980741231,0.3110605636657158,0.39191613278127013,0.6631059776422621,0.5418721754340959,0.23886177172541345,0.5307195919152042,0.672140823736217,0.6789962314876148,0.2754167216208856,0.39809005283699567,0.6821952842655541,0.7260885394051682,0.28101386344826884,0.36622816575154377,0.6575741483613325,0.7260403714923198,0.28556477036282246,0.3545104190457837,0.6485807424600107,0.7126699412979225,0.29163080001950664,0.3658844214988003,0.2811286557346141,0.388475242216864,0.3122450092464139,0.37906642854236694,0.3249630360345037,0.35689138249360525,0.3283296529353805,0.33985910297475497,0.34221368429096327,0.3326362414275476,0.3014541235265372,0.34723280050037414,0.30226696064430136,0.3362499489222178,0.30176469573904985,0.3517111386881398,0.3006792248782558,0.3545621867455451,0.2812679355259661,0.34971179292620774,0.28190578755712153,0.33827761780677107,0.28549703825078954,0.35629263729999705,0.28366336365114625,0.3582004643484893,0.26179115916576445,0.35301009712962084,0.26188727719951554,0.34125470014538833,0.2691952825916818,0.3582023755291225,0.2679459018913686,0.36132873053815845,0.24156072882844046,0.3563593530763094,0.2444867726077293,0.3486715997658012,0.25087073895437506,0.3600617586203147,0.2497215184669945,0.3630346977828581,0.6641554566154843,0.680905575329914,0.628007755765662,0.695171491472551,0.6179094876775677,0.7179834455184815,0.6184314422358447,0.7407809548065115,0.6120848677858496,0.7584839355258682,0.6587132214193712,0.7324716511595892,0.6496474847414357,0.7634186145480224,0.6326346030896185,0.7746207499440878,0.6185861350712587,0.7807013505028768,0.6821218864603147,0.7324311269487813,0.6705482641409489,0.7645583288947475,0.6478350054515738,0.7729383610729255,0.6303725712248847,0.7744573698980561,0.6944949174798943,0.7300473150328557,0.6883376773733534,0.7582015430148683,0.6669292067731889,0.7668582895323319,0.6490845861791792,0.7697534702744488,0.6988844417994488,0.7268520711728214,0.6953747497308014,0.7495196593797859,0.6799426400452184,0.7579245930643606,0.6654313348071923,0.7609049971556652
0.45253695880888894,0.2744989060526358,0.47744194349122726,0.2577084018846063,0.4928448075440036,0.25834880532754295,0.503273365856806,0.2591583616858437,0.4325326597724877,0.25558266426367027,0.4177469496785495,0.25528897964245406,0.4050355588596894,0.2555617690315993,0.523147906409895,0.27042138162613005,0.3942288212729187,0.2667697774687232,0.48035520174286817,0.2975872904875696,0.4244354621329006,0.29560497873201114,0.6156065346028232,0.3977424643399533,0.31177771740099314,0.3815381310487575,0.652378899567222,0.5557695044242094,0.22991081677025038,0.5149395060317538,0.6516443261907474,0.6933724047063029,0.2756781692124164,0.3851735289407746,0.6583500655019899,0.7411457268357345,0.2834486081666383,0.35377519600355484,0.6337762067336237,0.7393502104075114,0.28885810029171793,0.34240729421418165,0.6257492602341407,0.7253602490324309,0.29408106100231934,0.3541878540329809,0.28303432645974047,0.3768062554317893,0.31383390389104393,0.3678492982621349,0.3273406799552103,0.34700258173468806,0.3319678923812447,0.33091433091195255,0.3462541894091931,0.3244305707534782,0.3051104372730813,0.33648676191254845,0.30652597613854937,0.3253587090576333,0.3051333223438041,0.340751776192984,0.3037191471862808,0.34351890519605144,0.2847015435276137,0.33726443182627014,0.28622004086273223,0.32613827869206247,0.28859764381751385,0.3442588252128004,0.28668960137619365,0.3458848995774901,0.26487161317549135,0.339137661270089,0.26574135218090833,0.32736132571167614,0.2719389011439205,0.3447039841918426,0.2707404881086357,0.34753261776115507,0.24468186831970118,0.3412965897721223,0.24811106144773615,0.33349540484050555,0.2535707113124136,0.3451552522607998,0.25213765287206524,0.34807080448155375,0.6439035140284708,0.6945865115724206,0.6066135953645198,0.7063297241174937,0.5948585793081111,0.7284905078849251,0.5938169250214825,0.7512421140779535,0.5860103381016802,0.7684457394933129,0.6342943128322696,0.7461300429823796,0.62325694445232,0.7759837766649982,0.6054804239772398,0.7858501818345304,0.5909900784485513,0.7907539793650323,0.657699778737506,0.7474578455177521,0.6445888762521447,0.7784484579842913,0.6215117206622378,0.7852533957066383,0.6039399144813746,0.7854525287094876,0.6701606159353315,0.7456345670596607,0.6628403387408004,0.7728891795544587,0.6412146577200483,0.7801827957195488,0.6234256440161049,0.7820466601692921,0.6745787099811327,0.7424980037422502,0.6697289713752577,0.7646889556243497,0.6540852408339186,0.7721834581512937,0.6395978338761271,0.7744792871200863
0.4369939453595673,0.276111299244116,0.4595446008518801,0.2563136273572165,0.47490943699898247,0.25499662668034534,0.4853768885019633,0.25447364787786486,0.41475383931644555,0.2598924443497075,0.40005771896215064,0.26146462575471974,0.387481111368255,0.26332852162246256,0.5065227247128784,0.26311979376399974,0.378263444416742,0.27579618256000377,0.4675176476458412,0.2954915985659291,0.4118138778437834,0.30061371370741724,0.6144553066932401,0.3774879948709482,0.31103588285473055,0.40007346329652604,0.6709989618636669,0.5297658273470882,0.24696079712595995,0.5429048210179902,0.6875691281605506,0.6663227221237747,0.27544725078355264,0.408425540700933,0.7002099146585479,0.7128556438641264,0.27913536797038213,0.3762939345116291,0.675760050114562,0.7141879001114628,0.2831309923241848,0.3643107846820818,0.6660865498700519,0.7013145129895315,0.28980962458273285,0.3753339665445137,0.2836487379750873,0.3996031188834611,0.3122935133012977,0.3862048876566709,0.32204106510446107,0.36418344362666183,0.32414316775607654,0.3477321055991041,0.33790926718678505,0.3390241976620207,0.2977657041792463,0.3562921121436839,0.29783600398536003,0.34455635369643467,0.2988159783212883,0.35971349427996585,0.29773014484777277,0.3632224989971745,0.27806002972566035,0.35976396854743786,0.27817287404836155,0.34829980713531467,0.28314068178925206,0.36600904543607066,0.2814991320464941,0.3684198031228444,0.258557139563293,0.3643211864840758,0.25832621722870946,0.3524119178029079,0.26705402134390965,0.36886841434102263,0.2665334112216441,0.3723026570312288,0.23867542945761464,0.3693909703745368,0.2405575786772242,0.36063953405679133,0.24872264398868105,0.3712281142465298,0.24887788167943878,0.37465750650945046,0.6800229868169223,0.668720605780569,0.6447232538576186,0.6852711711012954,0.636426238027749,0.7083448169957826,0.6382464151370413,0.7309696323632364,0.6314141119033896,0.749124471107975,0.6777849267723839,0.7208352707180324,0.6704402180128153,0.7515737546251199,0.6537322232856537,0.7636895069403412,0.6397539836288291,0.7704183592456475,0.7010980498642019,0.7193461073655913,0.6912111513662915,0.7518443153015444,0.6686624530381249,0.7612729419904508,0.6507740205531988,0.7635198504671614,0.7131011836122005,0.7161904591717525,0.7077224786753555,0.7442800278544442,0.6866898435396787,0.7540806465502441,0.6687991897883142,0.7580121990669499,0.7167689457936496,0.7127804078021088,0.7129696476063101,0.7352240214276533,0.6974962561942085,0.7444700001660076,0.6829621496282487,0.7484166839182731
0.46378805608902846,0.27448091411483994,0.49008275586317634,0.26008696996356473,0.5053662605631598,0.26215600895419927,0.5157128491965282,0.2639219932288017,0.44560726463024747,0.253812702872643,0.43092752425258984,0.25213210486566606,0.4182540435465282,0.25118904213874305,0.5344525392629895,0.2769632513453611,0.40658002395501214,0.26137955806877755,0.48935553565881407,0.30005198301308156,0.4338993299374379,0.29291697183464227,0.6149496932771004,0.41197987642537187,0.3139599646988843,0.36804517747238324,0.6370069527222106,0.5730293486669303,0.2203116977540737,0.4935552573608855,0.623448386658017,0.7099152549880667,0.2771925847510513,0.36851843915103816,0.6256484682417984,0.7580848111680436,0.28783879447005,0.33796801842646523,0.6015028252490942,0.7540683756653798,0.29437938662258023,0.32714634985497665,0.594874417751363,0.7393966551799076,0.2984870617698807,0.33935608136220985,0.28616803760256543,0.3621573943665595,0.3174853169431342,0.3552380384280374,0.3316433952188025,0.3356013181737995,0.33724693105692694,0.31976610173492614,0.3529238171228445,0.3143266784975961,0.3102809828228899,0.32231937369699165,0.31316974905620465,0.31080370718391537,0.3107820211685879,0.3262375021573236,0.309046508291989,0.32872039535263337,0.2901167387093935,0.32177851025976706,0.2933333570662396,0.310249905112695,0.29414416314205155,0.3289457222271209,0.29161770184032826,0.329972023910441,0.26996765651915877,0.32185631011888954,0.2729575020193553,0.3099245158100677,0.2775744470696182,0.3281263339934247,0.2758396605153721,0.33042391949700595,0.24946565368394438,0.32222725825372117,0.2539784483136954,0.31411685441281834,0.2590374654213822,0.3263629618081245,0.257590638354664,0.3293871675672567,0.6156331394075101,0.7104669955075031,0.5774846919209995,0.71886548597574,0.564471819813124,0.7397989207114168,0.5611463036406861,0.7623078478608438,0.5509633315554112,0.7785730216946962,0.6019347039838635,0.7611778571760459,0.58830135327264,0.7897652060047116,0.5695295373187795,0.7979189014420672,0.554540551995186,0.8014081450384591,0.6251683243779569,0.764669105267568,0.6084110801057833,0.7942573324234763,0.5845346647640044,0.7983182132351702,0.5669467671791903,0.7965758469105682,0.6378195866344992,0.7640897659192731,0.6264120798477291,0.7906353201666474,0.6037014410275863,0.7952544578891945,0.5856962022800876,0.7948984401745709,0.642345924821711,0.7614424419418099,0.633552434663149,0.7827467804081498,0.6161400933805237,0.7880930942365889,0.6011818516639559,0.7884985398112645
0.42850081195247325,0.2777099895010791,0.44954212765134743,0.25644680954785937,0.4647798282410628,0.2540724561536534,0.4752029992687687,0.25280249040166336,0.4051525566621885,0.26313308674048075,0.3906256113657498,0.26569906120090825,0.3781918131114562,0.26839702209417854,0.496887624958519,0.2599494098043459,0.3699612405801504,0.28153851583413325,0.46029418872815986,0.29493383783096394,0.40517287213514114,0.30395087150341527,0.6126606800792649,0.36621278197075574,0.31170591539355513,0.41026922450108533,0.6799392294333102,0.5142746329963892,0.25809216345472474,0.5574059815047809,0.7061529899532687,0.6493040199342306,0.2765029088406381,0.4213720188541518,0.7220103585588267,0.6948425658678361,0.2779813848029835,0.3890463795641256,0.6977355205458105,0.6979092610127896,0.28116132748341216,0.3768036243520311,0.6872066365765721,0.6857444059446027,0.2885981929525281,0.38732663869615536,0.2834703267999335,0.41298746518718615,0.3116857129771866,0.39707117680915643,0.31940026330063676,0.37406738404005146,0.3201202723311336,0.35708825164608415,0.3335121626146009,0.34726017195143,0.29525268355816314,0.36742127744595154,0.2945865446411048,0.3555015781746315,0.29658056096655994,0.3710545094215501,0.29562100431195804,0.3741268521223812,0.27575086204040383,0.372659154250902,0.2750451969487828,0.36081424424324643,0.2813744419916423,0.3782592991617356,0.27968522742318946,0.3799273863406055,0.25652239255908466,0.37855913908359884,0.255124211324655,0.36627990648007747,0.2652173501686883,0.3822996265701137,0.26492294446498216,0.38493329377311275,0.23705730075017067,0.3849596765188553,0.2384034620207926,0.37573323140531484,0.24716386131775486,0.38604164335024366,0.24737439805323932,0.3894509755088929,0.6993042074562611,0.6520021128328481,0.6652594143149414,0.6707689717999101,0.6582839850155824,0.6945788775910653,0.6613384652129761,0.717188281470813,0.6566112244678031,0.7357209727856111,0.7007710549628604,0.7045768131961063,0.6955742577413697,0.735980754428863,0.6799975008687058,0.7491872902955352,0.6666802738589076,0.756931740174285,0.7238748682420566,0.7012108580556173,0.7160678838494232,0.73434537932058,0.694621791045951,0.7451541608946628,0.6772873470207557,0.748628913476469,0.7356278997003014,0.69702558895291,0.7317666974994406,0.7256889349684417,0.7117303964468972,0.7366713948661371,0.6945901047101222,0.7415874874049653,0.7390159087147807,0.6932447613168756,0.7362260482268084,0.7161514619217875,0.7212686572260694,0.7262156919964138,0.707152317546961,0.7309001385014966
0.44127116088499274,0.2752071040853523,0.46440589834121077,0.25633888697606877,0.4798108926473207,0.25560035746847026,0.4903172020871148,0.25543595637093297,0.4195762341027171,0.25828738009499386,0.40487207256360047,0.2592957943276788,0.3922216744908792,0.260653559830637,0.5111303295527027,0.264843384837889,0.3826823749084048,0.2728795207113447,0.47106860155637287,0.2957137474975178,0.415330320675961,0.29887205919761606,0.615064535705245,0.382674923612649,0.3111677648257708,0.3947013866746631,0.6663513336733401,0.5370819102280115,0.24247295768062782,0.5354550223822802,0.6781994198624262,0.6741386295277318,0.27486574034879196,0.40213954304128285,0.6891423990915801,0.7210994150468111,0.27958670954763853,0.3701673361485058,0.6646480546072984,0.7215970971414256,0.28401728061270093,0.3583152161501526,0.6554758847663587,0.7083746899713621,0.29034656788068647,0.36956426992456304,0.28292017822717164,0.3946262900325383,0.31287889078112774,0.3811038077563898,0.32247674791341197,0.3589119613903369,0.32513780967015327,0.34218399779932346,0.3398204884978404,0.3339954079477136,0.2989491557218031,0.3503134013734587,0.2996023000617616,0.33844853659076357,0.30026027301530844,0.3542853210484654,0.2988494224782038,0.3571853192870791,0.2787945417009796,0.3535933666398692,0.27951592178531215,0.34140073018639766,0.28441940171793556,0.35961148538886045,0.28239015633189873,0.3613520414847642,0.25891853637087575,0.35753984516815995,0.2589964934922443,0.3448030460880511,0.2677679505083184,0.36197925078231413,0.26690896394655317,0.36480600556037796,0.23876318143485972,0.36187693943226634,0.24154489627760728,0.3527023081691969,0.24939297334617685,0.3638863610013491,0.24890999803792335,0.3674212828455306,0.6716628468447439,0.6760048255984583,0.6355042505558643,0.6908753681747182,0.6254300629042313,0.7140282217083078,0.6261318109015965,0.7368295539436044,0.6201855280818407,0.7546835383216093,0.6669544358213663,0.7288927969723655,0.6584897747402981,0.7594761594614887,0.641819460259439,0.7707696770411006,0.6280569591725593,0.7770893954320843,0.6902013062985459,0.7280281522642654,0.6788497897211208,0.7599642011170765,0.656383501495458,0.7683122165789957,0.638929701448469,0.7699310750963906,0.7023103177507946,0.7251629275453979,0.6952216596539096,0.753175814480602,0.6741366077659472,0.7619280239035169,0.6567197287854276,0.7650805154861825,0.7061717615785963,0.7218857071169194,0.7010836551945472,0.7444529018967824,0.6853709540607031,0.7529321505296254,0.6710133877773046,0.7562165968277685
0.4635762959228062,0.2742562139140905,0.4896242416989019,0.2598591909015504,0.5049071641419933,0.26190957236614754,0.5152745085408159,0.26364052935253035,0.4452493239218488,0.2537168565451857,0.4306433755762893,0.2520691871708747,0.41790043288173273,0.25111950740138766,0.5340361418328493,0.2766420565685462,0.40630377518600025,0.26142551609027365,0.48921323377051845,0.29979390672942086,0.4338296842808213,0.292873585925402,0.6150767384388898,0.4112092751349472,0.314110605688691,0.3683756716869387,0.6377896396912354,0.57241269050548,0.22138241416807722,0.49453827613140455,0.6246578086535238,0.709534847181937,0.27675216893973587,0.3691462544122551,0.626995767622319,0.757622392998891,0.28712085737564785,0.3385520563596247,0.6027892949234083,0.7537094858760149,0.2936075642455432,0.32767036763219604,0.596158515817319,0.73901120077306,0.2978304750957588,0.33988049124207925,0.2851104516400077,0.3624710808198311,0.31791074265194735,0.3549978801859128,0.33127458036902957,0.3350576026139456,0.33654736662434775,0.3186234667504821,0.35202568966544623,0.3127932914777406,0.3093451091523559,0.3222427334148992,0.3112100676770606,0.31008309748638974,0.3098346546228351,0.3257409981324128,0.3082627352063995,0.32906488384310845,0.2892603095007231,0.3218800635460126,0.2908654276802307,0.30976881839795034,0.29321679549469504,0.3285085768876832,0.29138027746065154,0.3302435630896223,0.2692401852672721,0.3223638381874059,0.27049503313509893,0.3096968413807575,0.2765564519350171,0.32807808394250154,0.2758933556998755,0.3311956135510126,0.24857631803006852,0.32328461985490986,0.2517862633452487,0.3144903674937171,0.25809399345830863,0.32686128894057814,0.2579768682849192,0.3306297333357431,0.6181520988239635,0.7105196680947359,0.5793006420272417,0.7185623133305621,0.5656496599290992,0.7395064970303136,0.5623875074258425,0.7620084689321347,0.5531267555604826,0.7784089488600547,0.6041894687519778,0.7606571666883275,0.5899798700392676,0.789277646827812,0.5716126159838644,0.7976962068020887,0.5569968030122608,0.8017564358733125,0.6270643985835211,0.7641975192108766,0.610392878080363,0.7937350671534424,0.5869191654952448,0.7983026555999506,0.5694435808473745,0.7972322189490348,0.6393300237704655,0.7638438818721036,0.6277027630838804,0.7902214820145599,0.6055986401727493,0.7953202758342248,0.5879334732796078,0.7955658308039032,0.6434760570688919,0.7616367230569732,0.6347651197656108,0.7829137155530148,0.6180429022414328,0.7887738845104666,0.6034283132725553,0.7897372547766552
0.4195101266995108,0.2801487204103939,0.4386731135686775,0.2574333752964856,0.4536873528080964,0.2539045118216723,0.46400060671925675,0.25182478355639404,0.3950781920886001,0.26749297889478874,0.38088267650131163,0.2711492490754446,0.3686061688007859,0.2748115063177892,0.48619762811172995,0.25729076338273565,0.3614604067450263,0.2885916717146083,0.45254689049424557,0.2948827384363597,0.39835153482714336,0.30816061085749263,0.6098197440542215,0.35409076387280086,0.3138640199439772,0.42156902860638834,0.6885286733560824,0.4966577167471343,0.27176155208793384,0.5725720184450351,0.7251549733753498,0.6295865139279923,0.2785599510432228,0.4356021577810201,0.7445190646794406,0.6735964081611084,0.27687430348022213,0.403306871468407,0.7204721298140986,0.6786044627281387,0.2791171082220303,0.390762900774177,0.7090336828108608,0.6672248928744685,0.2878884462494991,0.40060931605941563,0.2841076193979688,0.42617404083431987,0.3106908368034923,0.40650290986303395,0.31575707238060957,0.38292289461455903,0.3155714212893839,0.3660786214205716,0.3279595104502112,0.3549689875280104,0.28925211958512437,0.37955169487278034,0.2883862128447896,0.36760212783606766,0.2930194695727195,0.3825574609710899,0.2917987649406677,0.38650851626860694,0.27049599254196244,0.3863731516073927,0.2696307263574761,0.37461628942927794,0.2786297639687051,0.3913560058079992,0.27633211072182956,0.3939670866790053,0.25226668473524483,0.3942459866272969,0.25055708010897365,0.38175837861699896,0.2628087313451456,0.3968459600666514,0.26190833955492254,0.400385864833727,0.23356766110654245,0.4028197799580671,0.2349351567297981,0.39311921689372964,0.2451856858742052,0.402369905599783,0.24504045078331102,0.40613942593731583,0.7189985077303419,0.6328533708311871,0.6857942475664095,0.6540278998968378,0.6806296373844125,0.6783468232941585,0.6856283271749024,0.7005616554908147,0.6831702730756231,0.7192566546384063,0.7239773210268116,0.6845093939440041,0.7212002794404846,0.7166175505812817,0.7065375441435432,0.7309321374177448,0.6939255854856186,0.7396253547472437,0.7467599247998673,0.679651539815722,0.7411286354495887,0.7138481055588028,0.7199223009450149,0.7262619572020291,0.702920066531412,0.7309996903404528,0.7581962552481626,0.6749161058620193,0.7560694559200211,0.7044680851971857,0.7363119860532974,0.716935171567995,0.7195058634499479,0.7230106357626331,0.761375572510625,0.6712813515525311,0.760555551870202,0.6947667628558865,0.7463104510620564,0.706128154188918,0.7326684132293355,0.7119515087850731
0.46119662580851195,0.2741320157752282,0.48693053281655624,0.25924007655691284,0.5022842687516175,0.26100723460286246,0.5127145867814352,0.26253342760764453,0.4424429597233553,0.2539512990303943,0.4278149525989733,0.25260382142785953,0.41512452523403554,0.251918095409705,0.5317868126375905,0.27521871034240286,0.40376540317390314,0.2624988614492946,0.4873442981335488,0.2991977477956448,0.4317333700458646,0.2933722070461997,0.6153149366238883,0.4080864847096374,0.3139339926676743,0.371612037753346,0.6411975519365896,0.5691327365419034,0.2233416780846855,0.49958231686283994,0.6306208428803326,0.7068315563200205,0.27509434149220324,0.37273256873917504,0.6340670560486469,0.7545909139527991,0.28395639120771377,0.3417531139999146,0.60973431421419,0.7511618189975711,0.2903493059796557,0.33062140641583343,0.6028199700057038,0.7365600958039586,0.295451006091862,0.3428821810178029,0.2803601060183629,0.36366545145324103,0.31248653022799133,0.3573660226542402,0.3268442604767863,0.33507227191052574,0.3300785821380361,0.3174879275325234,0.34586719021378537,0.31158061969264184,0.30017364695725723,0.3210017377059605,0.3046390172748872,0.31064612078843334,0.30346308386870935,0.3271753839769157,0.30039406027274596,0.32991453433249673,0.2797574671711965,0.3220488652046992,0.2839959658113679,0.31077771521031244,0.28745194866159707,0.330651761957043,0.2842187167877006,0.3321964378738937,0.26083574283848143,0.3236971404861565,0.26333935732971736,0.3114988780907784,0.2709214279160206,0.33063275635515654,0.26839201129125045,0.33367295944321673,0.2412865997314974,0.3250838524088752,0.24550064685855555,0.3174483449267613,0.25215687321875807,0.33034341872177764,0.2500122115845853,0.3332673151476257,0.624213193239377,0.7074761264348612,0.5856372184419851,0.7164063566117024,0.5722567263646156,0.7373391685267452,0.5697234483015735,0.7598342256784478,0.5610228463797414,0.7764828915199162,0.6109219389834305,0.7580803662548463,0.5972171208889699,0.7872121673737107,0.5788042970711877,0.7958799231712816,0.5641474415367679,0.7998880598992385,0.6341923421078556,0.7612571183217334,0.6170438807311176,0.7913748642090447,0.5932424953688293,0.795762063277733,0.5759709946274335,0.7945426311556301,0.6467662839539543,0.7607329147304217,0.6342880725126566,0.7877531201513452,0.6116684612238741,0.7926651973777623,0.5940841544219875,0.7926944522719543,0.6513137613568392,0.758382243602933,0.6426110429035132,0.7803604019001562,0.6252850680135238,0.7861417720178332,0.6106492369517094,0.7868658370169053
0.4383530874942476,0.274943014316105,0.46081987654462964,0.25554431641976005,0.47627757146017,0.254476512517637,0.48680710509228187,0.25396379545216274,0.41608700509791235,0.25869069558996527,0.40147252645112363,0.2601482768062774,0.38888318063374455,0.26176804677218285,0.5079820981169364,0.2629762190291097,0.3796977817648933,0.2745533981886731,0.46878445748816755,0.29489756818967106,0.4129914452441752,0.29961096250128394,0.6145672304304803,0.3783000881376803,0.3116469289769367,0.39889632865898794,0.6696136813867232,0.5318749318215539,0.24718062581718794,0.5415616869791686,0.6851621891640589,0.6691642098773352,0.2731492154395377,0.4064693696247547,0.6974972039087326,0.7154570022830798,0.2740258711873339,0.374554836515837,0.6729935254120086,0.7166259800926029,0.277892904773933,0.36228193914189966,0.6634642379209358,0.7035598373321172,0.2857668144676836,0.3736814436615938,0.2734583574076305,0.39649800231376303,0.3020566563261549,0.3838932822125248,0.3132676702065477,0.3588503476727977,0.3137512181128196,0.34115745989589275,0.3234941879410954,0.3306061838927881,0.28288247875723016,0.3507508438177195,0.28519795062317804,0.34038907523822326,0.2892735088897622,0.3559942203642273,0.28791104194356365,0.35869395637590673,0.26251058586398235,0.35637621263217184,0.26407317926581136,0.34490414983185796,0.2737970503406288,0.36223796649988466,0.27179018323411097,0.36456628640379957,0.243942520862722,0.36225099866539695,0.24297892231548887,0.3500526145475325,0.25663067436116177,0.3658943110128217,0.2552235089856044,0.369697471527924,0.22440610911881262,0.3677821229674101,0.22656680561012804,0.35975460915811475,0.23692167540320305,0.37028442130726014,0.2353413612630959,0.37365256963894333,0.6787401408336323,0.6710142500896523,0.6426566623205293,0.6869919779591495,0.6332430496015151,0.7102971931797581,0.6347867909898435,0.7329123355889446,0.629371534076047,0.7508474783048152,0.6747670883303569,0.7234818071449491,0.6667333528543468,0.7545905797652396,0.6499019214225998,0.7663831617161119,0.6358892253979892,0.7727478887954837,0.6981178671002515,0.7222450658191522,0.6873782345783579,0.7549908454634433,0.6645946267250182,0.7635130878862464,0.6472499054272608,0.7651653162064747,0.7103242222410318,0.7193875910569232,0.7036804560863559,0.7480853361867889,0.682145610042384,0.7569264732996275,0.6648088121681457,0.7598682311066671,0.7144063287891096,0.7161579084249662,0.7100585040938807,0.7391635036656313,0.693857573777353,0.7477584047347752,0.6795190913908189,0.7507912807190875
0.45963091769776054,0.2724611076599188,0.48504636846884575,0.2571333650942532,0.5004807091800638,0.2588255454175046,0.5109438336684642,0.2600525702615826,0.4403766947235518,0.25287188626201595,0.4257150205961105,0.25194937270843587,0.4130612342524912,0.25125351380702887,0.5302247336527938,0.27274778108464637,0.40177121493250834,0.26255799029345883,0.4862049801845277,0.29768897140357553,0.4303032444114686,0.292975889579261,0.6152540008203301,0.4054796480935679,0.31276381731337005,0.3741479287321425,0.6428250947220148,0.5663947583403091,0.22562344189465294,0.5040763658233604,0.6350309970677511,0.7043553805250292,0.27031480690004106,0.3741600421446803,0.6392719944022829,0.7520805441949302,0.2728388331689199,0.3425729311510343,0.6150547659376385,0.749058075972472,0.2790833093145707,0.3313283795813802,0.6078624393682309,0.7345488171364778,0.28465039193659336,0.3439127504651276,0.2706552514872052,0.366249593132948,0.29909101921755155,0.3567007348612348,0.31467966476328546,0.3326986424243515,0.3182888177639893,0.3157585410320862,0.32820617970702304,0.30659830312160835,0.28038984817265467,0.3191186050860074,0.28840059574156973,0.3113164555442035,0.28913324311824634,0.3276440889986702,0.28651361573262357,0.3286211963758998,0.2588273284888335,0.3221275864705359,0.2670706457871518,0.3134007742394912,0.2722367343483182,0.3315848222419103,0.2690797568521029,0.3329574729189431,0.24085368257868667,0.3264016849470831,0.24391555632805556,0.31585459500413704,0.25382439420000585,0.3334660321050459,0.2513357109823776,0.33713100653991335,0.22159623381578125,0.33018658817979957,0.22474461071451227,0.32292919567512934,0.23233759101477744,0.3346772448172059,0.23013023518273334,0.33749302406988285,0.6276269839409927,0.7050631441722381,0.5895072208133079,0.7145960924837989,0.5766219554168905,0.7356236996152901,0.5738988862091432,0.758383170854987,0.565396689247318,0.7754585057485028,0.6156580743911775,0.7560775765273862,0.6016834583973956,0.7851940021654695,0.5831143455486095,0.7939473197121256,0.5682675749680506,0.7978409068038,0.6388270251556701,0.7588728802639544,0.6225064163602227,0.7891093870484364,0.598975354159309,0.7940050815316744,0.581838113789847,0.7930620863323136,0.651380560500669,0.7580756867421343,0.6401695217272085,0.7849030534732377,0.6178132380486939,0.7904375357215129,0.6002478084215448,0.7908926521323287,0.6558180386277174,0.7554961233952855,0.6479208554460071,0.7771403291650043,0.6311808158273711,0.7833429083567129,0.6167761285431137,0.7844310248166643
0.4560989997302245,0.27134170855357975,0.4809867523886409,0.2553745044343664,0.49647896595655977,0.25673058087421113,0.5069157757862439,0.2576660031462615,0.4361083891280043,0.25254015240817274,0.42140469567328576,0.2521555540269015,0.4087570921298963,0.25171133592450634,0.5264869325418418,0.27001464372240414,0.3977815333413199,0.26343170986316355,0.4833054087324831,0.2961652783601019,0.4272335063627179,0.29319361334991634,0.6154964646044178,0.40024605364268623,0.3112053616384247,0.37886479078921237,0.6478613997065897,0.5607785926391408,0.22734533017342362,0.5132136142382411,0.6443912248475665,0.6989313668194705,0.25815265847944324,0.3831737111204742,0.6501224872438809,0.7465132350318056,0.2558809876584368,0.3510549698887082,0.6258908536192496,0.7442780546115451,0.2624983230431035,0.33958188398831474,0.6182386571945377,0.7300162620789656,0.2693658474148415,0.3514562732147485,0.25994985209376553,0.37847766112730724,0.28729938419410794,0.36541654368952636,0.2980378347386772,0.3391297565297907,0.3027618152669326,0.320979862490276,0.3161479946360404,0.3113575852387397,0.262482662620551,0.32965890021604105,0.27211126426101023,0.3206202057466259,0.2751114157751944,0.33683099506157405,0.27184511979568804,0.338341061324064,0.24184102679546657,0.33347891028042653,0.25047998476312133,0.3232353227782927,0.2573823640881395,0.3407766005681249,0.25449189994733523,0.34297123436995114,0.22429312418898617,0.3388548157290859,0.22800242402210008,0.3278836363407598,0.2393282486183384,0.3440695552349351,0.23744804846999418,0.34788035531843764,0.20589398211108562,0.3442524603798673,0.20894486645368746,0.3361597546881356,0.21796163632826854,0.3464830789673865,0.21696679915602757,0.3492474351555027,0.6380955339788377,0.6993118236537561,0.5997273107687116,0.7101242906337234,0.5869462471283526,0.7317841734921621,0.5851982372853106,0.7546601815482603,0.5770941607751546,0.7720398451584793,0.6264217881816156,0.7512874195937146,0.6136906071468472,0.7807479175005607,0.5957262232258534,0.7901539364435007,0.5812268900132973,0.7946974055007596,0.649854506205858,0.7534924288115602,0.6343827390775696,0.7840486688510395,0.6111338330263804,0.7895016194209197,0.5942416933005481,0.7889897518381935,0.6624419541983003,0.7523071611633536,0.6523300250933274,0.7795563373230998,0.6301854265812417,0.7856141258565561,0.6127884215119299,0.7865088354200084,0.6669709681192709,0.7495042803072915,0.660206683699849,0.7716330304773249,0.6435061714954202,0.7782221904792694,0.6290380998052436,0.7795691744469326
0.43676336273539873,0.27150660068245447,0.4588550181759008,0.2519186988863168,0.4742723830401802,0.2508438849304848,0.48430873524592527,0.250122552135267,0.41370224477826295,0.2562448569975645,0.3990735934335615,0.25824795069963713,0.38630227146874085,0.25979495352088666,0.5054606581071063,0.25920590688813483,0.377136433490948,0.2730300637588724,0.46722371852485806,0.29204910992645117,0.41113810631053105,0.29792581268756857,0.6139033043174675,0.37369299935356987,0.3082215369552938,0.4016298528613307,0.6714644056854098,0.527562819119118,0.24155785182628275,0.5495047560654259,0.6900875182736905,0.6644363091785466,0.24253510274891787,0.424064139771162,0.7033753864990044,0.7104408269846908,0.2382587519774056,0.39067150241299986,0.6791377003238896,0.7121305844738287,0.24317207900483093,0.3799079525586106,0.6692744449431616,0.6992948274231116,0.24994786770963257,0.3894718800173565,0.24784478946772961,0.4217599583275185,0.2721530389498267,0.4028662566548183,0.2766506600285391,0.3743825472047571,0.27858091232115956,0.3541695362172149,0.28736556742655683,0.3414243581526644,0.24165245162477259,0.37107953655505627,0.24358207795181316,0.36289458567535615,0.25376938106159513,0.37767571488441376,0.2551605894371387,0.38090913973504337,0.22265097322836705,0.3772573050036218,0.22143351934429062,0.370506567431057,0.23519332963842773,0.3862826597380945,0.23776080312823014,0.3894472612574687,0.2055324375958588,0.38535015061291455,0.20183389754013084,0.3786399936921438,0.21814680018750734,0.3923388430403498,0.22186573042638003,0.3957898308036494,0.18824259123115605,0.39426742889745797,0.18579447020515688,0.38921105338375844,0.19856237933140375,0.3981713760082194,0.20246726249474625,0.4009842779911422,0.6842563246076648,0.6660352915052116,0.6473404849421771,0.6818207978544641,0.6379536228865152,0.7054620690057671,0.6401896402557354,0.7287139505258755,0.6360136781607405,0.7473823522068597,0.680651852072095,0.7188256490954643,0.6723045280036563,0.7506893263946717,0.6556957955702428,0.7628613683836056,0.6419291804917127,0.7695919992570209,0.7043345936382179,0.7175016699006476,0.6932568534152623,0.7506207988534306,0.6703640674141272,0.7596798397960052,0.653033046615445,0.7615494040348896,0.7166064694876447,0.7144873236452358,0.7102905433929722,0.7433311561299198,0.688695175965907,0.7526757491367548,0.6712843503947449,0.7560839384256094,0.7207472469268311,0.7111293913029835,0.7177079651612444,0.7343326415720033,0.7021686252792291,0.7433659582705635,0.688041996771898,0.7467310617993155
0.42198051029226946,0.27339175399915827,0.4412806680059872,0.2513737003467815,0.4562096942719523,0.24844545348669966,0.46567288402941814,0.24655148053651593,0.39686134083746616,0.26127373717971303,0.3826882118133484,0.26508389823892553,0.3698020233338085,0.268277395937371,0.4875887372984038,0.25290449879185417,0.36203837600793953,0.28241254733192267,0.45433154135990916,0.2902386871221909,0.39935483240000097,0.30298277020947006,0.6093160650964722,0.35270366004174813,0.3091884554749023,0.4193226558984809,0.6859364862685418,0.498628871279695,0.261269149090579,0.5763347235158978,0.7215994865726827,0.632243110603977,0.23628935690968153,0.45559384532557423,0.7406179797601438,0.6761103409694005,0.23826778063684428,0.42181455810278934,0.7168056112150327,0.6809530220687765,0.24320660720847845,0.4104695931592199,0.7053995686468251,0.6695062375798214,0.2469354261967832,0.42023147167504815,0.24135240915955278,0.46649084324072704,0.26468765170140707,0.44608484301924833,0.2635109751725347,0.41707473624158214,0.2585978268234954,0.3976111666620664,0.264029745646807,0.38281456258561364,0.2290678599503056,0.41596068558761357,0.22840627244562436,0.41168618172355687,0.24026417547227702,0.42414150803056483,0.24529598763811175,0.4292549697486619,0.20977659521922282,0.42367680657150264,0.20853388828559366,0.4217488268262516,0.2243086894043005,0.43468989763874033,0.2295723890421453,0.43844714272487795,0.19404187431770092,0.43359501612940204,0.19144524527914725,0.4318691369210015,0.20897019046373896,0.44284071195637387,0.21540442766952336,0.44591229175882263,0.17900861465996953,0.44515047800939045,0.1765557063886103,0.4421061603113176,0.19016637084514793,0.4497400287163689,0.1960885886681129,0.452198295721704,0.7141937365492521,0.6350976070204588,0.6808658497459728,0.6559406274622752,0.6750896349012718,0.6801797469508917,0.6800418590843947,0.7028986647406875,0.677938113996668,0.7216910233852604,0.7187233229533798,0.687580199705826,0.7145206231665198,0.7195404071314067,0.7002179294846691,0.7333775018502247,0.6882993011628565,0.7418805988169114,0.742016976875049,0.682873520062369,0.7358307379630588,0.7167706990441807,0.7151256890157973,0.7293780667250187,0.6986734552988394,0.7343877880670496,0.7542403859216674,0.6777136030646651,0.7527711067924341,0.7070137644021066,0.73320762828746,0.7197602210687616,0.7164487614070711,0.7261736709563571,0.7585730801319568,0.6732765135398469,0.7592052434741683,0.6966928456964161,0.7458450898076968,0.7079539628252258,0.7325734823793342,0.7136498957622038
0.41936605789948966,0.2727251220846092,0.438144380877176,0.2503363471807154,0.45291813466411385,0.24711687539930507,0.46199886928045636,0.24511931459180006,0.3935822218296925,0.26136616209184993,0.37957011793119266,0.2655695552030142,0.3665880616923326,0.26910431742858304,0.4839415424762723,0.2511133254798369,0.35941949864804307,0.28317493144084843,0.4522989191067445,0.28905864467596887,0.3973119756439443,0.30305834602647097,0.6079436673145184,0.3487585356897292,0.3090157026072112,0.42238447245151917,0.6874084074858244,0.49346746235451566,0.25918121388593274,0.5812951377360993,0.7258723065599528,0.6259531853295034,0.231201423299662,0.48087169855495393,0.7458293977348047,0.669355557185496,0.2277816971649765,0.44535262956571864,0.7221179999531272,0.6747704584212579,0.23153411909763227,0.4378896631601308,0.7104318484212474,0.6635320998373716,0.23622810835119715,0.4457846747561338,,,,,,,,,,,,,,,,,,,,,,,,,,,,,,,,,,,,,,,,,,,0.7196467078682885,0.6285386150080976,0.6863448182425311,0.6496802905536155,0.6802051721251938,0.6743336535742079,0.6854732355908552,0.6968808940309141,0.6836234425445971,0.7156813616316715,0.7225072685468789,0.6819144579033376,0.7198600369287272,0.7138882547400837,0.706812716179309,0.7282788756162812,0.6952170402473403,0.7366334486106405,0.7462838360445713,0.676856616126312,0.7411670475176498,0.7110945113866394,0.7210514932121117,0.7236920738582209,0.7048315628098154,0.7280492476872394,0.7588056523911016,0.6715876843290755,0.7579637198029696,0.701152474691062,0.7388626857248322,0.7138181143464091,0.7226926953780091,0.7197121908247286,0.763475694856786,0.6668294063982143,0.765609912332299,0.6902486189758054,0.7524053377823706,0.7015204323562675,0.7392164114618848,0.7068566195061052
0.47417342952279345,0.2711115408890948,0.4997348930184123,0.2575644378256424,0.5136986981930363,0.2600843860251828,0.5222389829857313,0.2617215631565516,0.454191111712716,0.2509290929027086,0.43984473400556745,0.24966468629015556,0.42556225943481985,0.2480915339637654,0.5401237155127068,0.27567949967576943,0.4128439302284848,0.2581717533311087,0.49785040612849857,0.2989791228965394,0.4414785806374973,0.2910796348657923,0.6178401043543492,0.41344531660095896,0.31068764133486393,0.36828241952836804,0.6367027601953331,0.5772987372708477,0.20620953105526849,0.49014183360464036,0.6225517357031319,0.714505929585296,0.19392824309209167,0.4484138988673835,0.6247709278148176,0.7622375437150695,0.1870340938621201,0.42208128978440035,0.6006719381858996,0.7583806530512911,0.1970058160767264,0.41195919836457245,0.5939849152201756,0.7435649169422067,0.20712305233149522,0.417955053879088,,,,,,,,,,,,,,,,,,,,,,,,,,,,,,,,,,,,,,,,,,,0.6163629334131986,0.7146422967110491,0.5771735164935395,0.7221392938760636,0.5623063476367944,0.7427799865191627,0.5594504536957807,0.7658802171368586,0.5501609835602501,0.7823892603353703,0.5988760642832711,0.7645765015723891,0.5843620115554745,0.7932081170202228,0.5668178390614365,0.8015874781824888,0.552948029130977,0.8048927704123409,0.6225526615941882,0.7692077760814654,0.6053140796537311,0.7990330174385911,0.5824089312788027,0.8038061741565009,0.5658126048987413,0.8024189130812359,0.6360361149680335,0.7694715252130051,0.624693178458034,0.7964955404806795,0.6025316450590188,0.8015094635121702,0.5851246638967287,0.8013139938606467,0.6420806428997698,0.767182751608722,0.6355130504945886,0.7895323144501958,0.6196411751165122,0.7954884726674447,0.6055457686919522,0.7959993478268145
0.47699597790786785,0.2702362278595361,0.5028088991835755,0.25692628646795057,0.5158987868275998,0.25944071180635764,0.5241589401716629,0.2612200288840727,0.4568942079585949,0.25028063894810915,0.44265270524555006,0.24906073226613215,0.42779219394552054,0.24756220168838508,0.5421916148524084,0.2755052284528302,0.41453631971790805,0.25769651185011655,0.5004770218390654,0.2983281421225207,0.4435192270164346,0.2903834632445145,0.619267064550057,0.4139853272445765,0.3112541687914032,0.3670999115684596,0.6371444153425654,0.5776874426063332,0.2059971677605159,0.4893402666444028,0.6231739921771359,0.7148175366376606,0.1709354630640756,0.46708339561758727,0.6252274649129784,0.762657548330593,0.16509599310116474,0.45473829807046834,0.6011327048614277,0.7588211300946006,0.17187751229941295,0.43479793704210823,0.5944601473351128,0.744009345538796,0.17990907303047216,0.4388066220591311,,,,,,,,,,,,,,,,,,,,,,,,,,,,,,,,,,,,,,,,,,,0.6171287612648646,0.7146725473597244,0.5779292973500318,0.7224334047017527,0.5632309977522391,0.7430626350703224,0.560035000490402,0.7661239728989966,0.5509923873673155,0.7828207899456652,0.5995952915927617,0.7653464111019277,0.5855977361054868,0.7939106958624678,0.5681160483489432,0.8024585228608216,0.5541558037445662,0.8060436585877468,0.623458473582128,0.7696852561956015,0.6069594765605811,0.7990768818780203,0.5843238578080253,0.8038429287984498,0.5679138375017233,0.8023579468999172,0.6371792505000073,0.7695329160152433,0.6269301909962992,0.7961288220939123,0.6050869930510081,0.801444448817503,0.5876367693490951,0.8014132132224154,0.6433891210887666,0.7668846604790105,0.637283671561018,0.7888694861024412,0.6216769454211213,0.7950523246792149,0.6076398505730582,0.7958807238815024
0.4523426277045949,0.2652657178408425,0.4757138863590992,0.24783553109249568,0.4882893802539543,0.24807203018435067,0.49682895998056453,0.24845805166994767,0.4291600454199792,0.24936607996254767,0.4149600944982509,0.2507164965037725,0.39995370333807023,0.25197451282557715,0.5174761928929583,0.25941065376558414,0.38824611315029467,0.26444054546653706,0.48035572478844,0.2887811050898682,0.42249240712902814,0.29126174367353364,0.6178062413109102,0.38220568251140347,0.3055782389235402,0.3902837708207776,0.6630030937678856,0.5404076992333016,0.229465975953223,0.5287724220091533,0.6734162796541215,0.6774196982903258,0.170441986041922,0.5420073549075296,0.683837589093288,0.72446663179182,0.1397565726536229,0.5437627636556679,0.6593866622816529,0.724916042349676,0.14139968073893355,0.5262788148118942,0.6502301859974207,0.7115071899982282,0.15865158991314704,0.5255207987109981,,,,,,,,,,,,,,,,,,,,,,,,,,,,,,,,,,,,,,,,,,,0.6673628603513437,0.6788630468258408,0.6302757591081442,0.6933970459120415,0.6193980839362564,0.7164841570099747,0.6203729968898775,0.7395551103482484,0.6148803159404078,0.7575134016654732,0.6601558296994574,0.7316568558693226,0.6505396969972642,0.7623531085273395,0.6343439152526963,0.7736531917845508,0.6209429425288653,0.7795481869638767,0.6843083157453481,0.7319529223265346,0.672354997767111,0.7640875588076883,0.6499289273150866,0.7723692059368332,0.6329960345884891,0.7733573262234952,0.6974551593160927,0.7295737720013005,0.6911347021721408,0.757942252608971,0.6696619712177019,0.7665436611194867,0.6522137589715004,0.7690705744903841,0.7025957216276162,0.7260458178701293,0.7001153670503256,0.7489502898499403,0.6851451319791104,0.7575626675270639,0.6711530925945571,0.7605430825441762
0.4774483216740485,0.2687746104033283,0.5033343359939659,0.25531907393359177,0.515303183721673,0.2574329226371864,0.5236843929835859,0.2591688742015894,0.45706643367216965,0.24976464918140015,0.44289875748485924,0.24897609371698065,0.4278779939519823,0.24804148599138864,0.5427338299036375,0.27321717159557857,0.4139917822997324,0.25860234720515646,0.5014967462267047,0.29623806405280867,0.4438890171047154,0.28995217433882536,0.6232196172650206,0.4096858475568171,0.31351863058037677,0.37039451515174326,0.6435523372901539,0.5729329552253503,0.22780637909617063,0.4937191786322712,0.6333779861677061,0.7091330193780347,0.15262690331318696,0.524594801551447,0.6363502795266296,0.7577165219634237,0.11512621686632718,0.5322508957894322,0.6121090927887713,0.7543645300360713,0.11668636399962434,0.5196098046518582,0.6050602268572202,0.7397845814300825,0.13603838571595223,0.5189092303651209,,,,,,,,,,,,,,,,,,,,,,,,,,,,,,,,,,,,,,,,,,,0.6263936987203134,0.7104102496096203,0.5883187856773089,0.7200622657959452,0.5746331995642859,0.7411363943566054,0.5722310428359063,0.7640233955245102,0.5630380911689286,0.7805086131375525,0.6131332145689025,0.7618793835360427,0.5998732361996453,0.7902017656555591,0.5827732341060293,0.7992630938199424,0.5691239711302756,0.8041161842336321,0.6368373988057296,0.765357448831469,0.6210733115568876,0.7949450493129728,0.5984666490041579,0.8002927074741537,0.5817470605299724,0.7999540643085681,0.6500335654052126,0.7646407156833563,0.6401590663391149,0.791402860189063,0.618410653017016,0.7971060863583892,0.6010319106780361,0.7977571338483093,0.6553682056169082,0.7618099047956767,0.6493131028886833,0.7838840086365921,0.6335492254255158,0.7903279448886753,0.6193837831389704,0.7916348201304111
0.4612840177983012,0.26483742824479584,0.48574581018278884,0.2488982064081324,0.49741907832412624,0.24970550430439317,0.5061678589192802,0.2505709484434595,0.43911675731331223,0.24843791188107917,0.42479309364412426,0.24922690408252404,0.4098241833356202,0.2500054543059165,0.5267931447118747,0.26253233480007576,0.39662225440414395,0.2620011057144896,0.4883150368814162,0.28947526136525653,0.43019904276795673,0.2895094506357513,0.6211624504419606,0.3894487587529682,0.30842967370748503,0.3837754007710512,0.6586285643542474,0.549644826408088,0.23651912125856295,0.5142533117104156,0.6634624480522807,0.685761401205547,0.16874013448260167,0.5837315923297405,0.6717875722473089,0.7337752504584343,0.1295425444900371,0.6055833897838889,0.6471591147158108,0.7329977652804105,0.13405538785758375,0.6009727448838473,0.6385274751497091,0.7193155589522027,0.15637776310716467,0.5950106256090906,,,,,,,,,,,,,,,,,,,,,,,,,,,,,,,,,,,,,,,,,,,0.65734164128027,0.6884015674250128,0.620206935497516,0.7019822654197623,0.6090018094269091,0.7243446289029973,0.6090113202910084,0.7472026171078585,0.6019930677275851,0.7646866877077103,0.6498557029324771,0.740531324171732,0.6398184996152994,0.7704962300624375,0.6232051946999055,0.7812962457078934,0.6097719170193023,0.7874067929876652,0.6737421768908928,0.7414477964992057,0.6605590391336906,0.7729423630386146,0.6377773843625291,0.7803251340295525,0.6207899751523744,0.7813199231020609,0.6866735532752057,0.7394554282975963,0.6790325107913693,0.7675315056968808,0.6572678020425217,0.7752854916941331,0.6397371822309093,0.7774877076492245,0.6917018132577435,0.7362333502461096,0.6878674593177933,0.7590723761469906,0.6722030268068838,0.7669822799827826,0.6579673103124737,0.7694467719069298
0.4222320860896799,0.26363029844201635,0.44236452293184597,0.24283468552781534,0.45358578988245296,0.24097409458623567,0.46254906497741816,0.2397523687483569,0.3969664458932437,0.2531390230667823,0.3831026760050472,0.2572456966565436,0.3690306968064184,0.2614293659259227,0.48535436773267415,0.24659641307501615,0.35860475158663224,0.27618089244217925,0.4543601952047167,0.28134144792611593,0.39795415494541214,0.2946828705604238,0.6061188479404737,0.3485887275280698,0.30054489626129866,0.4130197932374885,0.678368690366375,0.4954218623818334,0.2584774558781607,0.5535754585072774,0.7145925804881477,0.6263860088077698,0.21206187785976838,0.6617033426448078,0.7345308119761649,0.6713242390764171,0.17702447389450543,0.7013035873572759,0.7103228778566015,0.6762774505649327,0.18470383088631653,0.7005603706295762,0.6986369641160693,0.665197260705628,0.2036427618870225,0.6868716054053786,0.19558669039740542,0.6657429747778506,0.22114092182944362,0.6732155334995862,0.22794613669020233,0.6889617944319535,0.21863500954952983,0.7038085749303888,0.20912806093536007,0.7148748598457073,0.19430217307982778,0.7025625963413116,0.1858042004290832,0.7245444774298073,0.18240943636221046,0.7321145236761895,0.17891997033962997,0.7350295913639782,0.17204207717401432,0.7039971825222431,0.16135792206562982,0.7252406076234568,0.15952105899966662,0.7324343225054094,0.15749636406296808,0.7359220007377812,0.1566789891750443,0.7034089387856508,0.14268225534731216,0.7223836656048404,0.1435482451266752,0.7290158665769406,0.14489467614496393,0.7325130721211568,0.14703322297254906,0.7015736252738918,0.133853072184569,0.7174404514069093,0.1339537428367228,0.7237445271910843,0.1367045781024085,0.7268666298351536,0.710219648642499,0.6312330506531919,0.6776312228421297,0.652897974509964,0.6721782979296187,0.6767935307938007,0.67754066472769,0.6989459151412556,0.6755761876765436,0.7178282371542983,0.7151268378195121,0.6830219699749109,0.7125885308046772,0.7145838010272284,0.6988850823236519,0.7289749648706878,0.6869556645886363,0.7379622893692637,0.7381047836718997,0.6784158068151196,0.7338765765933641,0.7118576898312583,0.7140436190819821,0.7247019814580924,0.6978929211817507,0.7299670980484362,0.749977165701214,0.673464574856579,0.7504433231263234,0.7020856518859251,0.7317443423177066,0.7151009874227479,0.7152555835384407,0.7217235120797911,0.7538802840078211,0.6693207151112517,0.7563342175757789,0.6923024176595473,0.7433985087631418,0.7039903367577711,0.7299802130083146,0.7101340635668543
0.4381234233762288,0.26204563351607446,0.45963250378022924,0.2433913539404305,0.47060971344544156,0.2424911376950998,0.4799791512431593,0.24198771397362415,0.4134589488194316,0.2498352224602221,0.39915107146402223,0.2527792672652862,0.3851142959535284,0.25577201998581306,0.5016617417522161,0.250623450639487,0.3729371204651163,0.2696313426655341,0.46866262664091146,0.28247765496759825,0.4114837972603937,0.29093686949382025,0.6134978965275885,0.36291532345476873,0.3027792087202683,0.4004546880242691,0.6719632131228752,0.5151020785538978,0.2468008728992791,0.5388943611342687,0.6977354780302036,0.6482282860222147,0.18372457301698247,0.6684129232680764,0.7142103355555843,0.6947328911032096,0.15087011264186795,0.7065642296852925,0.6895047327925236,0.6975267158576279,0.1605045116987276,0.7039425110869642,0.6787830577327065,0.6856731476044631,0.177992723323585,0.691754660139227,,,,,,,,,,,,,,,,,,,,,,,,,,,,,,,,,,,,,,,,,,,0.6943921497713972,0.6535455855759145,0.6597432814155382,0.6716260493345528,0.6517597577887205,0.695051575202473,0.6549748432092832,0.7177456006954415,0.6516269353281022,0.7363691131662078,0.6929220831486789,0.7055048171359173,0.6885403425604075,0.736909473291258,0.673754591542054,0.7500419877108346,0.6608300269025464,0.757851293807093,0.7164122612471409,0.702901433557732,0.7097629447278193,0.7357216135073885,0.6890414480787742,0.7465298621876175,0.6725207625240242,0.7500808947508792,0.728912541211012,0.6991515617483213,0.7270965360362152,0.7275919064165552,0.7075076191606022,0.7385877384972825,0.6906852494877614,0.7435105325146248,0.7334297377554697,0.69545806423294,0.7339835910139983,0.7183532305895568,0.7200377302360473,0.7286218985320551,0.7062416981319708,0.7332789318256123
0.45264064596856945,0.2621238723227713,0.4752248450964406,0.24525777088187736,0.48596418403497027,0.24516502766728576,0.4955288124553799,0.24535050032327468,0.4286185803787343,0.24827673770824213,0.41397565310076223,0.25016803462720644,0.39988721575865405,0.2521764969247938,0.5159530647019521,0.25558003872564095,0.3861717609248428,0.26508218215463686,0.4814312261087851,0.28493660666849596,0.4235616704306589,0.2890891453807227,0.619232919903696,0.3761253159940662,0.3061229005046715,0.39043031022415553,0.6656697097570838,0.5320021896314202,0.2396348666936883,0.5312006439271404,0.6818516773849967,0.6657877229910892,0.1678388189148105,0.6610338303714649,0.6958551302036147,0.713639514428394,0.13529200458857482,0.7025957651833006,0.6706473975737663,0.7146363561652451,0.14692587195824602,0.7017000975790454,0.6605159318019453,0.702236408628262,0.16304735238673662,0.6904115350070934,0.15820911841083457,0.670191627629189,0.1900649933089333,0.6805592512602536,0.19422617258004796,0.6986398733748467,0.1861032840601296,0.7172907739221933,0.1853397831137248,0.7330170271458032,0.14773348759861993,0.6985657398479849,0.14945943026310515,0.7342736135277717,0.16595543902843368,0.739207941171708,0.17333359879054955,0.7339496206688039,0.12003098682257501,0.7005393918208335,0.12339823849301007,0.7369777253550847,0.14393200117809313,0.7422967779449479,0.15486480351738502,0.737996959286982,0.10289170026574629,0.7024115214999475,0.10629093153672886,0.7358821278319383,0.12646708813413376,0.7409385642811717,0.1370758433632463,0.7377935398046709,0.09559769234384424,0.7044287114053787,0.09658696993757326,0.7299721048740826,0.1114332525560266,0.736425610081993,0.12131372350904895,0.735118590684301,0.6772857747836522,0.6718648413101374,0.6417105430194899,0.6876588989442244,0.6324185338923873,0.7105725738820414,0.6337189940485584,0.7334575627477464,0.628974803498662,0.7517005086728985,0.6733793614976787,0.7228733546401703,0.6664353989575109,0.7542368851557659,0.6501267735916996,0.7663784478917286,0.636223423045805,0.7731466248886311,0.6969879891273716,0.7219389956977946,0.6882836513330332,0.7545744511321499,0.6664004565580294,0.7640401196630391,0.6492896990352055,0.7664399440366926,0.7096385633068375,0.7191511580459852,0.7063664626021541,0.7473386759102896,0.6857066331488275,0.7569910270114947,0.6682317402303753,0.7607082570698338,0.7140637479526288,0.7158379840092237,0.7127321913400438,0.7383682975817667,0.6980848789463087,0.7476300740122883,0.6839025852802356,0.7514521074394187
0.4221424666914987,0.2626151230630487,0.4416608351601821,0.24214316811683131,0.4522422646245597,0.24021564533118256,0.4618221869617447,0.23875417744554453,0.3960633075972061,0.25297766728593923,0.38193874655655213,0.25729497385032607,0.3684179119503253,0.26162986735397675,0.4834543704861274,0.24548791774567622,0.35688320210665003,0.2766260339996684,0.4544435816238911,0.28030619205680074,0.3978187598429046,0.2940904135560915,0.6053616124453692,0.3473916510325771,0.29856688043054314,0.41366804811881486,0.6768465404339207,0.4934229246493464,0.25607658126998756,0.5694430545363978,0.7154092074047806,0.6211243753978835,0.21073819743030836,0.7096138263168303,0.7379026781916943,0.6661758747891792,0.18737705650329328,0.7579131648781703,0.7125806554008463,0.6714269762268972,0.2009237866510606,0.7568343604465759,0.700297553697632,0.6611118787166558,0.21469343802348767,0.7428078877890618,0.20650129465681336,0.7210785827633481,0.2424734736384301,0.7278871447721486,0.2517322638087887,0.7467909953233329,0.2424037096990757,0.7685604912360502,0.24263497470489978,0.7853764050806608,0.20390277991947978,0.7571826439776099,0.207259988503577,0.7917155415675818,0.22355617923993606,0.7966417846076836,0.23261615189537269,0.7921164233638367,0.17505660879961504,0.7627842964421974,0.18404286936452324,0.7976244038135625,0.20518747392632095,0.7995273533432232,0.21436682865093032,0.7939670636423659,0.15772453430204275,0.7667443504752787,0.1676513873401902,0.7994382027500506,0.18865685412643846,0.8007666858029772,0.1982848599721575,0.7958314235899719,0.1508275976216858,0.7695395710988386,0.15690673456696858,0.7949439266624461,0.1725589088908241,0.7990013807937764,0.18208316353836274,0.7963202997408189,0.7126087635155989,0.6290157749775891,0.6804255230338345,0.6503231855260203,0.6749905911465633,0.6743693992620162,0.6798210139386047,0.6967840799139697,0.6780227421167833,0.7156309420569975,0.7179876060392212,0.6807001890071499,0.7153248653862214,0.712196642313994,0.701244242006842,0.7264632554395755,0.6886229309961783,0.7350206268789999,0.74066889763195,0.6756278289108913,0.7372287135791797,0.7084401935801452,0.7180836379719175,0.7217826007697137,0.7016313221878916,0.7272534265540564,0.7523375368032194,0.6703526957521773,0.7535060584000735,0.6980851514643589,0.7355479572607869,0.7116754682756035,0.7189535371581003,0.7189564858680437,0.7559551913450222,0.6661895692842748,0.7581492341267791,0.6885144749800867,0.7459881683171816,0.7003705101128037,0.732801064321174,0.7070569909742971
0.4693294664694476,0.2639377268300906,0.49342697214661346,0.24897996979409037,0.5042644528399064,0.2497751621454449,0.5138658461534216,0.25075855052250984,0.44655925745691455,0.24793979095241878,0.43183971669930715,0.24855020521361298,0.4176542133398986,0.24930416947519468,0.5331464689721648,0.2627843313761837,0.40273648769780857,0.26082105300588737,0.4961280263189593,0.28923077370138384,0.4376610877575759,0.2881843216153539,0.6253175893869111,0.39239818676431026,0.31096638088752626,0.3787642563393354,0.6574137290312192,0.5517958167848516,0.22946829812318614,0.5246929440751931,0.6622802036552262,0.6839916614548196,0.1544312516268645,0.653319258234588,0.6726509416154893,0.7332052806624865,0.1215441375843287,0.6954801779540595,0.646972843182186,0.7318627188889458,0.13343966126676415,0.6979458643103503,0.6377196450354881,0.7189853147848269,0.14994246431716157,0.6864839602941921,0.14918536672881394,0.6603683111060166,0.18310366230218317,0.6765917065623144,0.18672526806274192,0.6980844827161515,0.17134323587395744,0.717596949614501,0.16795354296823606,0.734603717774474,0.1366484846885327,0.7008849937467575,0.13325734449404864,0.7344505755384991,0.1520452440043134,0.7427946354345963,0.16340246307921102,0.7404653774440719,0.10941572893230794,0.6992333940924691,0.11000931864056879,0.7356022151886998,0.13436140269503183,0.7422268532027851,0.14721658858951853,0.7383846697510389,0.09367337472700366,0.69832548127331,0.09614590254982819,0.7327952287334991,0.11901057150645922,0.7389384300773922,0.13159796686446645,0.7359191643400997,0.08772419853422458,0.6985183462587842,0.08926772101471175,0.7254348586119953,0.1056090799265037,0.7330345968196459,0.11664580972154209,0.7325041247971245,0.6576364265375851,0.6918893470938409,0.6205587358615573,0.7042904315826258,0.609643722280311,0.7264075536906476,0.6091881236228389,0.7492426494046659,0.6030366797111502,0.7669470568356661,0.6499681498607128,0.743193306725977,0.638692839726297,0.7733748526143929,0.6210632585380895,0.7834103511544321,0.606665091642236,0.7882657409539432,0.6732845374955775,0.7442796282129089,0.6596296534416894,0.7757241817092382,0.6368005546333096,0.783388599647542,0.6195351210514873,0.7842338137036627,0.6858192520510719,0.7423791094800487,0.6779572891635559,0.7701673290807429,0.65608452012529,0.7782801669885551,0.638137425236977,0.7806060599792322,0.6902717028150765,0.7393954024444507,0.6856410948304985,0.7618124301373109,0.6700406274003176,0.7696831626015304,0.6556575698437987,0.772182502886633
0.4782845471936367,0.26561806293166296,0.5034559253933518,0.2518421028232353,0.5144257697557951,0.2531938313373161,0.5239454456520987,0.2546487999127913,0.4565267717103571,0.2484075531180787,0.44200172305490815,0.24829397509928358,0.4277409977818597,0.2483120324525645,0.5426279555569634,0.26764189889149603,0.41246894153111247,0.2590409807832693,0.5039840715843453,0.2922097036500215,0.445314988759709,0.28813199657201194,0.6281245307658481,0.40171305330854146,0.3145224790187633,0.37218532052665654,0.6522695603420586,0.5626663595081679,0.22585959452648036,0.516850585252797,0.6502835357650474,0.6947046346317088,0.14512873642537455,0.6467404011311083,0.6581291886801075,0.7442713592844177,0.11135101689379007,0.6888153838752438,0.6325827417367376,0.74153864302167,0.12389695287759589,0.6912621565174148,0.6240122658651197,0.7282980279397749,0.14160775320852925,0.6802996794649167,0.1453804570530532,0.6506148224010956,0.17948872551067535,0.6695555295689406,0.18226439171691083,0.6918778573656603,0.1665207444723512,0.7100717410930714,0.15992309587050135,0.7254564788394502,0.1319177073276902,0.6950754756811585,0.12998910471177938,0.7276822329799555,0.1478005693677159,0.7377897618824323,0.16013342574283096,0.7372870961299646,0.10631940065258055,0.6928692104843485,0.10908832007771146,0.7287612492822267,0.13303577219670532,0.7364791705177502,0.1462720743266892,0.733494703198694,0.09172199126909658,0.691491092331086,0.09602228674404606,0.7252840953622073,0.11824236779870573,0.7318714932822287,0.1302158601983342,0.7295198152491597,0.08655154406590587,0.6910293384554109,0.08811708086602948,0.7174049992166441,0.10437111357752005,0.725348847372165,0.11571398582928788,0.725656143274523,0.6453002458172645,0.7020412775072984,0.6082037074048426,0.7126597911147323,0.5960081040675558,0.734317156418067,0.5940200141052077,0.757352251329401,0.5868010894673172,0.7749160228608982,0.634914111928806,0.7537808072265486,0.622238722588225,0.7833428380774565,0.6044256986757404,0.7926099879541859,0.5899839293737588,0.7965478068880167,0.6579318158613799,0.7558793414590459,0.6432993298168546,0.7863510082967864,0.6207199099351247,0.7925341339022136,0.6039356142832869,0.7922461428752403,0.6705209343489176,0.7544185883396142,0.6616351104403164,0.7816049602526904,0.6399133905566491,0.7883270206281159,0.622321257663311,0.7895355370138055,0.6751332023117514,0.7514631485285973,0.6695400197634795,0.7737009044823284,0.6535326487177961,0.7806185544755593,0.6391518978727777,0.7821942780244606
0.4609872420583336,0.26355846614105694,0.4853520220940512,0.2473937323190768,0.4968829115262351,0.24774091376598145,0.5064708875768662,0.2483076395106399,0.43807367994695545,0.24806886549622267,0.4238536866920977,0.24921773168730735,0.40968348956390904,0.2503845309174849,0.5262971575356958,0.25953902860987754,0.3958717849456607,0.2623278869026108,0.4893662188164552,0.2875842415455394,0.4300067298509268,0.2885190242141398,0.6229608532779701,0.38538183622100586,0.30795329013726414,0.3835826094256319,0.6613607306252547,0.543898050182992,0.23328693860684946,0.5362707436618499,0.670951024889084,0.675589283954442,0.16686512369603101,0.6739312846448813,0.6831099340110535,0.7242526799836742,0.1387241724235993,0.7207967743029486,0.6575365435430282,0.7237441055911153,0.1606823195596449,0.721603750789134,0.6479201912600249,0.7112837971326103,0.17577448455165356,0.7077339270019667,0.17008386384017365,0.6791905707676381,0.2045579658218356,0.6956529477495578,0.2130985212821163,0.7177004218058145,0.2022541243873131,0.7377342917485642,0.19642520757333654,0.7535372697082448,0.1592026830199002,0.7282768426383339,0.16509670882457145,0.759870556983306,0.184373886701323,0.7669339091269568,0.19629761546014068,0.7642942560103174,0.13644978391778734,0.7289086450990123,0.1454072132250644,0.7619357138225609,0.1690743755117699,0.7665995041978321,0.18270167777587437,0.7623865197839059,0.12446996265766985,0.7290662724938497,0.134202884424438,0.760307736757448,0.15630553749266346,0.7643751114589299,0.1688421426084859,0.7613477064106411,0.1206971785869066,0.7288802132741813,0.1276042176857483,0.7535472218008619,0.14538772850493026,0.7595345254398318,0.15812896472392057,0.7590629980297322,0.6671109378821022,0.6828958753440086,0.631169354266145,0.696702129639807,0.620181197734998,0.7196479887964767,0.6202429122233916,0.7425762058882946,0.61497176258876,0.7605091766986325,0.6605400076052914,0.7351809693151399,0.6509095202424828,0.7659049793322061,0.6336986595597239,0.7770618245202521,0.6189957541289203,0.7825119662313913,0.6832680647831166,0.7352343210804706,0.6716960081969507,0.7670505361126909,0.6495265947423685,0.7756113614548434,0.6317274358661001,0.7770640485058173,0.6951716310421017,0.7330086417934183,0.6880127577552466,0.7610360129839097,0.6671280163280997,0.7701912563217912,0.6491627093159059,0.7735669611426766,0.6990625756897755,0.7299685169734046,0.6951270805836196,0.7529895890044953,0.6798375925299509,0.7620022066049796,0.6650042233867144,0.7655664656666821
0.41797707006769125,0.26532386914844164,0.4385381552530521,0.2439696284409517,0.450403810385178,0.24157725522993675,0.4598460644850756,0.23991794801097993,0.3925131692222634,0.25492127459414915,0.3790965376202743,0.2590537298479072,0.3656174146355706,0.26316380013649077,0.4815810488056335,0.24624198027920954,0.3551679463730967,0.277631188211548,0.4512897489878071,0.2820797284798253,0.39314067139413644,0.29603209632974614,0.6031697687105225,0.3474198974599412,0.2959029640342433,0.41531876051754646,0.6765428585464356,0.4936092561404725,0.25849425052294717,0.5824517192119577,0.7150105446245802,0.6201327020482502,0.22608010019616243,0.7331176984998918,0.7375558293088764,0.664579437067184,0.21098470194978025,0.7828202099322636,0.7126562284909376,0.6696464784391117,0.23499214492530687,0.7801537596787433,0.7006425687738473,0.6596201184201387,0.24525687050198064,0.7632806142811963,0.23706683161251624,0.7364700940620652,0.271581513125917,0.7450416444083192,0.28416865425457677,0.7645719913705088,0.28288785673215033,0.7865245733671254,0.2842370813705907,0.8033137094855702,0.2427126171329372,0.7849336833585993,0.2555355487311487,0.8144790012355076,0.2758166573207339,0.8162640501973386,0.285996101287905,0.8114924704272122,0.22017839046672955,0.7913248478090749,0.23712773622035155,0.8210036400144294,0.25977619820707326,0.8192234153659458,0.2697217014726572,0.8127599248760042,0.2069187649632387,0.7945604454183395,0.22326314629617183,0.8229773532472757,0.24439341549029633,0.8209794533431836,0.25406511942573606,0.8150258697563861,0.2014022024148605,0.7957593900640554,0.2145859096549947,0.8182820904590762,0.23199453125719166,0.8195192653244212,0.2420291634684052,0.816057514062318,0.7124836450291763,0.6275810270121815,0.680081987621208,0.648952667445224,0.6749489211210649,0.673697584636086,0.6802536166788156,0.6959054573189494,0.6789288458095649,0.7144791684028324,0.7179318135833868,0.6798209590095765,0.7142677479483868,0.712388212498836,0.6990128510134925,0.7271006068936688,0.6854258659012287,0.7357694509298394,0.7399289810087695,0.6748548262466164,0.7348057685799239,0.7087396739191968,0.7144419534817765,0.7221016277466905,0.6971493200190791,0.7275316822111044,0.7506579659314194,0.6700906700029204,0.7493291306171135,0.6988910395892585,0.7307464347931558,0.712630352237213,0.7138320506753344,0.7200686513613597,0.753298132820538,0.6664755145947576,0.7542536354289751,0.6897289586615944,0.7414996902710623,0.7020167833658557,0.7279513166025628,0.7089869919951677
0.4183914648087407,0.2665149511305348,0.4390408149088775,0.24508283344160278,0.4510248833567878,0.24263516702587767,0.46046508267068625,0.24094329286912378,0.3929246754444227,0.2557125206719796,0.37950258447742774,0.2596615020115275,0.3660315881774312,0.2636270993049528,0.48191105535008993,0.2470898437204381,0.35558790854422545,0.27787487227592417,0.45168695343298265,0.28304540798367844,0.3933528722828122,0.2966078678195301,0.6030288459172628,0.34840847858096696,0.2955874572057952,0.4152053530465878,0.6767708622646922,0.4950583242437669,0.25983057862205156,0.5835755877425293,0.714473362813211,0.6222875046001415,0.23488437320696298,0.7347454036276586,0.7366764192974151,0.6663297964755168,0.218645240625723,0.7843847458920703,0.7119059848663425,0.6711497682090142,0.24269183132462424,0.7824599624309532,0.7000847827074079,0.6611056410066356,0.25318674353684645,0.7655345567411165,0.2414947599562048,0.7374601393341332,0.2783352470984346,0.7453909558120166,0.29021887981499117,0.7654141549565414,0.2878994145985365,0.7873108077298651,0.29134021493922646,0.8034993150868062,0.25380358522310065,0.7857189176694717,0.2620730868669715,0.8159380287938469,0.281098455099166,0.8166379487971793,0.2902002075964828,0.8109874502878458,0.23054133864502743,0.7915342452485695,0.24468171715085177,0.8220234026053358,0.266029807500346,0.8208368849674157,0.2762333301613781,0.8141430083919978,0.2169099163982822,0.7942160735411093,0.23257167356986228,0.8225990546698456,0.2525945731240845,0.8218171224413837,0.262880365727163,0.8165529665281792,0.21117916730842776,0.7950449943130427,0.2229006517571073,0.8175443195922236,0.23897358335458282,0.8205605092741999,0.24991935785975006,0.8183348999212265,0.7109538690266921,0.6294127227200371,0.6785599438197444,0.6508203719907218,0.6733845160436722,0.6750537879611291,0.6789171028024293,0.6972461678933718,0.6778228376826548,0.7159036699552841,0.7171652389927505,0.680844331644828,0.7136648865296508,0.7135576723063604,0.698562048154586,0.7280261282820641,0.685191994579322,0.7363999060612216,0.739306632256346,0.675928428826292,0.73402298154655,0.7100682407311376,0.7137391937898,0.7229083771752383,0.69684823928603,0.7278693954795329,0.7499969562357425,0.6712202996391421,0.7485070185268039,0.700249864016022,0.729889097523825,0.7134898711138868,0.7132163088179451,0.7203290336602699,0.7524929740755925,0.6676800717253087,0.7528221512803932,0.6908699402668672,0.7396548608191937,0.7028292058164765,0.7261695226408853,0.7093373513295093
0.4349091989403724,0.26604921843915796,0.4576062107047909,0.24631889324206396,0.46992275339587414,0.244888546584939,0.4794985249240297,0.2440112611573657,0.4107362150691968,0.2526335709445593,0.39703047725231266,0.2551827656812114,0.3832877719857152,0.2578153982990561,0.5001097108547791,0.2518122004697503,0.3717143164528421,0.2708267012619465,0.4666957595020544,0.2851464989195493,0.40725321032410383,0.2931897384344938,0.6115259337807942,0.3631725359847896,0.2992950438755323,0.4019699768718659,0.6723598604213876,0.5160329635450553,0.24945635871568494,0.5662650597231482,0.6983129903678207,0.6464734634434708,0.21716024881715543,0.7140794006936381,0.7162627757034976,0.6922165146495652,0.19737147579704142,0.7619367487460855,0.691252191866847,0.6947661754723464,0.2223570289320455,0.7617726956138651,0.6804965705784904,0.6837187251339424,0.23382090955272583,0.7457031036800927,0.2209549130437474,0.7190531833312785,0.25746918081480574,0.7285044829731675,0.27006073207885234,0.7485341610273757,0.2676373965156451,0.7709758245947347,0.26788441626325815,0.7886581804559458,0.22724451249918706,0.7684510806270866,0.23408051163079993,0.7989526098537549,0.25439838677884846,0.8010512274553654,0.2656637926380089,0.7958915905395039,0.20440470492590368,0.7716004464118646,0.2148592010069632,0.8032652878054636,0.2372034257473373,0.8041790103912037,0.25006065062459093,0.7980056229321836,0.19289001978822606,0.7720024973123452,0.2040964464188221,0.8012073168664946,0.2247656127070964,0.8028964083350505,0.23754906514151372,0.7990525169107143,0.18936708189543183,0.7711570611974237,0.19814992979195734,0.793543526464576,0.2140461578652485,0.798212052757338,0.2258079545601691,0.7975900571659378,0.6946784624707856,0.6523863635389465,0.6605885440418909,0.6706281648797909,0.6530410895507015,0.6947995490970722,0.6561998920339279,0.7173956523866974,0.6532424697607925,0.735814466744543,0.6958859221834293,0.7046556016620643,0.690265050591291,0.7363991601991621,0.6736708934085445,0.7497897489528609,0.6592124598140797,0.7573002883410533,0.7181030770346633,0.7018047707039904,0.7103993955766785,0.7348525526990967,0.6887160224028823,0.7458505224502999,0.6711079404165027,0.7493992337801139,0.7290202180924238,0.6981764318015309,0.725412463501156,0.7266959950218475,0.7053669560269145,0.7381521535381934,0.687870690845633,0.7434935987786931,0.7316777504862243,0.6949336129233858,0.7305266468416057,0.718086387725963,0.7160459319848602,0.7288964046931206,0.7016307052020196,0.7343206529939391
0.4426755892351702,0.2663822659552926,0.4664600605031006,0.24759038224441574,0.47915837622625207,0.246661025580922,0.48877305528609233,0.24619175638887686,0.4192772092130674,0.25167878422039536,0.40552351120471364,0.25351853559867044,0.3917528048923876,0.2554336523951616,0.5089369096823693,0.25476868531436403,0.379939111493197,0.2677234774625997,0.47382832776869627,0.28671521213666273,0.41380043612867573,0.2919065881649886,0.6151562942152712,0.3709069626080354,0.3009655980457925,0.39530209044377806,0.669444352940938,0.5265772599403904,0.2452013899232589,0.5583432116275389,0.6894634152331424,0.658313965782769,0.21228562710343485,0.7061106162953816,0.7051868047698169,0.7046137796689755,0.19156523202552245,0.7523644634648469,0.6801017211508525,0.7060050892265821,0.2155002550347061,0.7525330248589057,0.6699528381844506,0.694512820166673,0.22770148133134618,0.7378594746812979,0.2149271628487413,0.708730188105054,0.2504804669041696,0.7194115193348887,0.26075961217019783,0.7403919843888396,0.2580837796003273,0.7627602198205568,0.2590546705407427,0.7795568225190505,0.22013893724625333,0.7576271895525629,0.22342207117855958,0.7897060344335534,0.24476364826491723,0.7920697371323268,0.2572601955592939,0.7864311778197951,0.1970876045205024,0.7598359491184103,0.20572563240646055,0.793793366875116,0.2301247475019136,0.7941843557258612,0.2435977350263701,0.7874441604858404,0.1850786683753613,0.759978692270989,0.19486709679634107,0.7918157926872562,0.2174541759557704,0.7921558692205042,0.2307750922203561,0.7863906251260404,0.18149183640831973,0.7590368697707228,0.19018574566278407,0.782783113647143,0.20815673889838093,0.7855977209815238,0.22099678679705126,0.7820947423030187,0.6858335954691204,0.6635353221747198,0.6505153561757685,0.6801437837119146,0.6426086262770063,0.7038347722194731,0.6447433014375642,0.7267360064150556,0.6400860244729351,0.7450293122358177,0.68489984471937,0.715884206100718,0.6762621764636804,0.7472348767086057,0.6589840392950916,0.7595248247529949,0.6445814389994533,0.7662860572337622,0.7071364771596231,0.7140274248448423,0.6972448612342186,0.7465442912016649,0.6752223161332674,0.7568752629914115,0.6576093384518047,0.7598821976815338,0.7180246358969677,0.7106057692580496,0.7131659628789903,0.7387153860344402,0.6928985275567986,0.749957809983756,0.6751761999711003,0.755130151476318,0.7207057629020566,0.7073056893944523,0.7187665109297543,0.7302088250462258,0.7046223015603129,0.7408065479026639,0.6903956887151627,0.7461233952551405
0.44136919019525744,0.26710214761876117,0.46549918283911873,0.24808185925059734,0.47852404289038997,0.2470858811066875,0.48817806735166297,0.24659995691917294,0.41829416466408004,0.2521575619249027,0.4045656338894033,0.25392862396245985,0.3908860142528902,0.25578723125559866,0.5082327664134869,0.2549536053916268,0.3794740144674099,0.26794382506711717,0.47281405579151714,0.28719349727124466,0.41256644461296044,0.2923522645562321,0.6145776763488635,0.3706819178316385,0.3005639903511106,0.3951914448959468,0.6696214661821499,0.5264530494221833,0.2459825263894723,0.5581857494751892,0.6898920064524722,0.6582651749238813,0.21657391532108441,0.7034759167740632,0.7056634977075782,0.7043659915630954,0.19598824797498388,0.750835345771515,0.6805495952292967,0.7057870413982467,0.22099450657956696,0.7509212012030204,0.6704072059996515,0.694321197607471,0.23299955879127912,0.7356172722060462,0.21966211527128554,0.7093198215801226,0.25558837272339224,0.7199442977273801,0.2662062052720643,0.7412297520185832,0.2641707461413524,0.7641043485202108,0.2681873349547066,0.7812030803902836,0.22625581899389585,0.7586525958962229,0.22993729360551093,0.7907028592956582,0.2517532136512126,0.7923864226296327,0.2638394094193749,0.7866309846977877,0.2027550006729746,0.760611416258766,0.21176542648338856,0.7949315005614748,0.23846559674966303,0.7947410577476783,0.25269079919280096,0.7878851012441687,0.19025904105264868,0.7603205629373442,0.19983879965873777,0.7927782874593481,0.22416898156844423,0.7929322477662771,0.23812144407077146,0.7870362125248058,0.18591813589645695,0.7588845639262299,0.19541603904583676,0.7833266687558638,0.2149378490882613,0.7863866625232241,0.22817106208780327,0.7830385978273173,0.6866569946017216,0.6627840688990267,0.6511700055317298,0.679525853427611,0.6425172938764814,0.7037271747374327,0.6446518991489912,0.7266054901636423,0.6405770469240742,0.7448330858898102,0.6855943446819113,0.7155824400784216,0.6783668397941992,0.7467421230457425,0.6608947700082705,0.7591285687770593,0.6459204568888328,0.7659545598769875,0.7079208523675019,0.7136705186488888,0.6990729380010834,0.7460215839198145,0.6770196293803163,0.7564234750930952,0.6590690069921303,0.7595778886475821,0.7190127910607921,0.7102897445009484,0.7147963542424047,0.7382159195107043,0.6944783463756646,0.7493365114956297,0.6765470715791282,0.7545338427001012,0.7218785756605388,0.706964310198767,0.7198437954348392,0.7296863845693202,0.7053801195116678,0.7400180845659562,0.6909813701008952,0.7452001188086252
0.4912554516767328,0.2723727664177258,0.519906142504915,0.26054616028545774,0.5329255865240291,0.2631195557815454,0.5423638566822166,0.26527799134635255,0.4732100042715472,0.25167643343046736,0.45943504587098194,0.24958094748949416,0.4457646351448643,0.24767083456088015,0.5592979367856181,0.27865397416571136,0.4316756546394581,0.2563343628667989,0.5163239111417168,0.30019514644577056,0.45651769256201447,0.2887877371208619,0.6306020557033606,0.41873523478526103,0.320721877469464,0.3570875122447395,0.6416854673130628,0.5842201951814726,0.22531395048519523,0.4993989026564761,0.6255043050731126,0.7165240544443527,0.16092323956540244,0.6331682419900968,0.6282725130715534,0.7648783229561834,0.12935592392908374,0.6738623438983412,0.6037418547034795,0.7594382098511774,0.1541234020669457,0.6806248231951038,0.5971036993189363,0.7456584981080102,0.16953339256399724,0.6691812901110632,0.1618051080014976,0.6387730538555523,0.19506307389000987,0.6586338231593069,0.20031135181421,0.6824299398039152,0.19192243226587619,0.7044543849312406,0.1904344266304313,0.7220258371924473,0.15828762132015706,0.6877712554339531,0.15219746975582493,0.7202158134463261,0.17198784970818626,0.7281154075309915,0.18524718171170163,0.7265026180121817,0.13423232339539354,0.6832246082458313,0.13292816219996517,0.7200203257083857,0.15876625794684912,0.7273547009135952,0.17441384836479057,0.724823149229239,0.12183810204382756,0.679764693400621,0.1225504690705938,0.7143056230214075,0.14606503944015414,0.7210743477213002,0.16113401216939327,0.7192574932751699,0.11817259093287558,0.6773508234127993,0.12153799744530408,0.7036822673846286,0.1401640915415055,0.7120289617429123,0.15406065954061937,0.7124765867034788,0.6216180692865083,0.7197993588101962,0.5826747376511656,0.7260515407508554,0.5675845230848473,0.7467946353611536,0.5635645243138514,0.7694458564846385,0.5548114005735476,0.7858478735934947,0.6054705632098472,0.769520110919168,0.5896885211422227,0.7977444513465547,0.5695885427100067,0.805183936428538,0.553554247538587,0.8078614745853371,0.6278057103383586,0.7739122293499993,0.6099539801617733,0.8030038682600207,0.5857462261428611,0.8071939391351879,0.5676035184605188,0.8054156927087921,0.6396589309399103,0.7738601983864801,0.6276305341563405,0.7999506875902985,0.604827051469349,0.8053721093370041,0.5860135789893642,0.8056860508785595,0.6436580490711384,0.7716383573978911,0.6355046662747039,0.793399041824875,0.6187495377434719,0.7997710757556553,0.6034470776487996,0.8011168117911496
0.4791531121607538,0.27018590443038626,0.5072290900253074,0.2565929341803177,0.5205963502641333,0.25836097284393217,0.5301682894723738,0.25995242850854205,0.46000293996612185,0.2505859611938669,0.4460129087205488,0.24927147669606944,0.43225885736491804,0.2482036998647388,0.5477978809918141,0.27218467646035593,0.41887615611307755,0.2577588449668342,0.5059513169354579,0.29633239163935354,0.4453541732681377,0.2886350532530686,0.6280162741427946,0.4074299290151356,0.3137863365227064,0.3648830640516384,0.6496729135458759,0.5724449942126699,0.22867460889110178,0.5130243725199543,0.6412683835399224,0.7067336344251458,0.17548016281503825,0.6520375767875944,0.6471387047185324,0.7538492893048795,0.1477577010828217,0.6955601110122345,0.6224098987074436,0.7498985894804091,0.17560712677332957,0.7006514892398846,0.6149345645046524,0.7366245076158102,0.19033833441118636,0.6880471572590463,0.177857407803237,0.6563021361499823,0.21162488044909458,0.6746166525801627,0.21742142117761176,0.6981739963933694,0.2116635887217002,0.7211346581084218,0.21185114126981264,0.7384158713518985,0.17456669213152337,0.7063767599275173,0.17441097038724246,0.7394358413123447,0.19502234684055703,0.7456952647350148,0.20817097847606936,0.7434718582123656,0.15115807090682176,0.7032677113543326,0.1554774866879745,0.7400562399634542,0.18208199360125182,0.7450525417912967,0.19724320244605426,0.7416692582966538,0.13942513163544074,0.7002507692377129,0.14443942813773658,0.7346405132613878,0.16849306012787774,0.7396183232065228,0.18366894362665354,0.7367918859246477,0.1366193458695807,0.6975480324881286,0.14256391936124074,0.7228051648280132,0.16132967341797577,0.7297509852521186,0.174719636428471,0.7295305313261444,0.636566133862582,0.7087082276900329,0.5981412601827315,0.7175375860870397,0.583927589306433,0.7392003678607271,0.5816043354645049,0.7620772903259029,0.573850971700739,0.7789151382170317,0.6236480789097588,0.7591666930898375,0.6106328139571148,0.7884336191125504,0.591208452416631,0.7971041164957096,0.5753684870261586,0.8007818746766222,0.6464054132231492,0.7622233106985672,0.6305667365141212,0.792505412420663,0.6063539363500918,0.7979496333345905,0.587996684507517,0.7969667316250634,0.6584095688173293,0.7615807780567916,0.6482819447289986,0.7885632358241227,0.6254950841636192,0.795060126744454,0.6065709805488796,0.7961213946377794,0.6624198961453915,0.7592111843352891,0.6563372342257507,0.7815243726851455,0.6399830088178939,0.7886637455812432,0.6246240580184509,0.790557090697052
0.48856817395471025,0.27235481233635594,0.5176811709887627,0.2604345853362836,0.5313070164864424,0.2630197724689599,0.5408553916657068,0.2652054213949232,0.47081285985712984,0.25164151585378647,0.45674991607156185,0.2494332489227707,0.4432081165159978,0.24761864585335688,0.5577374588813387,0.27841713489614456,0.4297115970373829,0.25645348568889936,0.5140983842232333,0.29994574330194923,0.45371286802068417,0.28866266139375474,0.6303590426988928,0.4179680194921054,0.3189334624894048,0.35702247650559227,0.6424471461376648,0.5843430428222611,0.22565596970445334,0.49991788269524307,0.6258603960653508,0.7179640345877076,0.1658059229400829,0.6351910363689404,0.6289672486880673,0.7651169424604727,0.13686677794532892,0.677742036338458,0.6047936884288599,0.7598272672008781,0.16499011578836287,0.6842388710046485,0.5981127882198712,0.7462098115773153,0.1803130506710866,0.6720948287342241,0.16688099171261228,0.6394420832580421,0.19957740901659424,0.6608043525067755,0.20419008729957555,0.6852427379888815,0.19746914945168137,0.7077246793394044,0.1975855292097463,0.7250463561547298,0.15761399524012004,0.6899184927953664,0.1590656303923772,0.7223249953800649,0.18059270496050434,0.7295256663009952,0.1944804790407716,0.7286516553525754,0.13629308491801045,0.6852306769158101,0.13936391657680414,0.720929711429865,0.16555600451539515,0.7284068055865325,0.18203000010791864,0.7274306976511551,0.12732416989428064,0.6812994438011278,0.13032126470370248,0.7143314565132242,0.15361236963897534,0.7218490424565032,0.16941223344554057,0.721499578492009,0.12668951814877322,0.6785666622746394,0.13126083589226228,0.702905388779411,0.14914154277068437,0.7116669982582187,0.16255021528765068,0.7135371964930071,0.620222140085154,0.7196517531235864,0.5810424852273426,0.7258625901245419,0.5662750744365008,0.7465283225732016,0.5632849224735461,0.7691990639964088,0.5545581033019741,0.7855939047575667,0.6041235770786528,0.7686752061987594,0.5894634884958143,0.7969866571593267,0.5698359231403332,0.8047659623827281,0.5539857630789783,0.8079050300621347,0.6267865046545917,0.7732280859290218,0.6098335800500324,0.8025201105472899,0.5855037407438963,0.8067350044126812,0.5673543001726744,0.804846927694157,0.6388287875604166,0.7734077259323713,0.6277080472042079,0.799544574719347,0.604843908860742,0.8047275575289998,0.5862005161206217,0.8047368111158959,0.6428734455930114,0.7713189790181428,0.6357907079079237,0.7930569860175676,0.6193682262561809,0.7993203074187316,0.60435094173691,0.8003355284775766
0.48528215562406196,0.27215517846556236,0.5144296654300914,0.25982412312541653,0.5283613061337022,0.26225141609057767,0.5380343607808583,0.2643685706547555,0.4675596556765271,0.2516188726994858,0.4533209485974627,0.24951434137507933,0.43978331611398924,0.24792005385121688,0.5550312586190238,0.27736600362807273,0.4266893774623356,0.25688865361895563,0.5112890382543851,0.29927032771851736,0.45060028479157693,0.2887511286767894,0.629653348351305,0.4156639235721402,0.31735322166216806,0.35858209831791615,0.644260295705235,0.5824942467099034,0.22628887986273663,0.5026236898501534,0.6291745224008637,0.7161399570588225,0.17009096073197105,0.6384222241020041,0.632859798135672,0.7631506235236404,0.1427230183997828,0.6812370753712113,0.6087813155712003,0.7581738455081696,0.17098756916465968,0.6873201443662418,0.6020409156615052,0.7445959635101254,0.18595170240004483,0.6746828954611784,0.17078691707009303,0.6442533202660814,0.20368613248120188,0.6646935148774125,0.20814429456189884,0.6886225616344738,0.20211539474314438,0.7108889616546246,0.2012275158563974,0.7281202031888907,0.16136252858841293,0.6935060829191637,0.16312057791301932,0.726940363055318,0.1858987795180127,0.7342325390952562,0.20052484006757973,0.7334286019169094,0.14040574530511646,0.6890566011962108,0.14369969915805125,0.7258121677375896,0.17188984792658984,0.7327669652101173,0.18886903143947847,0.7307089889661864,0.13220743562734277,0.6854896376826987,0.13533437627658457,0.7191359063246822,0.16029861079897506,0.7260565235598548,0.17588199366098506,0.7246580539810392,0.13206136777734268,0.6831925578581287,0.13738579833930603,0.707923181299973,0.15672273533474446,0.715957707656103,0.16970244820057429,0.7165099498059875,0.624452345620328,0.7172462963859725,0.5846427462936203,0.7233386561681647,0.5688260535498044,0.7441191439556991,0.565958920482351,0.7670044155365452,0.5572371522009286,0.7835582522206168,0.606991712309364,0.7660159749751134,0.5918042639117871,0.7944324247784775,0.5721667797596827,0.8021672559487222,0.5563055589543163,0.8047028017462863,0.6298495027407862,0.7707006673963404,0.6125842152683448,0.8001083843209722,0.5883378033770202,0.8049471992133341,0.5699523925057228,0.8031917222151457,0.6419188003347003,0.7710281172645597,0.6303788510963313,0.7974213165641142,0.607344641622691,0.8031986465971765,0.5883946022144335,0.8036215360362302,0.6462763179889252,0.7692172693637374,0.6388772020607141,0.7912490948859964,0.6223420850923898,0.797906895591918,0.6068902899385358,0.7993363172537951
0.46149859365616713,0.26935296975083334,0.4888488691601493,0.2533550267965475,0.503040831374573,0.2539825996830093,0.5129096020790104,0.2548800556294928,0.4413418830211725,0.2511934107208744,0.426883488592123,0.25088463101539454,0.4131700816884933,0.25105648273800674,0.531411512134751,0.2656590521902321,0.40132577094724203,0.26158717075937854,0.49076552643664617,0.292795150091961,0.4292250902588658,0.29012370616918826,0.6230669251942742,0.39289065299338954,0.30594001381889885,0.37627768956467467,0.6591400159558422,0.5566053266524393,0.2342448012554398,0.5309986243532094,0.6611699463446071,0.6914216089782288,0.19780985677541124,0.6742612295528618,0.6707006414632113,0.7373751094560934,0.1775032261078986,0.720288586683079,0.6463764542662203,0.7355187030846607,0.20574644352400653,0.7224650170675369,0.6380435084433072,0.722905391657234,0.21868458448052527,0.7079510535552745,0.19967628476545712,0.6785427569308825,0.23366217105127485,0.6956497108685018,0.24003546537745246,0.7188446698143375,0.23679443054224744,0.7414870357987782,0.2375891452150393,0.7583066064226721,0.19459307975053014,0.7287903219331064,0.20009629571393445,0.7608947684168239,0.223125980384845,0.7652128680679264,0.23723475649460443,0.7625801897606469,0.17418758179712268,0.7270442114673163,0.1816487836099317,0.7622068619565222,0.2094056210331509,0.7664445061909408,0.22601505344127334,0.7626647426380947,0.16656005048278244,0.7247396013351726,0.17329683871816565,0.7566293233817101,0.197832074155318,0.7616113674615403,0.21351020990567743,0.7590408528500139,0.1669125393816096,0.7228617860219494,0.17373379454233046,0.7457744285037826,0.1927115518064354,0.7525033393639771,0.20600094378535042,0.7526126113364222,0.6555545421024087,0.6925545358645809,0.6173014238351825,0.7036603214445794,0.603875309601785,0.7260384011923761,0.6034857000025664,0.7491407209804137,0.5976972784627073,0.7668332095092402,0.6441446554880547,0.7434883639297325,0.6329924579496142,0.7738331077704774,0.6144492206747422,0.7840889557035109,0.5989422597748219,0.7888289754770436,0.6672882492152996,0.7451658703815169,0.6549058609126805,0.7761681445541657,0.631649453855714,0.7839002279318286,0.6132396163195103,0.7841650483261138,0.6794965917735439,0.74380104644236,0.6726137222862136,0.7706729778951192,0.6511635314280726,0.779083883018002,0.6327535873689731,0.7816337374594143,0.6837521685997405,0.7412619979124112,0.6800069081408253,0.7635513986601753,0.6652381202517225,0.7720709895496357,0.6505968979818078,0.7753050500849026
0.4161542052104974,0.27215296273687306,0.43886429567063223,0.25004783447371304,0.45291222360291383,0.24722492527801304,0.46273528183272555,0.2457361069608383,0.39227390475065865,0.25936007496727553,0.37807134035086204,0.26253894529895594,0.36477064472649834,0.2660328974351219,0.483284587316889,0.25184175656191,0.35583985965263076,0.27913702650155037,0.4501984148036436,0.28782982194390616,0.38982373030380385,0.3000335473854922,0.6028962343082154,0.35303806396212223,0.2905666150545436,0.413485801616807,0.6773795730601331,0.5032569572600814,0.2589315398318812,0.5818632029096514,0.7117620631048966,0.6336229358963914,0.2595826641598348,0.7305343487630913,0.7319246074849861,0.6760503786192739,0.2508965886519511,0.7802368236560373,0.7079549105073856,0.680104361343164,0.2785749994576829,0.775190385598145,0.6968323628655727,0.669810802780739,0.2877037619558652,0.7579918978397413,0.26199762013392414,0.7324421895261006,0.29815497187854084,0.7408710926877976,0.30947546393273634,0.7617365098202737,0.3118058699386633,0.7844901860863593,0.3155837013869979,0.8009768835846689,0.2680274611135897,0.7825266589453592,0.280263056535613,0.8126377372706193,0.30373455801169663,0.8114599735975778,0.3165383910732644,0.8056943782822716,0.24851694834753865,0.7851999074893505,0.26347576485176716,0.817240182420933,0.2919381555323769,0.8141649922658889,0.3066224865134708,0.8064231256623695,0.24117716941909037,0.784410896452264,0.2548348392490782,0.8131045024773296,0.28030205597232405,0.811366920213495,0.2943204940974154,0.8048720053887601,0.24103405192739522,0.7824674052799895,0.2525070024787276,0.8028884375085703,0.2725963245794477,0.8043836043034742,0.2845931836930542,0.8010044344619265,0.7049804514464323,0.6367064223512852,0.6703966611703345,0.656716747137907,0.6631259147031402,0.681490172787145,0.6684870877188427,0.7040047113874373,0.6670663514529502,0.7225755142031456,0.7066330648986044,0.6882819394605186,0.7031251007901893,0.7207155354114714,0.6877250041325722,0.7350440706281555,0.6740027615227775,0.7433051861702495,0.7301056110038114,0.6841128592405046,0.7250067919154424,0.7178477363131724,0.704406189028628,0.7312268884508346,0.6866888724252244,0.7360462563450847,0.7420951677858609,0.6796470628691403,0.7412617499087205,0.7081434763983723,0.722382977797558,0.721849709382146,0.704985981659559,0.7289861314828714,0.7458978667939171,0.6760526428238305,0.7469481034220125,0.6989744162512628,0.7345320882025299,0.7110688158695717,0.7210810766246208,0.7178946046559042
0.44023165316161034,0.26945688679514035,0.46556865155429195,0.2504868034827608,0.47988793489764836,0.24951233132680348,0.48982780686163874,0.24931728975125855,0.41815677410752905,0.2537124067170079,0.403599812258873,0.25504166880123713,0.389892606054027,0.2568473767016334,0.5093559918143217,0.2580975779148375,0.37930982547336767,0.2687975569653105,0.4719752516200794,0.2894159405851794,0.41052737524440625,0.29372252281498173,0.6148783679329547,0.3738429914079571,0.2972670006967495,0.39344460592637115,0.6692296511173282,0.5323957682837245,0.2441947047513329,0.5561143533587306,0.6864294312755524,0.6656948829474632,0.22666168883497528,0.7023825039446723,0.7008489485574114,0.7108477018337078,0.2125075352249066,0.7497494811776335,0.6766260913101186,0.7117676298861118,0.2399743764963483,0.7485299207794796,0.6669369168575097,0.7001035007129096,0.2510815768651202,0.7327757596236748,0.22670698479501947,0.7059768286651458,0.2623646051455357,0.7189130060428562,0.27132254062407096,0.7412871294940688,0.2705606047569825,0.7640583256296792,0.2718225240336973,0.7808510497891555,0.22676543840358576,0.7566021843437885,0.23503790278885506,0.788334313721331,0.2586808812268062,0.7896993570251423,0.2728946644104339,0.7857203881505139,0.2072579862072985,0.757042724709916,0.21831736438843352,0.790323863868779,0.24680636062434555,0.7904823329358921,0.2633471369431273,0.7840731778896155,0.200730510168421,0.755268314844076,0.2124351200301269,0.7844465099839308,0.2376806999130733,0.7847006853665033,0.2525335255790498,0.7792576126319153,0.201125196925701,0.7533644025348134,0.21180680297453824,0.7734894672938447,0.23178081272894283,0.7762175197736896,0.24423432199390155,0.7738628267484895,0.6794201761545505,0.668438082460891,0.6424342485809287,0.6836959668693557,0.6322318310546284,0.707268939232821,0.6342390876447804,0.7303900866588746,0.6303537147833774,0.7488102162347803,0.6738837870844796,0.7194071340353911,0.6656341925401799,0.7515500948391829,0.6488283381019689,0.7636821259586501,0.6348879451393925,0.7701080053013126,0.6978468091736364,0.718532175518227,0.6869272341856221,0.7522999937400441,0.6638355712948124,0.7621481937805279,0.6460550366064032,0.7641104888098145,0.7105760831079673,0.7158628845766402,0.7050744956263135,0.745630464918166,0.6828932436882068,0.7557301251408901,0.6645425341591821,0.7593798627233442,0.7154326965245154,0.7127699279638184,0.7127911703372198,0.7365492109830063,0.6972785548547368,0.7460868842818551,0.6827274021200396,0.749963993982774
0.4511692044003364,0.2693023160965282,0.47751731122805163,0.25187486734203174,0.49190435813137534,0.25174191880976104,0.5018623745044355,0.2521396806060816,0.4300182237467252,0.2523539919876703,0.41535037721493046,0.2528555234099189,0.4015184314457609,0.2539268264362867,0.5208377935411084,0.2621058020310158,0.39026338433620733,0.2653031363797592,0.48172121449420485,0.29107045303332635,0.4201372672906829,0.29178018713997667,0.6193853187552508,0.3837836158214569,0.30111003150388305,0.38454667117357916,0.6642011344809794,0.5452160559676067,0.2387148496167637,0.5435501713516347,0.6734629388759593,0.6787195230511734,0.21372174672055244,0.687609928054118,0.6851703927022534,0.7252283918464066,0.198708618181568,0.7336052071279586,0.6610165277760698,0.724724865892282,0.22527687353287124,0.7341630887171725,0.6520666879092698,0.712483666193946,0.2366420908377575,0.7192731477375078,0.2139809679857263,0.6928299291487887,0.2477529975082285,0.7074400011265637,0.2556787356126313,0.729916998918417,0.25424426215347123,0.752552399136705,0.2539268284140975,0.769736225411932,0.2101421789595349,0.7434232715633929,0.21791837797412905,0.7750992866020546,0.2410376506847662,0.7778950867088299,0.2555878848921051,0.7745832391916637,0.19131932437654825,0.7430487244567265,0.20168004346558624,0.7762879276014603,0.2296713523211902,0.777829952754463,0.24616053457742668,0.7722463969638893,0.18512053502056436,0.7412929327203486,0.1955887419468828,0.7709430544116688,0.22028291192972158,0.7723097659476497,0.2350067780832815,0.7674484643824584,0.18564936753088135,0.7398145162210864,0.19481096896225109,0.7605438503431121,0.21410365588587946,0.7640971311480287,0.22626714053464672,0.7622179749787885,0.6664602507954794,0.6812020041806788,0.628724201428083,0.6948459962841321,0.6165155525903379,0.7179250907895645,0.6170434517191046,0.7410454912825641,0.6126158387275631,0.7591019505301577,0.6584301838039618,0.7323269100519072,0.648563626740004,0.7639282259409588,0.6311474103673291,0.7752104579567616,0.6167925586702059,0.7810269288318611,0.6821236784663962,0.7327519642567254,0.6697257090625799,0.7654127029245792,0.6465152599879959,0.7739887923697362,0.6286331128537812,0.7750488109921105,0.694728976164467,0.7307822463924958,0.687907324515487,0.7595465603519641,0.6661014210051395,0.7685117030456943,0.647874334177712,0.7713801131711301,0.6993169711773655,0.7280388196988297,0.6955753310551042,0.7514184882359577,0.6803239121841449,0.7603888097796963,0.6658144867240916,0.7638708036995165
0.4800824135411011,0.2717342040959465,0.5087941527242649,0.2586470525656922,0.5230267018018482,0.2607598082848156,0.5328034582878148,0.2627113728686704,0.46180898605462434,0.2517407482644517,0.4472156014462131,0.2499481233518127,0.4333490379178316,0.24886433035714867,0.5499788062600163,0.27555357182837037,0.42043141531329864,0.2584020851682979,0.5068677367125968,0.2979884573924113,0.44593932113302254,0.28911069744678536,0.628403558667654,0.4110212541552849,0.3137858629372998,0.3621606915399843,0.6475068173084302,0.5774319679219428,0.22771561115425212,0.5095336900755535,0.6359460692168163,0.7104803980934373,0.18132197543646839,0.6478145641683971,0.6402105532043787,0.7585318656185314,0.15990938056930049,0.6907159829697953,0.6164382188094514,0.7542759666549439,0.18524617242762942,0.695422092898878,0.6095098694042185,0.7407867126713916,0.19851595455626458,0.6825375932091724,0.1810105438098129,0.6532652070085299,0.2118252218407804,0.6729504711634912,0.21580027883845404,0.6961444561827993,0.21095384572982076,0.7183645626945032,0.20804985243446597,0.7353903477121275,0.16859816389627869,0.7022829172085712,0.1711538497937911,0.7344930530816567,0.19343950606392812,0.7410450156120507,0.20817996806336225,0.7398207573570847,0.15048765504130168,0.6986435130796761,0.15480803022041895,0.7332089494559958,0.18203894517275282,0.7395246922854914,0.1991859609115771,0.7366204572542404,0.14496820530921856,0.6957412150904592,0.1507052419339039,0.7263442337697402,0.17482335492991186,0.7324245173977728,0.19018003533171196,0.7303936466643434,0.14574632384716402,0.6942040681206342,0.15191489151828513,0.7160305190707521,0.17071151226861775,0.7233898611266623,0.183172057765214,0.723913756359462,0.6280856154663247,0.7121461807978612,0.5887998991252996,0.7196156053498576,0.5736903629030401,0.7404901305263658,0.5705214975876598,0.7635880255080061,0.5633718606315377,0.7807947332235745,0.6116154666424837,0.760944123299813,0.5971069273083376,0.7905266145772556,0.5785199585563654,0.7992324426049542,0.5636682616867421,0.8030768830576005,0.6351655805589834,0.7650938422424095,0.6186654175099838,0.7955044568784309,0.5948673358274605,0.8011565910213416,0.5770305108617474,0.8001498667072551,0.6483485382854507,0.7652332948621968,0.6378459414064077,0.7925858904875207,0.6152426556400366,0.7987087246726715,0.5966806037579544,0.7992943352783599,0.6538059203653103,0.7633251130089941,0.646960357212337,0.7858117466943235,0.6309385652253721,0.7926647670727458,0.6161219142765051,0.7940741329494678
0.4195792321280745,0.27190842012320315,0.44254863643260456,0.25032278392300905,0.4567132334772888,0.24774235587627244,0.4666093911530268,0.24645581344663617,0.3958466408692191,0.2589256625784574,0.3814049820307166,0.2619505375529907,0.36789168819360496,0.2654266589938271,0.48698884735977127,0.25311202163010155,0.3587411587203273,0.2786114317305029,0.4533784867771616,0.28813098387613634,0.3928485846057907,0.29931743224639484,0.6047846403674123,0.35608185097528344,0.29113192880109684,0.41091250589704525,0.676335133153876,0.5075338319011492,0.25724510948536883,0.5780180797275599,0.7080846687849731,0.6371179872595255,0.257727878991849,0.7237601029811478,0.7275588625262094,0.6814024911388104,0.2515212239603283,0.7712180363133571,0.7037242192089573,0.6850168524884555,0.27643287575518133,0.7676032197137592,0.6928204269365085,0.6744532369148015,0.28470303910988404,0.7512569411740215,0.25792130501594734,0.7291731127723944,0.2937155019248867,0.7372932367047428,0.3059983054068493,0.7577227167515901,0.30903359871378433,0.7803681569001224,0.3121877732024822,0.7976811023567694,0.2639366696128445,0.7791793960660163,0.27779925998915245,0.8090021179273212,0.3006160230461218,0.8080905014976774,0.3138818069607924,0.8022848789622425,0.24581102430261023,0.7818393219995254,0.26168672759330625,0.8131353169931004,0.2894992349172112,0.8100898912415095,0.3047062289156789,0.8016768817603104,0.23979926555816433,0.781028393763512,0.2549492858213124,0.808369380868484,0.2797304868331213,0.805953773032752,0.29349417876738915,0.7987284550021243,0.24009050673517618,0.7795719186964049,0.2527033840567078,0.7982469766675637,0.27267890013317553,0.7986576080475594,0.28442802963952224,0.7946806869343135,0.7011302755090905,0.6419554576127472,0.6665637409964533,0.6614970649347581,0.6589711011197179,0.6856701099395097,0.6635623653287229,0.7084569257453163,0.6618384411827459,0.7272145031930146,0.7012134219540721,0.6933273272308296,0.6968034496630297,0.7257627954598289,0.6817891535791261,0.7395483329161707,0.6688106987715805,0.7473696304573846,0.7250268330855818,0.6896875936553086,0.7190436086676731,0.7238412912825258,0.698267473967864,0.7365403978079149,0.6812724502554518,0.740940169349144,0.7377764908318276,0.6854204103989636,0.7364945892999811,0.7149440597068479,0.7167460169331397,0.7278168839331325,0.6993618471672846,0.7339500080723145,0.7425679138341821,0.681680808406853,0.743045673927569,0.7053146918639261,0.729510963513631,0.7166940212732246,0.7157849044057564,0.7222565983183635
0.4276366250292344,0.27080734858645433,0.45151655570152605,0.2502789931194134,0.4657855430351102,0.24832097320230642,0.47573265213747595,0.24748218850446704,0.4044971923764514,0.2568576186789434,0.389913749284832,0.25927784730407893,0.37622431855794813,0.2621925905903413,0.4957806808921525,0.25505479564394923,0.36650757480339596,0.27495271265443794,0.46068386989636423,0.2884641094640128,0.3997429820644958,0.2970016429654229,0.6089577860456955,0.3629418821087761,0.2931892810218878,0.4039746248367533,0.6737716627105385,0.5173825439446197,0.252223165998522,0.5693782447237835,0.6997430405266432,0.6480062061726337,0.2462534166178748,0.7150126086698069,0.7172817384928193,0.6933519950107986,0.23798035007380905,0.7621942612220318,0.6933536336406737,0.6959211158020822,0.2627184034806065,0.7596584769532535,0.6829197017767287,0.6848770151411444,0.2716547872352464,0.7437355608978459,0.24652035596540203,0.7208126245006148,0.28141273364749986,0.7302766636274755,0.2923516124217309,0.7509843091519849,0.2944050179844607,0.7736587321436368,0.29692672576035417,0.7910187849825931,0.24982228091648703,0.7704351535274607,0.26237597453126427,0.8009636695290709,0.28565010591976864,0.8007605730539831,0.29905818288648855,0.795381219720904,0.23178426859403603,0.7725149194611705,0.24628312016990456,0.8050495022012614,0.27435747011371225,0.80267973153882,0.2893571324823303,0.7946890207218154,0.22589362683849118,0.7715855646418611,0.23988042591232475,0.7998151324192169,0.2650014399547016,0.7981740630857905,0.278695201108752,0.7915338259955418,0.2266220177431457,0.7701294823617748,0.23831905638340176,0.7898010135716054,0.2584197892770024,0.7909821890724551,0.2700129484047633,0.7874328354567364,0.6928162146937706,0.6527612447201905,0.6576671435883166,0.6710296153207862,0.6486551156885683,0.6948615478394817,0.6520270577842926,0.7178688720579945,0.6499392579668973,0.7364883286284413,0.6904014971963237,0.7043544603192097,0.6849158148390099,0.7365769206561644,0.6694962544528154,0.7496731233102871,0.6562643031384842,0.7568812846251116,0.7141630488053339,0.7015921559272549,0.7069776500391802,0.7353056623021643,0.6858097448255087,0.7470569017642559,0.6687229704716577,0.7507242065572163,0.7270820458870797,0.6977128159022995,0.7250722612924466,0.7269563786546475,0.7049382521853984,0.7388613839733503,0.6873751208497874,0.7441476845015708,0.7321271765346136,0.6940642723630706,0.7319106283475634,0.7176680456449899,0.7179616805174167,0.7283488658685722,0.704013294601325,0.7332590223433411
0.46090613073899,0.269824793317067,0.48799154327173305,0.25393128662329517,0.5023668995631984,0.25457470701067264,0.5122961145694226,0.2555588866336611,0.44060177102221243,0.25201046926031645,0.42579602041949394,0.2517982270428998,0.41176694703285616,0.2522255270169713,0.5306585543865783,0.2666817170558571,0.3999191184737584,0.26306553264712,0.4902180979644213,0.2930448045670243,0.4288324926719337,0.2905830326930038,0.6228339628867668,0.3927045124381183,0.30465111618648466,0.3768361526939833,0.6591112111545159,0.5560072867850584,0.23504067955182079,0.5323421635303901,0.6613121392995428,0.6892809182727992,0.20334352109831294,0.6750562007286737,0.6704849615235878,0.7371332639125234,0.18656061163433607,0.7202129696225985,0.646433192664652,0.7354000400416485,0.21116966240501656,0.7219849988417109,0.6381244080119406,0.7226464511405389,0.2228768998582335,0.7078527975020436,0.20265447144499887,0.6801720014965333,0.2358982272005332,0.6955828606512033,0.24273988160780757,0.71835496597244,0.24060076941005373,0.7413725242084681,0.23971032803480388,0.7589040066052729,0.1969656320205893,0.7297558128296218,0.20269638512659574,0.7617833064392767,0.22546740791189054,0.7658439134845388,0.2397014238426734,0.7630415865761184,0.17844164371681326,0.7286370633131758,0.1864371769967817,0.7631651498394831,0.21464849163124505,0.7659179378032854,0.230987146755357,0.7607662123988437,0.17255343405758605,0.7267723018222396,0.18162374128248132,0.7572370306557685,0.20675737064070676,0.7598413863753248,0.22131629100402764,0.7553963398386854,0.17361354452698669,0.725306975132656,0.18206139508655494,0.7470410374392956,0.20176178956464375,0.751478938818742,0.21367197547227204,0.7495841284264754,0.6526911406177087,0.6922563381960054,0.6150596736617086,0.7038999611115548,0.6025825774956035,0.7260843516836017,0.6018236082915346,0.7494899501937536,0.5967055836096768,0.7674816054584306,0.6421181503128826,0.7427389138653122,0.6311759307539075,0.7734520534368086,0.6137478583883175,0.7839161456195353,0.5994814530785855,0.7893015559540905,0.6659820308756598,0.74403086796514,0.6533044198009923,0.7760763968573137,0.6304273550383723,0.784307161320223,0.6128962546771766,0.7853159689894271,0.6792009709269324,0.7422634163656209,0.6728543569489598,0.770723056084227,0.6510333235440103,0.7791922077105689,0.6327183817434581,0.7816406039909143,0.6845408469642622,0.7392412392733844,0.6810209233646354,0.7625197546886614,0.6659044000055352,0.7707972450940861,0.6513619783439104,0.7734704968316455
0.4113177640968451,0.27365609862709256,0.433191353841744,0.2511996257234361,0.4472217419231019,0.24801933532039577,0.45705801405190677,0.2463533979935964,0.3870063544435923,0.26191382413423325,0.37266424818215316,0.26565397957506504,0.3592514248418409,0.26979680376603943,0.47768689695901334,0.25224382116272914,0.35064456244318376,0.28338738945384045,0.4457039507249004,0.2882358388343764,0.38590879209803886,0.30214220770468425,0.599979269879833,0.3491419319707665,0.28880888484215356,0.4182919751763875,0.6782494911599486,0.4969108604897012,0.2631403157265466,0.5869627685749752,0.7157070266251664,0.625033697735671,0.27067558161114336,0.7341962187847462,0.7372352841151663,0.6687066803621774,0.26634606547600687,0.7823276974896018,0.7135329790177595,0.673401253157544,0.29040718645543373,0.7773395839086452,0.7021222227693502,0.6632851306623934,0.29801973839054074,0.7606986430485179,0.27054272920238526,0.7379114223786455,0.30707341443061276,0.7441086704073657,0.31959183894289295,0.7643660578899003,0.3237644217792678,0.7871929579412158,0.32776578818021823,0.8041186213337796,0.27868562610780395,0.787021160271852,0.2936248775016874,0.8163561466711189,0.3165518818762634,0.813981914977639,0.32900125269970737,0.8076035656188716,0.260182699895458,0.7909651519789038,0.27772403302549853,0.8221793210278616,0.30556502987942824,0.8173725425808769,0.31983013638884933,0.8081554837795512,0.2536035497610224,0.7908211067007886,0.27062498207273705,0.818060754279234,0.29551449822062326,0.8140241447334722,0.3084099700571278,0.8058835419150749,0.2539024910353651,0.789181660975913,0.2683041850061368,0.8077423262430439,0.2883384148265782,0.8070159490861759,0.2992121086667806,0.8022569883727768,0.7080649561581736,0.630016616108261,0.67498984854996,0.6513577404107704,0.6688027471402003,0.6761732871974016,0.6744896660815769,0.6987240196429065,0.6741218151941409,0.7172022981142478,0.7106120262743361,0.6816154630654516,0.7091177955797812,0.7137876408661676,0.6953943291652843,0.7282830103778426,0.6831495537060024,0.7369635866391863,0.7341902161649708,0.6765074143833381,0.7309463178440945,0.7105428977499073,0.7114007011434414,0.7244488940472629,0.6947259968841686,0.7299903772617253,0.74676378836102,0.6713134282952982,0.7480957519212855,0.7004631741149447,0.7294829675473049,0.7144631239252441,0.7124546470953281,0.7217779731777603,0.7514656560518771,0.6669798656817123,0.7537814143474886,0.6904528332557708,0.7412584663559355,0.7025322719361968,0.7279391584962884,0.7090086226263876
0.4212395704354842,0.27186680220636467,0.4442675093015127,0.25066267254867536,0.45844825559734514,0.24825186071613758,0.46836073795973987,0.247131163622438,0.39758863946595235,0.2588744485757705,0.3830588673715397,0.2618600644678316,0.3694390898648079,0.26528527906718,0.48860717295696715,0.25416009892167524,0.36006715694242886,0.2783831689480626,0.4547650236674667,0.2882507809316505,0.39436348773802804,0.2989029942106443,0.6055012356986741,0.3573951603999388,0.29089420958063644,0.40968041662911003,0.6756196392861868,0.5091958852688473,0.256191901193343,0.5766556799457115,0.7061173917066378,0.6392626293599502,0.2558653517753011,0.7242094342026001,0.7252642089065735,0.6839798897173055,0.2488078116156806,0.772166714939267,0.7012978208514598,0.6873599322140918,0.2730480302922782,0.7685737392225889,0.6904278656726642,0.6766395869523911,0.2815721129205309,0.752286829475713,0.2559583298285869,0.7274442504543865,0.2913230211337541,0.7359281331014308,0.3028813052400492,0.7565623632156786,0.30607112885226095,0.7793915582315054,0.30930435838099574,0.7967146891315406,0.26100852033959987,0.7772893139525652,0.27433644562598364,0.8069769767775301,0.2967953204635105,0.8062162986362256,0.30996361950877,0.8007160741049799,0.24216762911485237,0.7802414138121033,0.25807874295882044,0.8119357835106809,0.28563871326208745,0.8089466803694936,0.30096076386148063,0.8006912046956934,0.23548166818339644,0.7797580035147006,0.25105786520597895,0.8072869682817432,0.27582560661716415,0.8048948769201043,0.2899764700350923,0.7977131913901696,0.23579221794894395,0.7781149694742977,0.2488789926273292,0.7969791792649774,0.26879492325715626,0.7976382766790804,0.2808512298393608,0.7938236605912281,0.6982803918637958,0.6437532938033486,0.6639415145112879,0.6633472751385585,0.6565177573640029,0.6877217328492877,0.660749579793714,0.7104498151373394,0.6592083382096325,0.728954392069388,0.6982697268126467,0.6951013102056146,0.6949278887865233,0.7271122876996441,0.6803315116396579,0.7411145136135884,0.6675277500858654,0.7494498490990584,0.7218299609865032,0.6915033741407254,0.7166496694806288,0.7252753970046337,0.6960742665787953,0.7379705906179179,0.6789333505939378,0.7424438114312125,0.7344591522898154,0.6872985031266252,0.7339871323042213,0.7162434618214355,0.7146082837261503,0.7289884926745195,0.6972037037195116,0.7351944524427096,0.7389333401117741,0.683678151848593,0.7397703838650578,0.7070420388737231,0.7263816044957863,0.7184437979775574,0.7124687527986373,0.7242688529363526
0.481531255858411,0.2723330556449545,0.5101077591398517,0.2596243456095024,0.5243190955976303,0.26187815704376183,0.5340653214789693,0.2639892478701008,0.4632680311875035,0.2524805970541933,0.44852805904404175,0.2506665864833695,0.43450154056942464,0.24955698701336912,0.5509781834476927,0.2771357859298963,0.4214158125408816,0.2589903131364455,0.5080507156063258,0.29857491390936275,0.44743206670863567,0.28935180538542454,0.6287995393503858,0.412229720316884,0.31389557536689044,0.3612320740307921,0.6465287679868813,0.5784996159899697,0.2275273234912366,0.5082738289825555,0.6339177269450404,0.7115251265974354,0.18016599395000815,0.6478324434710707,0.637798214471352,0.7600256098724552,0.1580326289709696,0.6910061623954744,0.6139494672322454,0.7555536598614347,0.1821291368192821,0.6954376947926265,0.6070656270990891,0.7419117410186324,0.19544915286288267,0.6827013188443325,0.1788214897685339,0.650904190556603,0.2100264137920833,0.6707286580533425,0.21396149145300894,0.694082349068168,0.2096546717161258,0.7166387715309105,0.20819927757715853,0.7340663493317238,0.16753711221160694,0.7002153683944322,0.1705247605957917,0.7324756537369355,0.19263929154482834,0.7386923222254882,0.20650756576263024,0.7375601577133071,0.14906361690907005,0.6963915484027077,0.15358100533372404,0.7313786166902011,0.18108539994223394,0.7373668119681265,0.19788613268613192,0.7342544846569737,0.14339325554968746,0.6931581410248723,0.14941992627373568,0.7239427087358784,0.1739757694454081,0.7296608289036115,0.18895849279499388,0.7272797938449185,0.1443697849004008,0.6913035222098567,0.15099180966539882,0.7132676204746271,0.16998903900177148,0.7202350443687942,0.18186567812713544,0.7202719435273599,0.6246837855232961,0.7130111814677214,0.5857817517132349,0.7205976261983698,0.5714479679076975,0.7414297142900903,0.5684297543788478,0.7644229650625799,0.5608907962016753,0.7815434677631585,0.6093244287216864,0.7620280518010698,0.5945497531984005,0.791084998543605,0.5759255167292554,0.7995194314220255,0.561172691493122,0.8029778751065655,0.6325297042046344,0.7662706427833765,0.6155309892372922,0.796413544313805,0.5917650848470821,0.801452993626564,0.5743893154837647,0.7999639123012574,0.645495682553201,0.7663242161346079,0.6351452256692223,0.7934916462073373,0.6124863254357716,0.7990441402237569,0.5942345820563493,0.7991568151295463,0.6507666443655018,0.7642057155727402,0.6441080698200552,0.7865054052947626,0.6278087007235706,0.7928610892641295,0.6130790650554896,0.7937991732514926
0.468968357369982,0.2706640550876357,0.49660802624197176,0.25604177006312834,0.5109434033111756,0.25732632442389725,0.5208102929170632,0.25877687288310813,0.4493910752118527,0.2521040036403963,0.4345414867976135,0.2513048731833501,0.4204519714877036,0.2511478111671702,0.5385385496527539,0.2707523834264504,0.4080226312737442,0.26143878267657766,0.4972186254573696,0.29500223967718575,0.43612745179173895,0.28992995873402705,0.6254560421499228,0.40012190182799773,0.30766860713744426,0.37069313566579193,0.6542433400636177,0.5648170848132955,0.2313148778046506,0.5230636125791955,0.650841418250848,0.6984573969002077,0.19390662135445202,0.665256826993194,0.6580539922331434,0.7465849514542924,0.17471939904769834,0.7102707922867197,0.6339199811365832,0.7437150932738275,0.19932530157693817,0.7129927803961641,0.6260948696711666,0.7305677464118184,0.2118001126585349,0.699479420034819,0.19165572521187607,0.6682645802123719,0.2247340484706456,0.6858477183851394,0.23135030253806654,0.7088900094322885,0.2290215943370133,0.731766191286952,0.2286817464695764,0.7494676969187836,0.18567825554128664,0.7192589181794911,0.19087996382085937,0.7510460315684526,0.21312320943747914,0.7558593268582743,0.22717213338781664,0.7539504741819784,0.166837407816672,0.7166527352160956,0.17411921037535233,0.750626969515476,0.2015029212845184,0.7552425270476918,0.2184128203097036,0.7513667163440219,0.16098156051439422,0.7136958297034792,0.16892153232981721,0.7438462683537501,0.19329972076650692,0.7484278570971149,0.20860075317110618,0.7454356787255179,0.16167453204053056,0.7117835793410452,0.1691180598937259,0.7333073116784976,0.18841488834587639,0.7394972004113438,0.20121027189050106,0.7392547976494891,0.641585468090676,0.7004099293915127,0.6030875850051567,0.7109128900384567,0.5904086542460844,0.7327766962802081,0.5892754633901326,0.7557835168720599,0.5826513656071804,0.7731166408635859,0.6300510523936727,0.7506023639025019,0.6172437284798213,0.7805012104137088,0.5993683119256135,0.7901201679463821,0.5851335833404567,0.7947695289930294,0.6534771351744455,0.7531685852174208,0.6381778370178923,0.7845430750257509,0.6145855423041588,0.7912407000115396,0.5971144037221555,0.791243552623233,0.6663103832712585,0.752291890342998,0.6570445200455686,0.7805251221486544,0.6343306832142892,0.7875698980816123,0.615972615114026,0.7889263414256922,0.6712901279392746,0.7497473698760486,0.6655704817265659,0.7728367182387034,0.6492079525677641,0.7802049465426328,0.6343378784743269,0.7820386052128823
0.43935178356156923,0.2700956417410542,0.4642751015808616,0.25127186681143343,0.4786644627056989,0.25025994403914015,0.48863941459835425,0.25013235038065795,0.4170756682022266,0.25486518144690107,0.4022662769688711,0.2564563218828023,0.3883120491602863,0.25853116896949974,0.5079376523951092,0.2591370422067676,0.37765362583338025,0.270598740892766,0.47109890845774816,0.28957528631339213,0.4100082584453058,0.2942668356629437,0.6144235315813014,0.3728878285960875,0.29585709659659687,0.39427940987902577,0.6684882998956846,0.5310737491823728,0.24467668745881255,0.5567365718668552,0.6866456201211039,0.6636538065469733,0.23034759135289756,0.7027396292618975,0.7015236676946464,0.7100015333354674,0.2186269617721342,0.7506076143219857,0.677189776682755,0.7109564709684133,0.24351172196031445,0.7493901207933108,0.6673508456460548,0.699204941824082,0.25373868300772257,0.7339880322828662,0.22999268430721323,0.7069962568282702,0.26578439563153955,0.719107102731636,0.2754349210644461,0.740716624749602,0.27592137085077695,0.7635666115896432,0.2777859939549165,0.7807245720047722,0.2310386900182475,0.7572386653994614,0.24166932786562634,0.7881824924382195,0.26449400895429487,0.7892351931413657,0.27836362650906016,0.7853611636028521,0.21160105433697285,0.7582175585803199,0.22465056714786327,0.7912477441188958,0.2525784257479572,0.7911412109457375,0.26883910922603826,0.7846456282735337,0.20503468393875582,0.7566812328709414,0.21785374838942928,0.7858337077816557,0.24269338908213225,0.7863822126230147,0.257563759742617,0.7811026741411905,0.2058055772075734,0.7548777243955538,0.2166643796820211,0.7752730476297933,0.23656668656829488,0.7783000278156005,0.24912523607690465,0.776127591361268,0.6775916464210678,0.6668893272847155,0.641527642580902,0.6836709128779548,0.6325479011916286,0.7073227021633828,0.6350519364014526,0.7300404920129595,0.6313096058194629,0.747959286969569,0.6744925233397137,0.7187149190524083,0.6666217867083034,0.7498493315521191,0.650431590155293,0.7621584177044358,0.6369738277816215,0.7690456007308863,0.6979750739065398,0.7172083032903478,0.6883007548312627,0.7501161364252202,0.6664435497907633,0.7609597906074201,0.6490490128818879,0.7640610026945369,0.7105544970324673,0.7139007918476621,0.7066972876572568,0.7425893940482076,0.6861354576709111,0.7538318067765903,0.6682465942365727,0.7588132151494369,0.7151531831797445,0.71024510507228,0.7136416090468481,0.733559079564177,0.6995454085580478,0.7439084855493,0.6853888086114112,0.7487760988764245
